Confirmed,Deaths,date_day,New,DayElapsed,New_death,DayElapsed_death,Recovered,New_recover
0,0,2020-01-21,0,0,0,0,0,0
0,0,2020-01-22,0,0,0,0,0,0
0,0,2020-01-23,0,0,0,0,0,0
0,0,2020-01-24,0,0,0,0,0,0
0,0,2020-01-25,0,0,0,0,0,0
0,0,2020-01-26,0,0,0,0,0,0
0,0,2020-01-27,0,0,0,0,0,0
0,0,2020-01-28,0,0,0,0,0,0
0,0,2020-01-29,0,0,0,0,0,0
0,0,2020-01-30,0,0,0,0,0,0
0,0,2020-01-31,0,0,0,0,0,0
0,0,2020-02-01,0,0,0,0,0,0
0,0,2020-02-02,0,0,0,0,0,0
0,0,2020-02-03,0,0,0,0,0,0
0,0,2020-02-04,0,0,0,0,0,0
0,0,2020-02-05,0,0,0,0,0,0
0,0,2020-02-06,0,0,0,0,0,0
0,0,2020-02-07,0,0,0,0,0,0
0,0,2020-02-08,0,0,0,0,0,0
0,0,2020-02-09,0,0,0,0,0,0
0,0,2020-02-10,0,0,0,0,0,0
0,0,2020-02-11,0,0,0,0,0,0
0,0,2020-02-12,0,0,0,0,0,0
0,0,2020-02-13,0,0,0,0,0,0
0,0,2020-02-14,0,0,0,0,0,0
0,0,2020-02-15,0,0,0,0,0,0
0,0,2020-02-16,0,0,0,0,0,0
0,0,2020-02-17,0,0,0,0,0,0
0,0,2020-02-18,0,0,0,0,0,0
0,0,2020-02-19,0,0,0,0,0,0
0,0,2020-02-20,0,0,0,0,0,0
0,0,2020-02-21,0,0,0,0,0,0
0,0,2020-02-22,0,0,0,0,0,0
0,0,2020-02-23,0,0,0,0,0,0
0,0,2020-02-24,0,0,0,0,0,0
0,0,2020-02-25,0,0,0,0,0,0
0,0,2020-02-26,0,0,0,0,0,0
0,0,2020-02-27,0,0,0,0,0,0
0,0,2020-02-28,0,0,0,0,0,0
0,0,2020-02-29,0,0,0,0,0,0
0,0,2020-03-01,0,0,0,0,0,0
0,0,2020-03-02,0,0,0,0,0,0
0,0,2020-03-03,0,0,0,0,0,0
0,0,2020-03-04,0,0,0,0,0,0
0,0,2020-03-05,0,0,0,0,0,0
0,0,2020-03-06,0,0,0,0,0,0
0,0,2020-03-07,0,0,0,0,0,0
0,0,2020-03-08,0,0,0,0,0,0
0,0,2020-03-09,0,0,0,0,0,0
0,0,2020-03-10,0,0,0,0,0,0
0,0,2020-03-11,0,0,0,0,0,0
0,0,2020-03-12,0,0,0,0,0,0
0,0,2020-03-13,0,0,0,0,0,0
0,0,2020-03-14,0,0,0,0,0,0
0,0,2020-03-15,0,0,0,0,0,0
0,0,2020-03-16,0,0,0,0,0,0
0,0,2020-03-17,0,0,0,0,0,0
0,0,2020-03-18,0,0,0,0,0,0
3,0,2020-03-19,3,0,0,0,0,0
7,0,2020-03-20,4,0,0,0,0,0
9,0,2020-03-21,2,0,0,0,0,0
11,0,2020-03-22,2,0,0,0,0,0
11,0,2020-03-23,0,0,0,0,0,0
17,0,2020-03-24,6,0,0,0,0,0
23,0,2020-03-25,6,0,0,0,0,0
24,0,2020-03-26,1,0,0,0,0,0
25,0,2020-03-27,1,0,0,0,0,0
25,0,2020-03-28,0,0,0,0,0,0
34,0,2020-03-29,9,0,0,0,0,0
42,0,2020-03-30,8,0,0,0,0,0
42,0,2020-03-31,0,0,0,0,0,0
43,0,2020-04-01,1,0,0,0,0,0
43,0,2020-04-02,0,0,0,0,0,0
46,0,2020-04-03,3,0,0,0,0,0
46,0,2020-04-04,0,0,0,0,0,0
48,0,2020-04-05,2,0,0,0,0,0
50,0,2020-04-06,2,0,0,0,0,0
50,1,2020-04-07,0,0,1,0,0,0
54,2,2020-04-08,4,0,1,0,0,0
62,2,2020-04-09,8,0,0,0,0,0
70,2,2020-04-10,8,0,0,0,0,0
72,2,2020-04-11,2,0,0,0,0,0
77,2,2020-04-12,5,0,0,0,0,0
90,3,2020-04-13,13,0,1,1,0,0
99,3,2020-04-14,9,0,0,2,0,0
101,3,2020-04-15,2,1,0,3,0,0
110,5,2020-04-16,9,2,2,4,0,0
135,5,2020-04-17,25,3,0,5,0,0
142,5,2020-04-18,7,4,0,6,0,0
163,6,2020-04-19,21,5,1,7,0,0
176,8,2020-04-20,13,6,2,8,0,0
195,8,2020-04-21,19,7,0,9,0,0
214,8,2020-04-22,19,8,0,10,0,0
227,10,2020-04-23,13,9,2,11,0,0
234,11,2020-04-24,7,10,1,12,0,0
258,11,2020-04-25,24,11,0,13,0,0
279,11,2020-04-26,21,12,0,14,0,0
279,14,2020-04-27,0,13,3,15,0,0
311,16,2020-04-28,32,14,2,16,0,0
354,17,2020-04-29,43,15,1,17,0,0
404,19,2020-04-30,50,16,2,18,0,0
486,19,2020-05-01,82,17,0,19,0,0
553,21,2020-05-02,67,18,2,20,0,0
657,24,2020-05-03,104,19,3,21,0,0
733,28,2020-05-04,76,20,4,22,0,0
817,29,2020-05-05,84,21,1,23,0,0
943,33,2020-05-06,126,22,4,24,0,0
1014,36,2020-05-07,71,23,3,25,0,0
1177,38,2020-05-08,163,24,2,26,0,0
1335,39,2020-05-09,158,25,1,27,0,0
1447,41,2020-05-10,112,26,2,28,0,0
1460,45,2020-05-11,13,27,4,29,0,0
1590,51,2020-05-12,130,28,6,30,0,0
1694,51,2020-05-13,104,29,0,31,0,0
1740,55,2020-05-14,46,30,4,32,0,0
1785,55,2020-05-15,45,31,0,33,0,0
1867,57,2020-05-16,82,32,2,34,0,0
1996,60,2020-05-17,129,33,3,35,0,0
2234,67,2020-05-18,238,34,7,36,0,0
2482,73,2020-05-19,248,35,6,37,0,0
2817,73,2020-05-20,335,36,0,38,0,0
3103,78,2020-05-21,286,37,5,39,0,0
3343,80,2020-05-22,240,38,2,40,0,0
3867,87,2020-05-23,524,39,7,41,0,0
4160,92,2020-05-24,293,40,5,42,0,0
4501,97,2020-05-25,341,41,5,43,0,0
4781,105,2020-05-26,280,42,8,44,0,0
5251,113,2020-05-27,470,43,8,45,0,0
5600,122,2020-05-28,349,44,9,46,0,0
5841,135,2020-05-29,241,45,13,47,0,0
6072,142,2020-05-30,231,46,7,48,0,0
6219,148,2020-05-31,147,47,6,49,0,0
6326,161,2020-06-01,107,48,13,50,0,0
6465,165,2020-06-02,139,49,4,51,0,0
6679,171,2020-06-03,214,50,6,52,0,0
7021,181,2020-06-04,342,51,10,53,0,0
7284,190,2020-06-05,263,52,9,54,0,0
7525,201,2020-06-06,241,53,11,55,0,0
7983,207,2020-06-07,458,54,6,56,0,0
8128,211,2020-06-08,145,55,4,57,0,0
8457,223,2020-06-09,329,56,12,58,0,0
8746,237,2020-06-10,289,57,14,59,0,0
9091,245,2020-06-11,345,58,8,60,0,0
9295,254,2020-06-12,204,59,9,61,0,0
9534,256,2020-06-13,239,60,2,62,0,0
9642,259,2020-06-14,108,61,3,63,0,0
9771,265,2020-06-15,129,62,6,64,0,0
10003,271,2020-06-16,232,63,6,65,0,0
10339,281,2020-06-17,336,64,10,66,0,0
10664,287,2020-06-18,325,65,6,67,0,0
10987,292,2020-06-19,323,66,5,68,0,0
11263,297,2020-06-20,276,67,5,69,0,0
11381,300,2020-06-21,118,68,3,70,0,0
11539,305,2020-06-22,158,69,5,71,0,0
11810,321,2020-06-23,271,70,16,72,0,0
12022,326,2020-06-24,212,71,5,73,0,0
12304,335,2020-06-25,282,72,9,74,0,0
12644,343,2020-06-26,340,73,8,75,0,0
12913,351,2020-06-27,269,74,8,76,0,0
13058,353,2020-06-28,145,75,2,77,0,0
13146,361,2020-06-29,88,76,8,78,0,0
13253,365,2020-06-30,107,77,4,79,0,0
13715,370,2020-07-01,462,78,5,80,0,0
14048,378,2020-07-02,333,79,8,81,0,0
14112,387,2020-07-03,64,80,9,82,0,0
14487,391,2020-07-04,375,81,4,83,0,0
14622,391,2020-07-05,135,82,0,84,0,0
14688,394,2020-07-06,66,83,3,85,0,0
14941,399,2020-07-07,253,84,5,86,0,0
15167,404,2020-07-08,226,85,5,87,0,0
15465,411,2020-07-09,298,86,7,88,0,0
15768,417,2020-07-10,303,87,6,89,0,0
16080,419,2020-07-11,312,88,2,90,0,0
16190,426,2020-07-12,110,89,7,91,0,0
16260,430,2020-07-13,70,90,4,92,0,0
16479,436,2020-07-14,219,91,6,93,0,0
16672,446,2020-07-15,193,92,10,94,0,0
16865,447,2020-07-16,193,93,1,95,0,0
16965,452,2020-07-17,100,94,5,96,0,0
17202,457,2020-07-18,237,95,5,97,0,0
17295,460,2020-07-19,93,96,3,98,0,0
17462,465,2020-07-20,167,97,5,99,0,0
17700,469,2020-07-21,238,98,4,100,0,0
17979,470,2020-07-22,279,99,1,101,0,0
18157,474,2020-07-23,178,100,4,102,0,0
18393,480,2020-07-24,236,101,6,103,0,0
18657,483,2020-07-25,264,102,3,104,0,0
18745,486,2020-07-26,88,103,3,105,0,0
18783,493,2020-07-27,38,104,7,106,0,0
19132,500,2020-07-28,349,105,7,107,0,0
19366,510,2020-07-29,234,106,10,108,0,0
19573,521,2020-07-30,207,107,11,109,0,0
19625,531,2020-07-31,52,108,10,110,0,0
19930,535,2020-08-01,305,109,4,111,0,0
19966,537,2020-08-02,36,110,2,112,0,0
20339,539,2020-08-03,373,111,2,113,0,0
20710,545,2020-08-04,371,112,6,114,0,0
21033,547,2020-08-05,323,113,2,115,0,0
21033,547,2020-08-06,0,114,0,116,0,0
