Confirmed,Recovered,Deaths,Date_last_updated_AEDT,date_day,New,DayElapsed,New_death,DayElapsed_death,New_recover
36896,25840,1298,2020-08-06 22:00:00,2020-08-06,67,132,4,133,98
36829,25742,1294,2020-08-05 22:00:00,2020-08-05,82,131,6,132,73
36747,25669,1288,2020-08-04 22:00:00,2020-08-04,37,130,4,131,159
36710,25510,1284,2020-08-03 22:00:00,2020-08-03,0,129,1,130,1
36710,25509,1283,2020-08-02 22:00:00,2020-08-02,0,128,0,129,0
36710,25509,1283,2020-08-01 22:00:00,2020-08-01,35,127,11,128,0
36675,25509,1272,2020-07-31 22:00:00,2020-07-31,133,126,1,127,38
36542,25471,1271,2020-07-30 22:00:00,2020-07-30,71,125,0,126,82
36471,25389,1271,2020-07-29 22:00:00,2020-07-29,103,124,1,125,31
36368,25358,1270,2020-07-28 22:00:00,2020-07-28,105,123,1,124,160
36263,25198,1269,2020-07-27 22:00:00,2020-07-27,106,122,10,123,18
36157,25180,1259,2020-07-26 22:00:00,2020-07-26,121,121,11,122,387
36036,24793,1248,2020-07-25 22:00:00,2020-07-25,55,120,23,121,191
35981,24602,1225,2020-07-24 22:00:00,2020-07-24,66,119,14,120,64
35915,24538,1211,2020-07-23 22:00:00,2020-07-23,188,118,21,119,614
35727,23924,1190,2020-07-22 22:00:00,2020-07-22,112,117,4,118,183
35615,23741,1186,2020-07-21 22:00:00,2020-07-21,89,116,1,117,0
35526,23741,1185,2020-07-20 22:00:00,2020-07-20,51,115,4,116,107
35475,23634,1181,2020-07-19 22:00:00,2020-07-19,186,114,34,115,391
35289,23243,1147,2020-07-18 22:00:00,2020-07-18,60,113,0,114,92
35229,23151,1147,2020-07-17 22:00:00,2020-07-17,159,112,34,113,327
35070,22824,1113,2020-07-16 22:00:00,2020-07-16,76,111,19,112,368
34994,22456,1094,2020-07-15 22:00:00,2020-07-15,254,110,46,111,1002
34740,21454,1048,2020-07-14 22:00:00,2020-07-14,285,109,36,110,200
34455,21254,1012,2020-07-13 22:00:00,2020-07-13,4,108,2,109,38
34451,21216,1010,2020-07-12 22:00:00,2020-07-12,85,107,16,108,81
34366,21135,994,2020-07-11 22:00:00,2020-07-11,172,106,23,107,253
34194,20882,971,2020-07-10 22:00:00,2020-07-10,286,105,14,106,35
33908,20847,957,2020-07-09 22:00:00,2020-07-09,314,104,21,105,542
33594,20305,936,2020-07-08 22:00:00,2020-07-08,210,103,16,104,126
33384,20179,920,2020-07-07 22:00:00,2020-07-07,194,102,22,103,76
33190,20103,898,2020-07-06 22:00:00,2020-07-06,239,101,34,102,737
32951,19366,864,2020-07-05 22:00:00,2020-07-05,279,100,38,101,202
32672,19164,826,2020-07-04 22:00:00,2020-07-04,348,99,7,100,1833
32324,17331,819,2020-07-03 22:00:00,2020-07-03,302,98,12,99,1290
32022,16041,807,2020-07-02 22:00:00,2020-07-02,186,97,33,98,390
31836,15651,774,2020-07-01 22:00:00,2020-07-01,477,96,39,97,1717
31359,13934,735,2020-06-30 22:00:00,2020-06-30,121,95,2,96,0
31238,13934,733,2020-06-29 22:00:00,2020-06-29,271,94,-4,95,1346
30967,12588,737,2020-06-28 22:00:00,2020-06-28,351,93,34,94,1914
30616,10674,703,2020-06-27 22:00:00,2020-06-27,165,92,20,93,368
30451,10306,683,2020-06-26 22:00:00,2020-06-26,276,91,8,92,132
30175,10174,675,2020-06-25 22:00:00,2020-06-25,535,90,36,91,305
29640,9869,639,2020-06-24 22:00:00,2020-06-24,159,89,21,90,609
29481,9260,618,2020-06-23 22:00:00,2020-06-23,338,88,20,89,419
29143,8841,598,2020-06-22 22:00:00,2020-06-22,310,87,17,88,77
28833,8764,581,2020-06-21 22:00:00,2020-06-21,409,86,12,87,472
28424,8292,569,2020-06-20 22:00:00,2020-06-20,546,85,21,86,330
27878,7962,548,2020-06-19 22:00:00,2020-06-19,346,84,2,85,302
27532,7660,546,2020-06-18 22:00:00,2020-06-18,658,83,42,84,1502
26874,6158,504,2020-06-17 22:00:00,2020-06-17,564,82,13,83,650
26310,5508,491,2020-06-16 22:00:00,2020-06-16,783,81,15,82,344
25527,5164,476,2020-06-15 22:00:00,2020-06-15,761,80,5,81,439
24766,4725,471,2020-06-14 22:00:00,2020-06-14,664,79,20,80,524
24102,4201,451,2020-06-13 22:00:00,2020-06-13,556,78,5,79,273
23546,3928,446,2020-06-12 22:00:00,2020-06-12,656,77,20,78,602
22890,3326,426,2020-06-11 22:00:00,2020-06-11,748,76,21,77,313
22142,3013,405,2020-06-10 22:00:00,2020-06-10,683,75,21,76,362
21459,2651,384,2020-06-09 22:00:00,2020-06-09,542,74,15,75,480
20917,2171,369,2020-06-08 22:00:00,2020-06-08,575,73,12,74,296
20342,1875,357,2020-06-07 22:00:00,2020-06-07,791,72,37,73,55
19551,1820,320,2020-06-06 22:00:00,2020-06-06,582,71,11,72,58
18969,1762,309,2020-06-05 22:00:00,2020-06-05,915,70,9,71,177
18054,1585,300,2020-06-04 22:00:00,2020-06-04,787,69,6,70,63
17267,1522,294,2020-06-03 22:00:00,2020-06-03,775,68,24,69,72
16492,1450,270,2020-06-02 22:00:00,2020-06-02,742,67,5,68,22
15750,1428,265,2020-06-01 22:00:00,2020-06-01,545,66,8,67,100
15205,1328,257,2020-05-31 22:00:00,2020-05-31,680,65,8,66,25
14525,1303,249,2020-05-30 22:00:00,2020-05-30,866,64,3,65,44
13659,1259,246,2020-05-29 22:00:00,2020-05-29,623,63,11,64,50
13036,1209,235,2020-05-28 22:00:00,2020-05-28,580,62,8,63,71
12456,1138,227,2020-05-27 22:00:00,2020-05-27,625,61,7,62,10
11831,1128,220,2020-05-26 22:00:00,2020-05-26,658,60,1,61,31
11173,1097,219,2020-05-25 22:00:00,2020-05-25,591,59,1,60,22
10582,1075,218,2020-05-24 22:00:00,2020-05-24,584,58,2,59,35
9998,1040,216,2020-05-23 22:00:00,2020-05-23,782,57,11,58,44
9216,996,205,2020-05-22 22:00:00,2020-05-22,540,56,12,57,58
8676,938,193,2020-05-21 22:00:00,2020-05-21,531,55,6,56,8
8145,930,187,2020-05-20 22:00:00,2020-05-20,492,54,9,55,80
7653,850,178,2020-05-19 22:00:00,2020-05-19,581,53,5,54,49
7072,801,173,2020-05-18 22:00:00,2020-05-18,408,52,4,53,23
6664,778,169,2020-05-17 22:00:00,2020-05-17,262,51,1,52,33
6402,745,168,2020-05-16 22:00:00,2020-05-16,349,50,15,51,0
6053,745,153,2020-05-15 22:00:00,2020-05-15,414,49,17,50,54
5639,691,136,2020-05-14 22:00:00,2020-05-14,413,48,4,49,43
5226,648,132,2020-05-13 22:00:00,2020-05-13,263,47,5,48,38
4963,610,127,2020-05-12 22:00:00,2020-05-12,276,46,5,47,52
4687,558,122,2020-05-11 22:00:00,2020-05-11,654,45,7,46,56
4033,502,115,2020-05-10 22:00:00,2020-05-10,0,44,0,45,0
4033,502,115,2020-05-09 22:00:00,2020-05-09,470,43,9,44,34
3563,468,106,2020-05-08 22:00:00,2020-05-08,0,42,0,43,0
3563,468,106,2020-05-07 22:00:00,2020-05-07,171,41,2,42,10
3392,458,104,2020-05-06 22:00:00,2020-05-06,168,40,9,41,37
3224,421,95,2020-05-05 22:00:00,2020-05-05,520,39,10,40,76
2704,345,85,2020-05-04 22:00:00,2020-05-04,0,38,0,39,0
2704,345,85,2020-05-03 22:00:00,2020-05-03,235,37,13,38,14
2469,331,72,2020-05-02 22:00:00,2020-05-02,134,36,4,37,21
2335,310,68,2020-05-01 22:00:00,2020-05-01,164,35,4,36,50
2171,260,64,2020-04-30 22:00:00,2020-04-30,343,34,6,35,32
1828,228,58,2020-04-29 22:00:00,2020-04-29,0,33,0,34,0
1828,228,58,2020-04-28 22:00:00,2020-04-28,125,32,1,33,8
1703,220,57,2020-04-27 22:00:00,2020-04-27,172,31,7,32,13
1531,207,50,2020-04-26 22:00:00,2020-04-26,68,30,3,31,19
1463,188,47,2020-04-25 22:00:00,2020-04-25,184,29,5,30,9
1279,179,42,2020-04-24 22:00:00,2020-04-24,53,28,2,29,2
1226,177,40,2020-04-23 22:00:00,2020-04-23,83,27,0,28,11
1143,166,40,2020-04-22 22:00:00,2020-04-22,51,26,4,27,16
1092,150,36,2020-04-21 22:00:00,2020-04-21,66,25,3,26,19
1026,131,33,2020-04-20 22:00:00,2020-04-20,33,24,1,25,0
993,131,32,2020-04-19 22:00:00,2020-04-19,60,23,2,24,19
933,112,30,2020-04-18 22:00:00,2020-04-18,27,22,0,23,13
906,99,30,2020-04-17 22:00:00,2020-04-17,66,21,0,22,45
840,54,30,2020-04-16 22:00:00,2020-04-16,56,20,5,21,11
784,43,25,2020-04-15 22:00:00,2020-04-15,70,19,2,20,3
714,40,23,2020-04-14 22:00:00,2020-04-14,49,18,2,19,8
665,32,21,2020-04-13 22:00:00,2020-04-13,58,17,3,18,0
607,32,18,2020-04-12 22:00:00,2020-04-12,52,16,0,17,0
555,32,18,2020-04-11 22:00:00,2020-04-11,34,15,3,16,0
521,32,15,2020-04-10 22:00:00,2020-04-10,37,14,0,15,0
484,32,15,2020-04-09 22:00:00,2020-04-09,61,13,1,14,14
423,18,14,2020-04-08 22:00:00,2020-04-08,0,12,3,13,0
423,18,11,2020-04-07 22:00:00,2020-04-07,56,11,4,12,1
367,17,7,2020-04-06 22:00:00,2020-04-06,30,10,0,11,2
337,15,7,2020-04-05 22:00:00,2020-04-05,38,9,0,10,5
299,10,7,2020-04-04 21:00:00,2020-04-04,26,8,1,9,0
273,10,6,2020-04-03 21:00:00,2020-04-03,34,7,2,8,5
239,5,4,2020-04-02 21:00:00,2020-04-02,43,6,0,7,0
196,5,4,2020-04-01 21:00:00,2020-04-01,22,5,0,6,0
174,5,4,2020-03-31 21:00:00,2020-03-31,54,4,0,5,3
120,2,4,2020-03-30 21:00:00,2020-03-30,10,3,0,4,0
110,2,4,2020-03-29 21:00:00,2020-03-29,0,2,0,3,0
110,2,4,2020-03-28 21:00:00,2020-03-28,16,1,0,2,0
94,2,4,2020-03-27 21:10:00,2020-03-27,10,0,2,1,0
84,2,2,2020-03-26 22:20:00,2020-03-26,5,0,0,0,0
79,2,2,2020-03-25 23:20:00,2020-03-25,37,0,1,0,1
42,1,1,2020-03-24 21:20:00,2020-03-24,2,0,0,0,0
40,1,1,2020-03-23 21:40:00,2020-03-23,16,0,1,0,0
24,1,0,2020-03-22 21:00:00,2020-03-22,0,0,0,0,0
24,1,0,2020-03-21 21:00:00,2020-03-21,0,0,0,0,0
24,1,0,2020-03-20 21:20:00,2020-03-20,2,0,0,0,0
22,1,0,2020-03-19 21:30:00,2020-03-19,0,0,0,0,0
22,1,0,2020-03-18 22:00:00,2020-03-18,0,0,0,0,0
22,1,0,2020-03-17 21:00:00,2020-03-17,1,0,0,0,0
21,1,0,2020-03-16 21:00:00,2020-03-16,5,0,0,0,0
16,1,0,2020-03-15 21:00:00,2020-03-15,6,0,0,0,1
10,0,0,2020-03-14 21:00:00,2020-03-14,3,0,0,0,0
7,0,0,2020-03-13 21:00:00,2020-03-13,0,0,0,0,0
7,0,0,2020-03-12 21:00:00,2020-03-12,0,0,0,0,0
7,0,0,2020-03-11 21:00:00,2020-03-11,3,0,0,0,0
4,0,0,2020-03-10 21:00:00,2020-03-10,0,0,0,0,0
4,0,0,2020-03-09 21:00:00,2020-03-09,0,0,0,0,0
4,0,0,2020-03-08 21:00:00,2020-03-08,3,0,0,0,0
1,0,0,2020-03-07 21:00:00,2020-03-07,0,0,0,0,0
1,0,0,2020-03-06 21:00:00,2020-03-06,0,0,0,0,0
1,0,0,2020-03-05 21:00:00,2020-03-05,0,0,0,0,0
1,0,0,2020-03-04 21:00:00,2020-03-04,0,0,0,0,0
1,0,0,2020-03-03 21:00:00,2020-03-03,0,0,0,0,0
1,0,0,2020-03-02 21:00:00,2020-03-02,0,0,0,0,0
1,0,0,2020-03-01 21:00:00,2020-03-01,0,0,0,0,0
1,0,0,2020-02-29 21:00:00,2020-02-29,0,0,0,0,0
1,0,0,2020-02-28 21:00:00,2020-02-28,0,0,0,0,0
1,0,0,2020-02-27 21:00:00,2020-02-27,0,0,0,0,0
1,0,0,2020-02-26 21:00:00,2020-02-26,0,0,0,0,0
1,0,0,2020-02-25 21:00:00,2020-02-25,0,0,0,0,0
1,0,0,2020-02-24 21:00:00,2020-02-24,1,0,0,0,0
0,0,0,2020-02-23 21:00:00,2020-02-23,0,0,0,0,0
0,0,0,2020-02-22 21:00:00,2020-02-22,0,0,0,0,0
0,0,0,2020-02-21 21:00:00,2020-02-21,0,0,0,0,0
0,0,0,2020-02-20 21:00:00,2020-02-20,0,0,0,0,0
0,0,0,2020-02-19 21:00:00,2020-02-19,0,0,0,0,0
0,0,0,2020-02-18 21:00:00,2020-02-18,0,0,0,0,0
0,0,0,2020-02-17 21:00:00,2020-02-17,0,0,0,0,0
0,0,0,2020-02-16 21:00:00,2020-02-16,0,0,0,0,0
0,0,0,2020-02-15 21:00:00,2020-02-15,0,0,0,0,0
0,0,0,2020-02-14 21:00:00,2020-02-14,0,0,0,0,0
0,0,0,2020-02-13 21:00:00,2020-02-13,0,0,0,0,0
0,0,0,2020-02-12 21:00:00,2020-02-12,0,0,0,0,0
0,0,0,2020-02-11 20:30:00,2020-02-11,0,0,0,0,0
0,0,0,2020-02-10 21:00:00,2020-02-10,0,0,0,0,0
0,0,0,2020-02-09 21:00:00,2020-02-09,0,0,0,0,0
0,0,0,2020-02-08 21:00:00,2020-02-08,0,0,0,0,0
0,0,0,2020-02-07 21:00:00,2020-02-07,0,0,0,0,0
0,0,0,2020-02-06 21:00:00,2020-02-06,0,0,0,0,0
0,0,0,2020-02-05 21:00:00,2020-02-05,0,0,0,0,0
0,0,0,2020-02-04 20:00:00,2020-02-04,0,0,0,0,0
0,0,0,2020-02-03 20:00:00,2020-02-03,0,0,0,0,0
0,0,0,2020-02-02 20:00:00,2020-02-02,0,0,0,0,0
0,0,0,2020-02-01 10:00:00,2020-02-01,0,0,0,0,0
0,0,0,2020-01-31 12:30:00,2020-01-31,0,0,0,0,0
0,0,0,2020-01-30 12:00:00,2020-01-30,0,0,0,0,0
0,0,0,2020-01-29 14:00:00,2020-01-29,0,0,0,0,0
0,0,0,2020-01-28 11:30:00,2020-01-28,0,0,0,0,0
0,0,0,2020-01-27 14:00:00,2020-01-27,0,0,0,0,0
0,0,0,2020-01-26 13:00:00,2020-01-26,0,0,0,0,0
0,0,0,2020-01-25 15:00:00,2020-01-25,0,0,0,0,0
0,0,0,2020-01-24 15:00:00,2020-01-24,0,0,0,0,0
0,0,0,2020-01-23 15:00:00,2020-01-23,0,0,0,0,0
0,0,0,2020-01-22 15:00:00,2020-01-22,0,0,0,0,0
0,0,0,2020-01-21 15:00:00,2020-01-21,0,0,0,0,0
