Confirmed,DayElapsed_death,Deaths,New,New_death,New_recover,Recovered,Date_last_updated_AEDT,date_day,DayElapsed
998546,148,21693,16221,546,22921,678396,2020-08-06 22:00:00,2020-08-06,150
982325,147,21147,9662,457,21703,655475,2020-08-05 22:00:00,2020-08-05,149
972663,146,20690,11210,340,18296,633772,2020-08-04 22:00:00,2020-08-04,148
961453,145,20350,12377,325,8512,615476,2020-08-03 22:00:00,2020-08-03,147
949076,144,20025,16563,280,22390,606964,2020-08-02 22:00:00,2020-08-02,146
932513,143,19745,19589,380,23916,584574,2020-08-01 22:00:00,2020-08-01,145
912924,142,19365,17688,452,16148,560658,2020-07-31 22:00:00,2020-07-31,144
895236,141,18913,17585,371,16524,544510,2020-07-30 22:00:00,2020-07-30,143
877651,140,18542,13021,314,17175,527986,2020-07-29 22:00:00,2020-07-29,142
864630,139,18228,13892,413,16323,510811,2020-07-28 22:00:00,2020-07-28,141
850738,138,17815,18224,245,7026,494488,2020-07-27 22:00:00,2020-07-27,140
832514,137,17570,18301,418,21909,487462,2020-07-26 22:00:00,2020-07-26,139
814213,136,17152,20279,371,13814,465553,2020-07-25 22:00:00,2020-07-25,138
793934,135,16781,19800,288,12487,451739,2020-07-24 22:00:00,2020-07-24,137
774134,134,16493,19386,701,25868,439252,2020-07-23 22:00:00,2020-07-23,136
754748,133,15792,14722,327,21007,413384,2020-07-22 22:00:00,2020-07-22,135
740026,132,15465,15195,252,8972,392377,2020-07-21 22:00:00,2020-07-21,134
724831,131,15213,18583,212,12643,383405,2020-07-20 22:00:00,2020-07-20,133
706248,130,15001,19137,283,7185,370762,2020-07-19 22:00:00,2020-07-19,132
687111,129,14718,19525,315,16808,363577,2020-07-18 22:00:00,2020-07-18,131
667586,128,14403,20174,369,10457,346769,2020-07-17 22:00:00,2020-07-17,130
647412,127,14034,17531,223,17832,336312,2020-07-16 22:00:00,2020-07-16,129
629881,126,13811,15000,304,11648,318480,2020-07-15 22:00:00,2020-07-15,128
614881,125,13507,16404,216,8172,306832,2020-07-14 22:00:00,2020-07-14,127
598477,124,13291,16594,257,10504,298660,2020-07-13 22:00:00,2020-07-13,126
581883,123,13034,18441,224,13119,288156,2020-07-12 22:00:00,2020-07-12,125
563442,122,12810,17513,295,8503,275037,2020-07-11 22:00:00,2020-07-11,124
545929,121,12515,18972,234,10039,266534,2020-07-10 22:00:00,2020-07-10,123
526957,120,12281,15008,255,7744,256495,2020-07-09 22:00:00,2020-07-09,122
511949,119,12026,15287,328,8543,248751,2020-07-08 22:00:00,2020-07-08,121
496662,118,11698,16466,296,10037,240208,2020-07-07 22:00:00,2020-07-07,120
480196,117,11402,12658,271,4638,230171,2020-07-06 22:00:00,2020-07-06,119
467538,116,11131,16650,206,7497,225533,2020-07-05 22:00:00,2020-07-05,118
450888,115,10925,14635,232,7547,218036,2020-07-04 22:00:00,2020-07-04,117
436253,114,10693,14263,242,8823,210489,2020-07-03 22:00:00,2020-07-03,116
421990,113,10451,13601,254,5708,201666,2020-07-02 22:00:00,2020-07-02,115
408389,112,10197,11958,281,6212,195958,2020-07-01 22:00:00,2020-07-01,114
396431,111,9916,10224,213,4093,189746,2020-06-30 22:00:00,2020-06-30,113
386207,110,9703,11213,177,4335,185653,2020-06-29 22:00:00,2020-06-29,112
374994,109,9526,12055,209,5572,181318,2020-06-28 22:00:00,2020-06-28,111
362939,108,9317,11572,202,6813,175746,2020-06-27 22:00:00,2020-06-27,110
351367,107,9115,11931,224,5260,168933,2020-06-26 22:00:00,2020-06-26,109
339436,106,8891,11417,233,6529,163673,2020-06-25 22:00:00,2020-06-25,108
328019,105,8658,9227,284,3650,157144,2020-06-24 22:00:00,2020-06-24,107
318792,104,8374,9082,218,4455,153494,2020-06-23 22:00:00,2020-06-23,106
309710,103,8156,9036,192,3634,149039,2020-06-22 22:00:00,2020-06-22,105
300674,102,7964,11400,248,10002,145405,2020-06-21 22:00:00,2020-06-21,104
289274,101,7716,9204,252,4897,135403,2020-06-20 22:00:00,2020-06-20,103
280070,100,7464,9145,213,4852,130506,2020-06-19 22:00:00,2020-06-19,102
270925,99,7251,8575,197,4169,125654,2020-06-18 22:00:00,2020-06-18,101
262350,98,7054,7842,250,4443,121485,2020-06-17 22:00:00,2020-06-17,100
254508,97,6804,8339,240,3863,117042,2020-06-16 22:00:00,2020-06-16,99
246169,96,6564,10401,281,4277,113179,2020-06-15 22:00:00,2020-06-15,98
235768,95,6283,7692,198,3612,108902,2020-06-14 22:00:00,2020-06-14,97
228076,94,6085,8387,202,4338,105290,2020-06-13 22:00:00,2020-06-13,96
219689,93,5883,7155,162,3550,100952,2020-06-12 22:00:00,2020-06-12,95
212534,92,5721,6014,143,4205,97402,2020-06-11 22:00:00,2020-06-11,94
206520,91,5578,7110,183,4821,93197,2020-06-10 22:00:00,2020-06-10,93
199410,90,5395,6689,171,3268,88376,2020-06-09 22:00:00,2020-06-09,92
192721,89,5224,6133,132,1561,85108,2020-06-08 22:00:00,2020-06-08,91
186588,88,5092,6798,145,2914,83547,2020-06-07 22:00:00,2020-06-07,90
179790,87,4947,6670,159,3780,80633,2020-06-06 22:00:00,2020-06-06,89
173120,86,4788,7726,155,4164,76853,2020-06-05 22:00:00,2020-06-05,88
165394,85,4633,5061,107,3342,72689,2020-06-04 22:00:00,2020-06-04,87
160333,84,4526,5051,154,2872,69347,2020-06-03 22:00:00,2020-06-03,86
155282,83,4372,5864,126,2395,66475,2020-06-02 22:00:00,2020-06-02,85
149418,82,4246,5318,150,2711,64080,2020-06-01 22:00:00,2020-06-01,84
144100,81,4096,6120,148,2998,61369,2020-05-31 22:00:00,2020-05-31,83
137980,80,3948,5726,129,3114,58371,2020-05-30 22:00:00,2020-05-30,82
132254,79,3819,5011,95,2204,55257,2020-05-29 22:00:00,2020-05-29,81
127243,78,3724,5213,94,2904,53053,2020-05-28 22:00:00,2020-05-28,80
122030,77,3630,3712,119,2106,50149,2020-05-27 22:00:00,2020-05-27,79
118318,76,3511,4251,135,1626,48043,2020-05-26 22:00:00,2020-05-26,78
114067,75,3376,3982,96,2074,46417,2020-05-25 22:00:00,2020-05-25,77
110085,74,3280,3786,75,1075,44343,2020-05-24 22:00:00,2020-05-24,76
106299,73,3205,4028,87,2482,43268,2020-05-23 22:00:00,2020-05-23,75
102271,72,3118,4559,96,1172,40786,2020-05-22 22:00:00,2020-05-22,74
97712,71,3022,4126,96,2578,39614,2020-05-21 22:00:00,2020-05-21,73
93586,70,2926,3190,68,1964,37036,2020-05-20 22:00:00,2020-05-20,72
90396,69,2858,3578,73,1470,35072,2020-05-19 22:00:00,2020-05-19,71
86818,68,2785,3286,55,1317,33602,2020-05-18 22:00:00,2020-05-18,70
83532,67,2730,3361,77,1739,32285,2020-05-17 22:00:00,2020-05-17,69
80171,66,2653,3054,74,2227,30546,2020-05-16 22:00:00,2020-05-16,68
77117,65,2579,3053,71,1977,28319,2020-05-15 22:00:00,2020-05-15,67
74064,64,2508,3024,101,1405,26342,2020-05-14 22:00:00,2020-05-14,66
71040,63,2407,2378,52,758,24937,2020-05-13 22:00:00,2020-05-13,65
68662,62,2355,3263,54,1169,24179,2020-05-12 22:00:00,2020-05-12,64
65399,61,2301,2916,61,1039,23010,2020-05-11 22:00:00,2020-05-11,63
62483,60,2240,2953,69,2027,21971,2020-05-10 22:00:00,2020-05-10,62
59530,59,2171,3868,85,643,19944,2020-05-09 22:00:00,2020-05-09,61
55662,58,2086,2673,68,876,19301,2020-05-08 22:00:00,2020-05-08,60
52989,57,2018,2383,96,1284,18425,2020-05-07 22:00:00,2020-05-07,59
50606,56,1922,2420,72,748,17141,2020-05-06 22:00:00,2020-05-06,58
48186,55,1850,2602,44,1102,16393,2020-05-05 22:00:00,2020-05-05,57
45584,54,1806,1677,42,415,15291,2020-05-04 22:00:00,2020-05-04,56
43907,53,1764,2211,66,777,14876,2020-05-03 22:00:00,2020-05-03,55
41696,52,1698,1695,58,921,14099,2020-05-02 22:00:00,2020-05-02,54
40001,51,1640,1679,42,446,13178,2020-05-01 22:00:00,2020-05-01,53
38322,50,1598,2475,68,733,12732,2020-04-30 22:00:00,2020-04-30,52
35847,49,1530,1650,55,1360,11999,2020-04-29 22:00:00,2020-04-29,51
34197,48,1475,1464,48,525,10639,2020-04-28 22:00:00,2020-04-28,50
32733,47,1427,1390,46,519,10114,2020-04-27 22:00:00,2020-04-27,49
31343,46,1381,1272,49,424,9595,2020-04-26 22:00:00,2020-04-26,48
30071,45,1332,1604,31,528,9171,2020-04-25 22:00:00,2020-04-25,47
28467,44,1301,1635,55,1284,8643,2020-04-24 22:00:00,2020-04-24,46
26832,43,1246,1055,44,553,7359,2020-04-23 22:00:00,2020-04-23,45
25777,42,1202,1420,36,299,6806,2020-04-22 22:00:00,2020-04-22,44
24357,41,1166,1217,35,630,6507,2020-04-21 22:00:00,2020-04-21,43
23140,40,1131,1229,48,399,5877,2020-04-20 22:00:00,2020-04-20,42
21911,39,1083,1205,54,438,5478,2020-04-19 22:00:00,2020-04-19,41
20706,38,1029,1322,55,304,5040,2020-04-18 22:00:00,2020-04-18,40
19384,37,974,1302,59,847,4736,2020-04-17 22:00:00,2020-04-17,39
18082,36,915,1074,38,540,3889,2020-04-16 22:00:00,2020-04-16,38
17008,35,877,978,39,295,3349,2020-04-15 22:00:00,2020-04-15,37
16030,34,838,821,44,94,3054,2020-04-14 22:00:00,2020-04-14,36
15209,33,794,893,47,476,2960,2020-04-13 22:00:00,2020-04-13,35
14316,32,747,679,47,204,2484,2020-04-12 22:00:00,2020-04-12,34
13637,31,700,635,55,562,2280,2020-04-11 22:00:00,2020-04-11,33
13002,30,645,937,66,245,1718,2020-04-10 22:00:00,2020-04-10,32
12065,29,579,760,43,212,1473,2020-04-09 22:00:00,2020-04-09,31
11305,28,536,661,43,204,1261,2020-04-08 22:00:00,2020-04-08,30
10644,27,493,733,46,84,1057,2020-04-07 22:00:00,2020-04-07,29
9911,26,447,720,51,95,973,2020-04-06 22:00:00,2020-04-06,28
9191,25,396,742,58,124,878,2020-04-05 22:00:00,2020-04-05,27
8449,24,338,937,47,55,754,2020-04-04 21:00:00,2020-04-04,26
7512,23,291,666,51,133,699,2020-04-03 21:00:00,2020-04-03,25
6846,22,240,576,38,113,566,2020-04-02 21:00:00,2020-04-02,24
6270,21,202,573,27,100,453,2020-04-01 21:00:00,2020-04-01,23
5697,20,175,559,18,59,353,2020-03-31 21:00:00,2020-03-31,22
5138,19,157,545,21,30,294,2020-03-30 21:00:00,2020-03-30,21
4593,18,136,474,20,27,264,2020-03-29 21:00:00,2020-03-29,20
4119,17,116,529,22,47,237,2020-03-28 21:00:00,2020-03-28,19
3590,16,94,610,19,-23,190,2020-03-27 21:10:00,2020-03-27,18
2980,15,75,361,8,23,213,2020-03-26 22:20:00,2020-03-26,17
2619,14,67,486,9,25,190,2020-03-25 23:20:00,2020-03-25,16
2133,13,58,533,8,21,165,2020-03-24 21:20:00,2020-03-24,15
1600,12,50,342,13,17,144,2020-03-23 21:40:00,2020-03-23,14
1258,11,37,143,9,36,127,2020-03-22 21:00:00,2020-03-22,13
1115,10,28,173,4,4,91,2020-03-21 21:00:00,2020-03-21,12
942,9,24,232,6,21,87,2020-03-20 21:20:00,2020-03-20,11
710,8,18,96,3,24,66,2020-03-19 21:30:00,2020-03-19,10
614,7,15,157,4,-4,42,2020-03-18 22:00:00,2020-03-18,9
457,6,11,72,3,0,46,2020-03-17 21:00:00,2020-03-17,8
385,5,8,81,1,5,46,2020-03-16 21:00:00,2020-03-16,7
304,4,7,78,0,1,41,2020-03-15 21:00:00,2020-03-15,6
226,3,7,58,2,2,40,2020-03-14 21:00:00,2020-03-14,5
168,2,5,33,2,10,38,2020-03-13 21:00:00,2020-03-13,4
135,1,3,22,1,1,28,2020-03-12 21:00:00,2020-03-12,3
113,0,2,9,1,25,27,2020-03-11 21:00:00,2020-03-11,2
104,0,1,13,0,0,2,2020-03-10 21:00:00,2020-03-10,1
91,0,1,10,1,0,2,2020-03-09 21:00:00,2020-03-09,0
81,0,0,35,0,0,2,2020-03-08 21:00:00,2020-03-08,0
46,0,0,16,0,1,2,2020-03-07 21:00:00,2020-03-07,0
30,0,0,3,0,0,1,2020-03-06 21:00:00,2020-03-06,0
27,0,0,12,0,0,1,2020-03-05 21:00:00,2020-03-05,0
15,0,0,4,0,0,1,2020-03-04 21:00:00,2020-03-04,0
11,0,0,5,0,0,1,2020-03-03 21:00:00,2020-03-03,0
6,0,0,3,0,0,1,2020-03-02 21:00:00,2020-03-02,0
3,0,0,0,0,0,1,2020-03-01 21:00:00,2020-03-01,0
3,0,0,0,0,0,1,2020-02-29 21:00:00,2020-02-29,0
3,0,0,1,0,0,1,2020-02-28 21:00:00,2020-02-28,0
2,0,0,0,0,0,1,2020-02-27 21:00:00,2020-02-27,0
2,0,0,1,0,0,1,2020-02-26 21:00:00,2020-02-26,0
1,0,0,0,0,0,1,2020-02-25 21:00:00,2020-02-25,0
1,0,0,0,0,0,1,2020-02-24 21:00:00,2020-02-24,0
1,0,0,0,0,0,1,2020-02-23 21:00:00,2020-02-23,0
1,0,0,0,0,0,1,2020-02-22 21:00:00,2020-02-22,0
1,0,0,0,0,1,1,2020-02-21 21:00:00,2020-02-21,0
1,0,0,0,0,0,0,2020-02-20 21:00:00,2020-02-20,0
1,0,0,0,0,0,0,2020-02-19 21:00:00,2020-02-19,0
1,0,0,0,0,0,0,2020-02-18 21:00:00,2020-02-18,0
1,0,0,0,0,0,0,2020-02-17 21:00:00,2020-02-17,0
1,0,0,0,0,0,0,2020-02-16 21:00:00,2020-02-16,0
1,0,0,1,0,0,0,2020-02-15 21:00:00,2020-02-15,0
0,0,0,0,0,0,0,2020-02-14 21:00:00,2020-02-14,0
0,0,0,0,0,0,0,2020-02-13 21:00:00,2020-02-13,0
0,0,0,0,0,0,0,2020-02-12 21:00:00,2020-02-12,0
0,0,0,0,0,0,0,2020-02-11 20:30:00,2020-02-11,0
0,0,0,0,0,0,0,2020-02-10 21:00:00,2020-02-10,0
0,0,0,0,0,0,0,2020-02-09 21:00:00,2020-02-09,0
0,0,0,0,0,0,0,2020-02-08 21:00:00,2020-02-08,0
0,0,0,0,0,0,0,2020-02-07 21:00:00,2020-02-07,0
0,0,0,0,0,0,0,2020-02-06 21:00:00,2020-02-06,0
0,0,0,0,0,0,0,2020-02-05 21:00:00,2020-02-05,0
0,0,0,0,0,0,0,2020-02-04 20:00:00,2020-02-04,0
0,0,0,0,0,0,0,2020-02-03 20:00:00,2020-02-03,0
0,0,0,0,0,0,0,2020-02-02 20:00:00,2020-02-02,0
0,0,0,0,0,0,0,2020-02-01 10:00:00,2020-02-01,0
0,0,0,0,0,0,0,2020-01-31 12:30:00,2020-01-31,0
0,0,0,0,0,0,0,2020-01-30 12:00:00,2020-01-30,0
0,0,0,0,0,0,0,2020-01-29 14:00:00,2020-01-29,0
0,0,0,0,0,0,0,2020-01-28 11:30:00,2020-01-28,0
0,0,0,0,0,0,0,2020-01-27 14:00:00,2020-01-27,0
0,0,0,0,0,0,0,2020-01-26 13:00:00,2020-01-26,0
0,0,0,0,0,0,0,2020-01-25 15:00:00,2020-01-25,0
0,0,0,0,0,0,0,2020-01-24 15:00:00,2020-01-24,0
0,0,0,0,0,0,0,2020-01-23 15:00:00,2020-01-23,0
0,0,0,0,0,0,0,2020-01-22 15:00:00,2020-01-22,0
0,0,0,0,0,0,0,2020-01-21 15:00:00,2020-01-21,0
