Confirmed,Deaths,date_day,New,DayElapsed,New_death,DayElapsed_death,Recovered,New_recover
0,0,2020-01-21,0,0,0,0,0,0
0,0,2020-01-22,0,0,0,0,0,0
0,0,2020-01-23,0,0,0,0,0,0
0,0,2020-01-24,0,0,0,0,0,0
0,0,2020-01-25,0,0,0,0,0,0
0,0,2020-01-26,0,0,0,0,0,0
0,0,2020-01-27,0,0,0,0,0,0
0,0,2020-01-28,0,0,0,0,0,0
0,0,2020-01-29,0,0,0,0,0,0
0,0,2020-01-30,0,0,0,0,0,0
0,0,2020-01-31,0,0,0,0,0,0
0,0,2020-02-01,0,0,0,0,0,0
0,0,2020-02-02,0,0,0,0,0,0
0,0,2020-02-03,0,0,0,0,0,0
0,0,2020-02-04,0,0,0,0,0,0
0,0,2020-02-05,0,0,0,0,0,0
0,0,2020-02-06,0,0,0,0,0,0
0,0,2020-02-07,0,0,0,0,0,0
0,0,2020-02-08,0,0,0,0,0,0
0,0,2020-02-09,0,0,0,0,0,0
0,0,2020-02-10,0,0,0,0,0,0
0,0,2020-02-11,0,0,0,0,0,0
0,0,2020-02-12,0,0,0,0,0,0
0,0,2020-02-13,0,0,0,0,0,0
0,0,2020-02-14,0,0,0,0,0,0
0,0,2020-02-15,0,0,0,0,0,0
0,0,2020-02-16,0,0,0,0,0,0
0,0,2020-02-17,0,0,0,0,0,0
0,0,2020-02-18,0,0,0,0,0,0
0,0,2020-02-19,0,0,0,0,0,0
0,0,2020-02-20,0,0,0,0,0,0
0,0,2020-02-21,0,0,0,0,0,0
0,0,2020-02-22,0,0,0,0,0,0
0,0,2020-02-23,0,0,0,0,0,0
0,0,2020-02-24,0,0,0,0,0,0
0,0,2020-02-25,0,0,0,0,0,0
0,0,2020-02-26,0,0,0,0,0,0
0,0,2020-02-27,0,0,0,0,0,0
0,0,2020-02-28,0,0,0,0,0,0
0,0,2020-02-29,0,0,0,0,0,0
0,0,2020-03-01,0,0,0,0,0,0
0,0,2020-03-02,0,0,0,0,0,0
0,0,2020-03-03,0,0,0,0,0,0
0,0,2020-03-04,0,0,0,0,0,0
0,0,2020-03-05,0,0,0,0,0,0
0,0,2020-03-06,0,0,0,0,0,0
0,0,2020-03-07,0,0,0,0,0,0
1,0,2020-03-08,1,0,0,0,0,0
1,0,2020-03-09,0,0,0,0,0,0
1,0,2020-03-10,0,0,0,0,0,0
1,0,2020-03-11,0,0,0,0,0,0
1,0,2020-03-12,0,0,0,0,0,0
1,0,2020-03-13,0,0,0,0,0,0
1,0,2020-03-14,0,0,0,0,0,0
1,0,2020-03-15,0,0,0,0,0,0
1,0,2020-03-16,0,0,0,0,0,0
1,0,2020-03-17,0,0,0,0,0,0
1,0,2020-03-18,0,0,0,0,0,0
4,0,2020-03-19,3,0,0,0,0,0
5,0,2020-03-20,1,0,0,0,0,0
7,0,2020-03-21,2,0,0,0,0,0
7,0,2020-03-22,0,0,0,0,0,0
7,0,2020-03-23,0,0,0,0,0,0
9,0,2020-03-24,2,0,0,0,0,0
11,0,2020-03-25,2,0,0,0,0,0
11,0,2020-03-26,0,0,0,0,0,0
11,0,2020-03-27,0,0,0,0,0,0
14,0,2020-03-28,3,0,0,0,0,0
17,0,2020-03-29,3,0,0,0,0,0
17,0,2020-03-30,0,0,0,0,0,0
18,1,2020-03-31,1,0,1,0,0,0
18,1,2020-04-01,0,0,0,0,0,0
18,1,2020-04-02,0,0,0,0,0,0
22,2,2020-04-03,4,0,1,0,0,0
23,2,2020-04-04,1,0,0,0,0,0
28,2,2020-04-05,5,0,0,0,0,0
31,2,2020-04-06,3,0,0,0,0,0
32,2,2020-04-07,1,0,0,0,0,0
37,2,2020-04-08,5,0,0,0,0,0
37,3,2020-04-09,0,0,1,1,0,0
45,3,2020-04-10,8,0,0,2,0,0
48,3,2020-04-11,3,0,0,3,0,0
48,3,2020-04-12,0,0,0,4,0,0
50,3,2020-04-13,2,0,0,5,0,0
72,4,2020-04-14,22,0,1,6,0,0
82,5,2020-04-15,10,0,1,7,0,0
89,5,2020-04-16,7,0,0,8,0,0
110,7,2020-04-17,21,1,2,9,0,0
132,7,2020-04-18,22,2,0,10,0,0
159,15,2020-04-19,27,3,8,11,0,0
171,18,2020-04-20,12,4,3,12,0,0
210,19,2020-04-21,39,5,1,13,0,0
243,20,2020-04-22,33,6,1,14,0,0
324,22,2020-04-23,81,7,2,15,0,0
413,27,2020-04-24,89,8,5,16,0,0
501,29,2020-04-25,88,9,2,17,0,0
554,32,2020-04-26,53,10,3,18,0,0
643,34,2020-04-27,89,11,2,19,0,0
777,36,2020-04-28,134,12,2,20,0,0
957,41,2020-04-29,180,13,5,21,0,0
1044,47,2020-04-30,87,14,6,22,0,0
1226,53,2020-05-01,182,15,6,23,0,0
1372,58,2020-05-02,146,16,5,24,0,0
1441,64,2020-05-03,69,17,6,25,0,0
1538,72,2020-05-04,97,18,8,26,0,0
1606,80,2020-05-05,68,19,8,27,0,0
1703,89,2020-05-06,97,20,9,28,0,0
1867,98,2020-05-07,164,21,9,29,0,0
2033,108,2020-05-08,166,22,10,30,0,0
2172,114,2020-05-09,139,23,6,31,0,0
2258,126,2020-05-10,86,24,12,32,0,0
2343,138,2020-05-11,85,25,12,33,0,0
2580,150,2020-05-12,237,26,12,34,0,0
2761,164,2020-05-13,181,27,14,35,0,0
2972,164,2020-05-14,211,28,0,36,0,0
2972,177,2020-05-15,0,29,13,37,0,0
3212,187,2020-05-16,240,30,10,38,0,0
3593,199,2020-05-17,381,31,12,39,0,0
4031,221,2020-05-18,438,32,22,40,0,0
4031,221,2020-05-19,0,33,0,41,0,0
4319,235,2020-05-20,288,34,14,42,0,0
4437,251,2020-05-21,118,35,16,43,0,0
4916,262,2020-05-22,479,36,11,44,0,0
5630,301,2020-05-23,714,37,39,45,0,0
6214,316,2020-05-24,584,38,15,46,0,0
6214,316,2020-05-25,0,39,0,47,0,0
7058,354,2020-05-26,844,40,38,48,0,0
7580,368,2020-05-27,522,41,14,49,0,0
8056,385,2020-05-28,476,42,17,50,0,0
8619,406,2020-05-29,563,43,21,51,0,0
9223,424,2020-05-30,604,44,18,52,0,0
10288,443,2020-05-31,1065,45,19,53,0,0
10837,461,2020-06-01,549,46,18,54,0,0
11559,482,2020-06-02,722,47,21,55,0,0
12407,506,2020-06-03,848,48,24,56,0,0
13097,531,2020-06-04,690,49,25,57,0,0
13939,557,2020-06-05,842,50,26,58,0,0
14818,582,2020-06-06,879,51,25,59,0,0
15707,601,2020-06-07,889,52,19,60,0,0
16339,622,2020-06-08,632,53,21,61,0,0
17193,640,2020-06-09,854,54,18,62,0,0
18176,660,2020-06-10,983,55,20,63,0,0
19200,681,2020-06-11,1024,56,21,64,0,0
20031,701,2020-06-12,831,57,20,65,0,0
20887,723,2020-06-13,856,58,22,66,0,0
22199,744,2020-06-14,1312,59,21,67,0,0
22962,768,2020-06-15,763,60,24,68,0,0
23632,793,2020-06-16,670,61,25,69,0,0
24867,811,2020-06-17,1235,62,18,70,0,0
25663,831,2020-06-18,796,63,20,71,0,0
26906,848,2020-06-19,1243,64,17,72,0,0
27698,866,2020-06-20,792,65,18,73,0,0
28657,884,2020-06-21,959,66,18,74,0,0
29395,903,2020-06-22,738,67,19,75,0,0
30248,920,2020-06-23,853,68,17,76,0,0
31230,938,2020-06-24,982,69,18,77,0,0
32065,958,2020-06-25,835,70,20,78,0,0
32864,975,2020-06-26,799,71,17,79,0,0
33521,993,2020-06-27,657,72,18,80,0,0
34312,1012,2020-06-28,791,73,19,81,0,0
35117,1032,2020-06-29,805,74,20,82,0,0
35962,1052,2020-06-30,845,75,20,83,0,0
36819,1072,2020-07-01,857,76,20,84,0,0
37328,1091,2020-07-02,509,77,19,85,0,0
38404,1113,2020-07-03,1076,78,22,86,0,0
39255,1134,2020-07-04,851,79,21,87,0,0
39935,1153,2020-07-05,680,80,19,88,0,0
40569,1172,2020-07-06,634,81,19,89,0,0
41524,1192,2020-07-07,955,82,20,90,0,0
42322,1213,2020-07-08,798,83,21,91,0,0
43191,1230,2020-07-09,869,84,17,92,0,0
43959,1246,2020-07-10,768,85,16,93,0,0
44633,1264,2020-07-11,674,86,18,94,0,0
45330,1281,2020-07-12,697,87,17,95,0,0
46296,1297,2020-07-13,966,88,16,96,0,0
47005,1314,2020-07-14,709,89,17,97,0,0
47864,1331,2020-07-15,859,90,17,98,0,0
48734,1348,2020-07-16,870,91,17,99,0,0
49253,1365,2020-07-17,519,92,17,100,0,0
49583,1381,2020-07-18,330,93,16,101,0,0
50079,1397,2020-07-19,496,94,16,102,0,0
50307,1413,2020-07-20,228,95,16,103,0,0
50951,1428,2020-07-21,644,96,15,104,0,0
51680,1443,2020-07-22,729,97,15,105,0,0
52529,1457,2020-07-23,849,98,14,106,0,0
53713,1471,2020-07-24,1184,99,14,107,0,0
54730,1486,2020-07-25,1017,100,15,108,0,0
55376,1500,2020-07-26,646,101,14,109,0,0
56204,1514,2020-07-27,828,102,14,110,0,0
57142,1527,2020-07-28,938,103,13,111,0,0
58124,1540,2020-07-29,982,104,13,112,0,0
58979,1554,2020-07-30,855,105,14,113,0,0
59725,1567,2020-07-31,746,106,13,114,0,0
60992,1581,2020-08-01,1267,107,14,115,0,0
62240,1594,2020-08-02,1248,108,13,116,0,0
62778,1607,2020-08-03,538,109,13,117,0,0
63351,1621,2020-08-04,573,110,14,118,0,0
64194,1633,2020-08-05,843,111,12,119,0,0
64194,1633,2020-08-06,0,112,0,120,0,0
