Confirmed,Recovered,Deaths,Date_last_updated_AEDT,date_day,New,DayElapsed,New_death,DayElapsed_death,New_recover
33055,22802,1261,2020-08-06 22:00:00,2020-08-06,551,138,13,146,427
32504,22375,1248,2020-08-05 22:00:00,2020-08-05,532,137,9,145,474
31972,21901,1239,2020-08-04 22:00:00,2020-08-04,507,136,8,144,482
31465,21419,1231,2020-08-03 22:00:00,2020-08-03,515,135,8,143,431
30950,20988,1223,2020-08-02 22:00:00,2020-08-02,556,134,13,142,451
30394,20537,1210,2020-08-01 22:00:00,2020-08-01,563,133,10,141,455
29831,20082,1200,2020-07-31 22:00:00,2020-07-31,602,132,14,140,490
29229,19592,1186,2020-07-30 22:00:00,2020-07-30,614,131,12,139,359
28615,19233,1174,2020-07-29 22:00:00,2020-07-29,642,130,11,138,396
27973,18837,1163,2020-07-28 22:00:00,2020-07-28,616,129,8,137,749
27357,18088,1155,2020-07-27 22:00:00,2020-07-27,593,128,9,136,12
26764,18076,1146,2020-07-26 22:00:00,2020-07-26,605,127,10,135,707
26159,17369,1136,2020-07-25 22:00:00,2020-07-25,675,126,12,134,0
25484,17369,1124,2020-07-24 22:00:00,2020-07-24,612,125,13,133,386
24872,16983,1111,2020-07-23 22:00:00,2020-07-23,594,124,11,132,337
24278,16646,1100,2020-07-22 22:00:00,2020-07-22,587,123,13,131,246
23691,16400,1087,2020-07-21 22:00:00,2020-07-21,607,122,9,130,349
23084,16051,1078,2020-07-20 22:00:00,2020-07-20,535,121,10,129,307
22549,15744,1068,2020-07-19 22:00:00,2020-07-19,601,120,11,128,314
21948,15430,1057,2020-07-18 22:00:00,2020-07-18,593,119,5,127,323
21355,15107,1052,2020-07-17 22:00:00,2020-07-17,585,118,12,126,315
20770,14792,1040,2020-07-16 22:00:00,2020-07-16,554,117,12,125,497
20216,14295,1028,2020-07-15 22:00:00,2020-07-15,527,116,10,124,276
19689,14019,1018,2020-07-14 22:00:00,2020-07-14,494,115,7,123,276
19195,13743,1011,2020-07-13 22:00:00,2020-07-13,483,114,7,122,619
18712,13124,1004,2020-07-12 22:00:00,2020-07-12,470,113,8,121,0
18242,13124,996,2020-07-11 22:00:00,2020-07-11,434,112,8,120,487
17808,12637,988,2020-07-10 22:00:00,2020-07-10,460,111,10,119,308
17348,12329,978,2020-07-09 22:00:00,2020-07-09,469,110,10,118,235
16879,12094,968,2020-07-08 22:00:00,2020-07-08,475,109,9,117,210
16404,11884,959,2020-07-07 22:00:00,2020-07-07,463,108,7,116,392
15941,11492,952,2020-07-06 22:00:00,2020-07-06,441,107,6,115,311
15500,11181,946,2020-07-05 22:00:00,2020-07-05,430,106,9,114,349
15070,10832,937,2020-07-04 22:00:00,2020-07-04,413,105,9,113,490
14657,10342,928,2020-07-03 22:00:00,2020-07-03,385,104,8,112,302
14272,10040,920,2020-07-02 22:00:00,2020-07-02,365,103,8,111,143
13907,9897,912,2020-07-01 22:00:00,2020-07-01,336,102,7,110,223
13571,9674,905,2020-06-30 22:00:00,2020-06-30,298,101,8,109,303
13273,9371,897,2020-06-29 22:00:00,2020-06-29,305,100,5,108,169
12968,9202,892,2020-06-28 22:00:00,2020-06-28,283,99,7,107,136
12685,9066,885,2020-06-27 22:00:00,2020-06-27,240,98,7,106,146
12445,8920,878,2020-06-26 22:00:00,2020-06-26,197,97,9,105,128
12248,8792,869,2020-06-25 22:00:00,2020-06-25,172,96,8,104,118
12076,8674,861,2020-06-24 22:00:00,2020-06-24,156,95,9,103,115
11920,8559,852,2020-06-23 22:00:00,2020-06-23,149,94,7,102,137
11771,8422,845,2020-06-22 22:00:00,2020-06-22,140,93,8,101,98
11631,8324,837,2020-06-21 22:00:00,2020-06-21,127,92,12,100,128
11504,8196,825,2020-06-20 22:00:00,2020-06-20,119,91,14,99,118
11385,8078,811,2020-06-19 22:00:00,2020-06-19,117,90,12,98,135
11268,7943,799,2020-06-18 22:00:00,2020-06-18,121,89,11,97,101
11147,7842,788,2020-06-17 22:00:00,2020-06-17,116,88,11,96,107
11031,7735,777,2020-06-16 22:00:00,2020-06-16,112,87,10,95,129
10919,7606,767,2020-06-15 22:00:00,2020-06-15,109,86,7,94,186
10810,7420,760,2020-06-14 22:00:00,2020-06-14,112,85,9,93,98
10698,7322,751,2020-06-13 22:00:00,2020-06-13,109,84,10,92,67
10589,7255,741,2020-06-12 22:00:00,2020-06-12,105,83,9,91,181
10484,7074,732,2020-06-11 22:00:00,2020-06-11,102,82,8,90,123
10382,6951,724,2020-06-10 22:00:00,2020-06-10,117,81,9,89,152
10265,6799,715,2020-06-09 22:00:00,2020-06-09,111,80,8,88,82
10154,6717,707,2020-06-08 22:00:00,2020-06-08,104,79,9,87,86
10050,6631,698,2020-06-07 22:00:00,2020-06-07,115,78,8,86,178
9935,6453,690,2020-06-06 22:00:00,2020-06-06,104,77,9,85,156
9831,6297,681,2020-06-05 22:00:00,2020-06-05,98,76,8,84,79
9733,6218,673,2020-06-04 22:00:00,2020-06-04,107,75,6,83,151
9626,6067,667,2020-06-03 22:00:00,2020-06-03,113,74,6,82,173
9513,5894,661,2020-06-02 22:00:00,2020-06-02,119,73,8,81,146
9394,5748,653,2020-06-01 22:00:00,2020-06-01,127,72,7,80,199
9267,5549,646,2020-05-31 22:00:00,2020-05-31,133,71,8,79,127
9134,5422,638,2020-05-30 22:00:00,2020-05-30,137,70,8,78,145
8997,5277,630,2020-05-29 22:00:00,2020-05-29,140,69,7,77,148
8857,5129,623,2020-05-28 22:00:00,2020-05-28,160,68,6,76,211
8697,4918,617,2020-05-27 22:00:00,2020-05-27,194,67,8,75,171
8503,4747,609,2020-05-26 22:00:00,2020-05-26,197,66,9,74,-37
8306,4784,600,2020-05-25 22:00:00,2020-05-25,193,65,8,73,358
8113,4426,592,2020-05-24 22:00:00,2020-05-24,195,64,10,72,170
7918,4256,582,2020-05-23 22:00:00,2020-05-23,190,63,7,71,194
7728,4062,575,2020-05-22 22:00:00,2020-05-22,186,62,7,70,94
7542,3968,568,2020-05-21 22:00:00,2020-05-21,165,61,7,69,222
7377,3746,561,2020-05-20 22:00:00,2020-05-20,176,60,6,68,121
7201,3625,555,2020-05-19 22:00:00,2020-05-19,182,59,7,67,118
7019,3507,548,2020-05-18 22:00:00,2020-05-18,198,58,6,66,98
6821,3409,542,2020-05-17 22:00:00,2020-05-17,192,57,6,65,138
6629,3271,536,2020-05-16 22:00:00,2020-05-16,187,56,7,64,113
6442,3158,529,2020-05-15 22:00:00,2020-05-15,189,55,7,63,100
6253,3058,522,2020-05-14 22:00:00,2020-05-14,186,54,7,62,60
6067,2998,515,2020-05-13 22:00:00,2020-05-13,176,53,8,61,157
5891,2841,507,2020-05-12 22:00:00,2020-05-12,168,52,5,60,163
5723,2678,502,2020-05-11 22:00:00,2020-05-11,165,51,8,59,132
5558,2546,494,2020-05-10 22:00:00,2020-05-10,189,50,6,58,79
5369,2467,488,2020-05-09 22:00:00,2020-05-09,187,49,5,57,144
5182,2323,483,2020-05-08 22:00:00,2020-05-08,185,48,7,56,126
4997,2197,476,2020-05-07 22:00:00,2020-05-07,159,47,6,55,130
4838,2067,470,2020-05-06 22:00:00,2020-05-06,190,46,5,54,69
4648,1998,465,2020-05-05 22:00:00,2020-05-05,174,45,2,53,62
4474,1936,463,2020-05-04 22:00:00,2020-05-04,179,44,4,52,64
4295,1872,459,2020-05-03 22:00:00,2020-05-03,141,43,6,51,51
4154,1821,453,2020-05-02 22:00:00,2020-05-02,148,42,3,50,42
4006,1779,450,2020-05-01 22:00:00,2020-05-01,158,41,6,49,77
3848,1702,444,2020-04-30 22:00:00,2020-04-30,199,40,7,48,51
3649,1651,437,2020-04-29 22:00:00,2020-04-29,132,39,5,47,93
3517,1558,432,2020-04-28 22:00:00,2020-04-28,135,38,7,46,50
3382,1508,425,2020-04-27 22:00:00,2020-04-27,126,37,6,45,29
3256,1479,419,2020-04-26 22:00:00,2020-04-26,129,36,4,44,71
3127,1408,415,2020-04-25 22:00:00,2020-04-25,120,35,8,43,53
3007,1355,407,2020-04-24 22:00:00,2020-04-24,97,34,5,42,151
2910,1204,402,2020-04-23 22:00:00,2020-04-23,99,33,10,41,52
2811,1152,392,2020-04-22 22:00:00,2020-04-22,93,32,8,40,53
2718,1099,384,2020-04-21 22:00:00,2020-04-21,89,31,9,39,52
2629,1047,375,2020-04-20 22:00:00,2020-04-20,95,30,8,38,153
2534,894,367,2020-04-19 22:00:00,2020-04-19,116,29,3,37,48
2418,846,364,2020-04-18 22:00:00,2020-04-18,150,28,16,36,63
2268,783,348,2020-04-17 22:00:00,2020-04-17,108,27,12,35,75
2160,708,336,2020-04-16 22:00:00,2020-04-16,90,26,10,34,17
2070,691,326,2020-04-15 22:00:00,2020-04-15,87,25,13,33,90
1983,601,313,2020-04-14 22:00:00,2020-04-14,69,24,20,32,10
1914,591,293,2020-04-13 22:00:00,2020-04-13,89,23,18,31,131
1825,460,275,2020-04-12 22:00:00,2020-04-12,64,22,19,30,55
1761,405,256,2020-04-11 22:00:00,2020-04-11,95,21,21,29,58
1666,347,235,2020-04-10 22:00:00,2020-04-10,94,20,30,28,110
1572,237,205,2020-04-09 22:00:00,2020-04-09,104,19,12,27,124
1468,113,193,2020-04-08 22:00:00,2020-04-08,45,18,20,26,23
1423,90,173,2020-04-07 22:00:00,2020-04-07,103,17,21,25,0
1320,90,152,2020-04-06 22:00:00,2020-04-06,69,16,22,24,0
1251,90,130,2020-04-05 22:00:00,2020-04-05,80,15,25,23,28
1171,62,105,2020-04-04 21:00:00,2020-04-04,185,14,19,22,1
986,61,86,2020-04-03 21:00:00,2020-04-03,139,13,28,21,0
847,61,58,2020-04-02 21:00:00,2020-04-02,131,12,14,20,15
716,46,44,2020-04-01 21:00:00,2020-04-01,132,11,9,19,9
584,37,35,2020-03-31 21:00:00,2020-03-31,73,10,4,18,6
511,31,31,2020-03-30 21:00:00,2020-03-30,57,9,2,17,0
454,31,29,2020-03-29 21:00:00,2020-03-29,45,8,3,16,2
409,29,26,2020-03-28 21:00:00,2020-03-28,42,7,1,15,0
367,29,25,2020-03-27 21:10:00,2020-03-27,65,6,4,14,-36
302,65,21,2020-03-26 22:20:00,2020-03-26,38,5,2,13,0
264,65,19,2020-03-25 23:20:00,2020-03-25,34,4,2,12,0
230,65,17,2020-03-24 21:20:00,2020-03-24,29,3,0,11,0
201,65,17,2020-03-23 21:40:00,2020-03-23,62,2,2,10,0
139,65,15,2020-03-22 21:00:00,2020-03-22,45,1,4,9,33
94,32,11,2020-03-21 21:00:00,2020-03-21,4,0,1,8,0
90,32,10,2020-03-20 21:20:00,2020-03-20,8,0,2,7,0
82,32,8,2020-03-19 21:30:00,2020-03-19,10,0,3,6,22
72,10,5,2020-03-18 22:00:00,2020-03-18,12,0,1,5,0
60,10,4,2020-03-17 21:00:00,2020-03-17,6,0,0,4,0
54,10,4,2020-03-16 21:00:00,2020-03-16,9,0,1,3,0
45,10,3,2020-03-15 21:00:00,2020-03-15,8,0,0,2,0
37,10,3,2020-03-14 21:00:00,2020-03-14,11,0,1,1,0
26,10,2,2020-03-13 21:00:00,2020-03-13,2,0,1,0,10
24,0,1,2020-03-12 21:00:00,2020-03-12,4,0,1,0,0
20,0,0,2020-03-11 21:00:00,2020-03-11,0,0,0,0,0
20,0,0,2020-03-10 21:00:00,2020-03-10,0,0,0,0,0
20,0,0,2020-03-09 21:00:00,2020-03-09,1,0,0,0,0
19,0,0,2020-03-08 21:00:00,2020-03-08,0,0,0,0,0
19,0,0,2020-03-07 21:00:00,2020-03-07,2,0,0,0,0
17,0,0,2020-03-06 21:00:00,2020-03-06,0,0,0,0,0
17,0,0,2020-03-05 21:00:00,2020-03-05,9,0,0,0,0
8,0,0,2020-03-04 21:00:00,2020-03-04,3,0,0,0,0
5,0,0,2020-03-03 21:00:00,2020-03-03,2,0,0,0,0
3,0,0,2020-03-02 21:00:00,2020-03-02,2,0,0,0,0
1,0,0,2020-03-01 21:00:00,2020-03-01,0,0,0,0,0
1,0,0,2020-02-29 21:00:00,2020-02-29,0,0,0,0,0
1,0,0,2020-02-28 21:00:00,2020-02-28,0,0,0,0,0
1,0,0,2020-02-27 21:00:00,2020-02-27,0,0,0,0,0
1,0,0,2020-02-26 21:00:00,2020-02-26,1,0,0,0,0
0,0,0,2020-02-25 21:00:00,2020-02-25,0,0,0,0,0
0,0,0,2020-02-24 21:00:00,2020-02-24,0,0,0,0,0
0,0,0,2020-02-23 21:00:00,2020-02-23,0,0,0,0,0
0,0,0,2020-02-22 21:00:00,2020-02-22,0,0,0,0,0
0,0,0,2020-02-21 21:00:00,2020-02-21,0,0,0,0,0
0,0,0,2020-02-20 21:00:00,2020-02-20,0,0,0,0,0
0,0,0,2020-02-19 21:00:00,2020-02-19,0,0,0,0,0
0,0,0,2020-02-18 21:00:00,2020-02-18,0,0,0,0,0
0,0,0,2020-02-17 21:00:00,2020-02-17,0,0,0,0,0
0,0,0,2020-02-16 21:00:00,2020-02-16,0,0,0,0,0
0,0,0,2020-02-15 21:00:00,2020-02-15,0,0,0,0,0
0,0,0,2020-02-14 21:00:00,2020-02-14,0,0,0,0,0
0,0,0,2020-02-13 21:00:00,2020-02-13,0,0,0,0,0
0,0,0,2020-02-12 21:00:00,2020-02-12,0,0,0,0,0
0,0,0,2020-02-11 20:30:00,2020-02-11,0,0,0,0,0
0,0,0,2020-02-10 21:00:00,2020-02-10,0,0,0,0,0
0,0,0,2020-02-09 21:00:00,2020-02-09,0,0,0,0,0
0,0,0,2020-02-08 21:00:00,2020-02-08,0,0,0,0,0
0,0,0,2020-02-07 21:00:00,2020-02-07,0,0,0,0,0
0,0,0,2020-02-06 21:00:00,2020-02-06,0,0,0,0,0
0,0,0,2020-02-05 21:00:00,2020-02-05,0,0,0,0,0
0,0,0,2020-02-04 20:00:00,2020-02-04,0,0,0,0,0
0,0,0,2020-02-03 20:00:00,2020-02-03,0,0,0,0,0
0,0,0,2020-02-02 20:00:00,2020-02-02,0,0,0,0,0
0,0,0,2020-02-01 10:00:00,2020-02-01,0,0,0,0,0
0,0,0,2020-01-31 12:30:00,2020-01-31,0,0,0,0,0
0,0,0,2020-01-30 12:00:00,2020-01-30,0,0,0,0,0
0,0,0,2020-01-29 14:00:00,2020-01-29,0,0,0,0,0
0,0,0,2020-01-28 11:30:00,2020-01-28,0,0,0,0,0
0,0,0,2020-01-27 14:00:00,2020-01-27,0,0,0,0,0
0,0,0,2020-01-26 13:00:00,2020-01-26,0,0,0,0,0
0,0,0,2020-01-25 15:00:00,2020-01-25,0,0,0,0,0
0,0,0,2020-01-24 15:00:00,2020-01-24,0,0,0,0,0
0,0,0,2020-01-23 15:00:00,2020-01-23,0,0,0,0,0
0,0,0,2020-01-22 15:00:00,2020-01-22,0,0,0,0,0
0,0,0,2020-01-21 15:00:00,2020-01-21,0,0,0,0,0
