Confirmed,Recovered,Deaths,Date_last_updated_AEDT,date_day,New,DayElapsed,New_death,DayElapsed_death,New_recover
46293,38848,508,2020-08-06 22:00:00,2020-08-06,912,139,18,132,848
45381,38000,490,2020-08-05 22:00:00,2020-08-05,784,138,14,131,758
44597,37242,476,2020-08-04 22:00:00,2020-08-04,814,137,11,130,665
43783,36577,465,2020-08-03 22:00:00,2020-08-03,608,136,4,129,541
43175,36036,461,2020-08-02 22:00:00,2020-08-02,632,135,8,128,623
42543,35413,453,2020-08-01 22:00:00,2020-08-01,782,134,11,127,675
41761,34738,442,2020-07-31 22:00:00,2020-07-31,793,133,8,126,798
40968,33940,434,2020-07-30 22:00:00,2020-07-30,787,132,6,125,752
40181,33188,428,2020-07-29 22:00:00,2020-07-29,732,131,20,124,823
39449,32365,408,2020-07-28 22:00:00,2020-07-28,826,130,7,123,742
38623,31623,401,2020-07-27 22:00:00,2020-07-27,642,129,2,122,540
37981,31083,399,2020-07-26 22:00:00,2020-07-26,732,128,5,121,1256
37249,29827,394,2020-07-25 22:00:00,2020-07-25,990,127,8,120,963
36259,28864,386,2020-07-24 22:00:00,2020-07-24,1013,126,6,119,874
35246,27990,380,2020-07-23 22:00:00,2020-07-23,591,125,6,118,707
34655,27283,374,2020-07-22 22:00:00,2020-07-22,728,124,11,117,886
33927,26397,363,2020-07-21 22:00:00,2020-07-21,699,123,5,116,544
33228,25853,358,2020-07-20 22:00:00,2020-07-20,695,122,1,115,560
32533,25293,357,2020-07-19 22:00:00,2020-07-19,771,121,4,114,517
31762,24776,353,2020-07-18 22:00:00,2020-07-18,648,120,12,113,581
31114,24195,341,2020-07-17 22:00:00,2020-07-17,740,119,6,112,666
30374,23529,335,2020-07-16 22:00:00,2020-07-16,562,118,4,111,666
29812,22863,331,2020-07-15 22:00:00,2020-07-15,873,117,8,110,757
28939,22106,323,2020-07-14 22:00:00,2020-07-14,572,116,2,109,515
28367,21591,321,2020-07-13 22:00:00,2020-07-13,502,115,2,108,401
27865,21190,319,2020-07-12 22:00:00,2020-07-12,1062,114,6,107,548
26803,20642,313,2020-07-11 22:00:00,2020-07-11,751,113,4,106,650
26052,19992,309,2020-07-10 22:00:00,2020-07-10,806,112,4,105,596
25246,19396,305,2020-07-09 22:00:00,2020-07-09,734,111,4,104,671
24512,18725,301,2020-07-08 22:00:00,2020-07-08,259,110,9,103,891
24253,17834,292,2020-07-07 22:00:00,2020-07-07,437,109,5,102,701
23816,17133,287,2020-07-06 22:00:00,2020-07-06,607,108,1,101,407
23209,16726,286,2020-07-05 22:00:00,2020-07-05,587,107,5,100,562
22622,16164,281,2020-07-04 22:00:00,2020-07-04,547,106,2,99,466
22075,15698,279,2020-07-03 22:00:00,2020-07-03,878,105,2,98,535
21197,15163,277,2020-07-02 22:00:00,2020-07-02,406,104,7,97,632
20791,14531,270,2020-07-01 22:00:00,2020-07-01,534,103,5,96,465
20257,14066,265,2020-06-30 22:00:00,2020-06-30,439,102,1,95,430
19818,13636,264,2020-06-29 22:00:00,2020-06-29,508,101,5,94,365
19310,13271,259,2020-06-28 22:00:00,2020-06-28,570,100,10,93,487
18740,12784,249,2020-06-27 22:00:00,2020-06-27,678,99,9,92,657
18062,12127,240,2020-06-26 22:00:00,2020-06-26,687,98,0,91,559
17375,11568,240,2020-06-25 22:00:00,2020-06-25,697,97,3,90,348
16678,11220,237,2020-06-24 22:00:00,2020-06-24,595,96,10,89,427
16083,10793,227,2020-06-23 22:00:00,2020-06-23,522,95,2,88,337
15561,10456,225,2020-06-22 22:00:00,2020-06-22,418,94,1,87,374
15143,10082,224,2020-06-21 22:00:00,2020-06-21,512,93,10,86,370
14631,9712,214,2020-06-20 22:00:00,2020-06-20,703,92,6,85,336
13928,9376,208,2020-06-19 22:00:00,2020-06-19,322,91,11,84,380
13606,8996,197,2020-06-18 22:00:00,2020-06-18,415,90,9,83,331
13191,8665,188,2020-06-17 22:00:00,2020-06-17,274,89,6,82,313
12917,8352,182,2020-06-16 22:00:00,2020-06-16,416,88,3,81,242
12501,8110,179,2020-06-15 22:00:00,2020-06-15,406,87,2,80,247
12095,7863,177,2020-06-14 22:00:00,2020-06-14,548,86,1,79,256
11547,7607,176,2020-06-13 22:00:00,2020-06-13,731,85,5,78,256
10816,7351,171,2020-06-12 22:00:00,2020-06-12,429,84,6,77,234
10387,7117,165,2020-06-11 22:00:00,2020-06-11,307,83,4,76,242
10080,6875,161,2020-06-10 22:00:00,2020-06-10,340,82,6,75,245
9740,6630,155,2020-06-09 22:00:00,2020-06-09,314,81,1,74,206
9426,6424,154,2020-06-08 22:00:00,2020-06-08,325,80,0,73,158
9101,6266,154,2020-06-07 22:00:00,2020-06-07,450,79,2,72,189
8651,6077,152,2020-06-06 22:00:00,2020-06-06,226,78,1,71,158
8425,5919,151,2020-06-05 22:00:00,2020-06-05,358,77,9,70,202
8067,5717,142,2020-06-04 22:00:00,2020-06-04,249,76,6,69,150
7818,5567,136,2020-06-03 22:00:00,2020-06-03,375,75,3,68,165
7443,5402,133,2020-06-02 22:00:00,2020-06-02,190,74,0,67,127
7253,5275,133,2020-06-01 22:00:00,2020-06-01,240,73,0,66,109
7013,5166,133,2020-05-31 22:00:00,2020-05-31,236,72,1,65,220
6777,4946,132,2020-05-30 22:00:00,2020-05-30,239,71,7,64,363
6538,4583,125,2020-05-29 22:00:00,2020-05-29,261,70,5,63,159
6277,4424,120,2020-05-28 22:00:00,2020-05-28,97,69,1,62,92
6180,4332,119,2020-05-27 22:00:00,2020-05-27,151,68,2,61,83
6029,4249,117,2020-05-26 22:00:00,2020-05-26,107,67,1,60,101
5922,4148,116,2020-05-25 22:00:00,2020-05-25,147,66,1,59,52
5775,4096,115,2020-05-24 22:00:00,2020-05-24,163,65,2,58,67
5612,4029,113,2020-05-23 22:00:00,2020-05-23,154,64,3,57,114
5458,3915,110,2020-05-22 22:00:00,2020-05-22,455,63,3,56,63
5003,3852,107,2020-05-21 22:00:00,2020-05-21,80,62,5,55,113
4923,3739,102,2020-05-20 22:00:00,2020-05-20,110,61,2,54,94
4813,3645,100,2020-05-19 22:00:00,2020-05-19,54,60,2,53,55
4759,3590,98,2020-05-18 22:00:00,2020-05-18,181,59,0,52,118
4578,3472,98,2020-05-17 22:00:00,2020-05-17,115,58,0,51,82
4463,3390,98,2020-05-16 22:00:00,2020-05-16,97,57,0,50,50
4366,3340,98,2020-05-15 22:00:00,2020-05-15,130,56,1,49,63
4236,3277,97,2020-05-14 22:00:00,2020-05-14,72,55,2,48,57
4164,3220,95,2020-05-13 22:00:00,2020-05-13,121,54,1,47,71
4043,3149,94,2020-05-12 22:00:00,2020-05-12,4,53,3,46,37
4039,3112,91,2020-05-11 22:00:00,2020-05-11,292,52,3,45,144
3747,2968,88,2020-05-10 22:00:00,2020-05-10,0,51,0,44,0
3747,2968,88,2020-05-09 22:00:00,2020-05-09,44,50,1,43,807
3703,2161,87,2020-05-08 22:00:00,2020-05-08,92,49,0,42,38
3611,2123,87,2020-05-07 22:00:00,2020-05-07,86,48,4,41,32
3525,2091,83,2020-05-06 22:00:00,2020-05-06,56,47,3,40,47
3469,2044,80,2020-05-05 22:00:00,2020-05-05,28,46,4,39,43
3441,2001,76,2020-05-04 22:00:00,2020-05-04,69,45,4,38,14
3372,1987,72,2020-05-03 22:00:00,2020-05-03,47,44,8,37,2
3325,1985,64,2020-05-02 22:00:00,2020-05-02,44,43,3,36,646
3281,1339,61,2020-05-01 22:00:00,2020-05-01,88,42,4,35,90
3193,1249,57,2020-04-30 22:00:00,2020-04-30,66,41,0,34,33
3127,1216,57,2020-04-29 22:00:00,2020-04-29,58,40,6,33,163
3069,1053,51,2020-04-28 22:00:00,2020-04-28,68,39,1,32,64
3001,989,50,2020-04-27 22:00:00,2020-04-27,92,38,2,31,4
2909,985,48,2020-04-26 22:00:00,2020-04-26,99,37,1,30,21
2810,964,47,2020-04-25 22:00:00,2020-04-25,211,36,2,29,66
2599,898,45,2020-04-24 22:00:00,2020-04-24,207,35,1,28,172
2392,726,44,2020-04-23 22:00:00,2020-04-23,130,34,1,27,0
2262,726,43,2020-04-22 22:00:00,2020-04-22,291,33,1,26,0
1971,726,42,2020-04-21 22:00:00,2020-04-21,190,32,3,25,0
1781,726,39,2020-04-20 22:00:00,2020-04-20,4,31,1,24,0
1777,726,38,2020-04-19 22:00:00,2020-04-19,82,30,1,23,178
1695,548,37,2020-04-18 22:00:00,2020-04-18,75,29,0,22,0
1620,548,37,2020-04-17 22:00:00,2020-04-17,21,28,3,21,59
1599,489,34,2020-04-16 22:00:00,2020-04-16,101,27,2,20,45
1498,444,32,2020-04-15 22:00:00,2020-04-15,23,26,2,19,53
1475,391,30,2020-04-14 22:00:00,2020-04-14,195,25,3,18,45
1280,346,27,2020-04-13 22:00:00,2020-04-13,52,24,2,17,0
1228,346,25,2020-04-12 22:00:00,2020-04-12,26,23,1,16,17
1202,329,24,2020-04-11 22:00:00,2020-04-11,56,22,3,15,24
1146,305,21,2020-04-10 22:00:00,2020-04-10,69,21,3,14,68
1077,237,18,2020-04-09 22:00:00,2020-04-09,80,20,0,13,48
997,189,18,2020-04-08 22:00:00,2020-04-08,70,19,2,12,87
927,102,16,2020-04-07 22:00:00,2020-04-07,74,18,0,11,5
853,97,16,2020-04-06 22:00:00,2020-04-06,110,17,2,10,18
743,79,14,2020-04-05 22:00:00,2020-04-05,5,16,2,9,19
738,60,12,2020-04-04 21:00:00,2020-04-04,55,15,0,8,10
683,50,12,2020-04-03 21:00:00,2020-04-03,59,14,2,7,8
624,42,10,2020-04-02 21:00:00,2020-04-02,60,13,2,6,42
564,0,8,2020-04-01 21:00:00,2020-04-01,56,12,1,5,0
508,0,7,2020-03-31 21:00:00,2020-03-31,59,11,1,4,0
449,0,6,2020-03-30 21:00:00,2020-03-30,40,10,1,3,0
409,0,5,2020-03-29 21:00:00,2020-03-29,23,9,2,2,0
386,0,3,2020-03-28 21:00:00,2020-03-28,37,8,1,1,0
349,0,2,2020-03-27 21:10:00,2020-03-27,41,7,0,0,0
308,0,2,2020-03-26 22:20:00,2020-03-26,76,6,0,0,0
232,0,2,2020-03-25 23:20:00,2020-03-25,35,5,2,0,0
197,0,0,2020-03-24 21:20:00,2020-03-24,32,4,0,0,0
165,0,0,2020-03-23 21:40:00,2020-03-23,43,3,0,0,0
122,0,0,2020-03-22 21:00:00,2020-03-22,22,2,0,0,0
100,0,0,2020-03-21 21:00:00,2020-03-21,38,1,0,0,0
62,0,0,2020-03-20 21:20:00,2020-03-20,25,0,0,0,0
37,0,0,2020-03-19 21:30:00,2020-03-19,15,0,0,0,0
22,0,0,2020-03-18 22:00:00,2020-03-18,0,0,0,0,0
22,0,0,2020-03-17 21:00:00,2020-03-17,6,0,0,0,0
16,0,0,2020-03-16 21:00:00,2020-03-16,4,0,0,0,0
12,0,0,2020-03-15 21:00:00,2020-03-15,3,0,0,0,0
9,0,0,2020-03-14 21:00:00,2020-03-14,3,0,0,0,0
6,0,0,2020-03-13 21:00:00,2020-03-13,5,0,0,0,0
1,0,0,2020-03-12 21:00:00,2020-03-12,1,0,0,0,0
0,0,0,2020-03-11 21:00:00,2020-03-11,0,0,0,0,0
0,0,0,2020-03-10 21:00:00,2020-03-10,0,0,0,0,0
0,0,0,2020-03-09 21:00:00,2020-03-09,0,0,0,0,0
0,0,0,2020-03-08 21:00:00,2020-03-08,0,0,0,0,0
0,0,0,2020-03-07 21:00:00,2020-03-07,0,0,0,0,0
0,0,0,2020-03-06 21:00:00,2020-03-06,0,0,0,0,0
0,0,0,2020-03-05 21:00:00,2020-03-05,0,0,0,0,0
0,0,0,2020-03-04 21:00:00,2020-03-04,0,0,0,0,0
0,0,0,2020-03-03 21:00:00,2020-03-03,0,0,0,0,0
0,0,0,2020-03-02 21:00:00,2020-03-02,0,0,0,0,0
0,0,0,2020-03-01 21:00:00,2020-03-01,0,0,0,0,0
0,0,0,2020-02-29 21:00:00,2020-02-29,0,0,0,0,0
0,0,0,2020-02-28 21:00:00,2020-02-28,0,0,0,0,0
0,0,0,2020-02-27 21:00:00,2020-02-27,0,0,0,0,0
0,0,0,2020-02-26 21:00:00,2020-02-26,0,0,0,0,0
0,0,0,2020-02-25 21:00:00,2020-02-25,0,0,0,0,0
0,0,0,2020-02-24 21:00:00,2020-02-24,0,0,0,0,0
0,0,0,2020-02-23 21:00:00,2020-02-23,0,0,0,0,0
0,0,0,2020-02-22 21:00:00,2020-02-22,0,0,0,0,0
0,0,0,2020-02-21 21:00:00,2020-02-21,0,0,0,0,0
0,0,0,2020-02-20 21:00:00,2020-02-20,0,0,0,0,0
0,0,0,2020-02-19 21:00:00,2020-02-19,0,0,0,0,0
0,0,0,2020-02-18 21:00:00,2020-02-18,0,0,0,0,0
0,0,0,2020-02-17 21:00:00,2020-02-17,0,0,0,0,0
0,0,0,2020-02-16 21:00:00,2020-02-16,0,0,0,0,0
0,0,0,2020-02-15 21:00:00,2020-02-15,0,0,0,0,0
0,0,0,2020-02-14 21:00:00,2020-02-14,0,0,0,0,0
0,0,0,2020-02-13 21:00:00,2020-02-13,0,0,0,0,0
0,0,0,2020-02-12 21:00:00,2020-02-12,0,0,0,0,0
0,0,0,2020-02-11 20:30:00,2020-02-11,0,0,0,0,0
0,0,0,2020-02-10 21:00:00,2020-02-10,0,0,0,0,0
0,0,0,2020-02-09 21:00:00,2020-02-09,0,0,0,0,0
0,0,0,2020-02-08 21:00:00,2020-02-08,0,0,0,0,0
0,0,0,2020-02-07 21:00:00,2020-02-07,0,0,0,0,0
0,0,0,2020-02-06 21:00:00,2020-02-06,0,0,0,0,0
0,0,0,2020-02-05 21:00:00,2020-02-05,0,0,0,0,0
0,0,0,2020-02-04 20:00:00,2020-02-04,0,0,0,0,0
0,0,0,2020-02-03 20:00:00,2020-02-03,0,0,0,0,0
0,0,0,2020-02-02 20:00:00,2020-02-02,0,0,0,0,0
0,0,0,2020-02-01 10:00:00,2020-02-01,0,0,0,0,0
0,0,0,2020-01-31 12:30:00,2020-01-31,0,0,0,0,0
0,0,0,2020-01-30 12:00:00,2020-01-30,0,0,0,0,0
0,0,0,2020-01-29 14:00:00,2020-01-29,0,0,0,0,0
0,0,0,2020-01-28 11:30:00,2020-01-28,0,0,0,0,0
0,0,0,2020-01-27 14:00:00,2020-01-27,0,0,0,0,0
0,0,0,2020-01-26 13:00:00,2020-01-26,0,0,0,0,0
0,0,0,2020-01-25 15:00:00,2020-01-25,0,0,0,0,0
0,0,0,2020-01-24 15:00:00,2020-01-24,0,0,0,0,0
0,0,0,2020-01-23 15:00:00,2020-01-23,0,0,0,0,0
0,0,0,2020-01-22 15:00:00,2020-01-22,0,0,0,0,0
0,0,0,2020-01-21 15:00:00,2020-01-21,0,0,0,0,0
