Confirmed,Recovered,Deaths,Date_last_updated_AEDT,date_day,New,DayElapsed,New_death,DayElapsed_death,New_recover
21696,19596,719,2020-08-06 22:00:00,2020-08-06,130,152,0,143,132
21566,19464,719,2020-08-05 22:00:00,2020-08-05,181,151,1,142,401
21385,19063,718,2020-08-04 22:00:00,2020-08-04,81,150,0,141,79
21304,18984,718,2020-08-03 22:00:00,2020-08-03,0,149,0,140,0
21304,18984,718,2020-08-02 22:00:00,2020-08-02,92,148,0,139,73
21212,18911,718,2020-08-01 22:00:00,2020-08-01,82,147,0,138,153
21130,18758,718,2020-07-31 22:00:00,2020-07-31,175,146,0,137,130
20955,18628,718,2020-07-30 22:00:00,2020-07-30,105,145,2,136,100
20850,18528,716,2020-07-29 22:00:00,2020-07-29,173,144,3,135,149
20677,18379,713,2020-07-28 22:00:00,2020-07-28,119,143,0,134,133
20558,18246,713,2020-07-27 22:00:00,2020-07-27,86,142,1,133,37
20472,18209,712,2020-07-26 22:00:00,2020-07-26,134,141,0,132,85
20338,18124,712,2020-07-25 22:00:00,2020-07-25,124,140,1,131,82
20214,18042,711,2020-07-24 22:00:00,2020-07-24,285,139,0,130,193
19929,17849,711,2020-07-23 22:00:00,2020-07-23,0,138,0,129,0
19929,17849,711,2020-07-22 22:00:00,2020-07-22,102,137,1,128,133
19827,17716,710,2020-07-21 22:00:00,2020-07-21,84,136,-1,127,57
19743,17659,711,2020-07-20 22:00:00,2020-07-20,88,135,0,126,60
19655,17599,711,2020-07-19 22:00:00,2020-07-19,82,134,0,125,98
19573,17501,711,2020-07-18 22:00:00,2020-07-18,303,133,0,124,257
19270,17244,711,2020-07-17 22:00:00,2020-07-17,0,132,0,123,0
19270,17244,711,2020-07-16 22:00:00,2020-07-16,116,131,1,122,69
19154,17175,710,2020-07-15 22:00:00,2020-07-15,206,130,2,121,175
18948,17000,708,2020-07-14 22:00:00,2020-07-14,0,129,0,120,0
18948,17000,708,2020-07-13 22:00:00,2020-07-13,51,128,0,119,48
18897,16952,708,2020-07-12 22:00:00,2020-07-12,114,127,2,118,88
18783,16864,706,2020-07-11 22:00:00,2020-07-11,74,126,0,117,56
18709,16808,706,2020-07-10 22:00:00,2020-07-10,196,125,0,116,87
18513,16721,706,2020-07-09 22:00:00,2020-07-09,0,124,0,115,0
18513,16721,706,2020-07-08 22:00:00,2020-07-08,92,123,0,114,35
18421,16686,706,2020-07-07 22:00:00,2020-07-07,56,122,0,113,39
18365,16647,706,2020-07-06 22:00:00,2020-07-06,85,121,0,112,32
18280,16615,706,2020-07-05 22:00:00,2020-07-05,115,120,1,111,8
18165,16607,705,2020-07-04 22:00:00,2020-07-04,115,119,0,110,49
18050,16558,705,2020-07-03 22:00:00,2020-07-03,109,118,0,109,44
17941,16514,705,2020-07-02 22:00:00,2020-07-02,175,117,0,108,36
17766,16478,705,2020-07-01 22:00:00,2020-07-01,43,116,2,107,58
17723,16420,703,2020-06-30 22:00:00,2020-06-30,0,115,0,106,0
17723,16420,703,2020-06-29 22:00:00,2020-06-29,69,114,1,105,19
17654,16401,702,2020-06-28 22:00:00,2020-06-28,74,113,2,104,30
17580,16371,700,2020-06-27 22:00:00,2020-06-27,58,112,2,103,23
17522,16348,698,2020-06-26 22:00:00,2020-06-26,45,111,0,102,28
17477,16320,698,2020-06-25 22:00:00,2020-06-25,28,110,5,101,38
17449,16282,693,2020-06-24 22:00:00,2020-06-24,41,109,0,100,21
17408,16261,693,2020-06-23 22:00:00,2020-06-23,28,108,3,99,20
17380,16241,690,2020-06-22 22:00:00,2020-06-22,57,107,2,98,66
17323,16175,688,2020-06-21 22:00:00,2020-06-21,0,106,0,97,0
17323,16175,688,2020-06-20 22:00:00,2020-06-20,52,105,0,96,34
17271,16141,688,2020-06-19 22:00:00,2020-06-19,68,104,1,95,42
17203,16099,687,2020-06-18 22:00:00,2020-06-18,14,103,6,94,10
17189,16089,681,2020-06-17 22:00:00,2020-06-17,0,102,0,93,0
17189,16089,681,2020-06-16 22:00:00,2020-06-16,54,101,3,92,23
17135,16066,678,2020-06-15 22:00:00,2020-06-15,57,100,1,91,54
17078,16012,677,2020-06-14 22:00:00,2020-06-14,0,99,0,90,0
17078,16012,677,2020-06-13 22:00:00,2020-06-13,44,98,3,89,63
17034,15949,674,2020-06-12 22:00:00,2020-06-12,0,97,0,88,0
17034,15949,674,2020-06-11 22:00:00,2020-06-11,29,96,1,87,39
17005,15910,673,2020-06-10 22:00:00,2020-06-10,26,95,1,86,35
16979,15875,672,2020-06-09 22:00:00,2020-06-09,11,94,0,85,36
16968,15839,672,2020-06-08 22:00:00,2020-06-08,70,93,0,84,50
16898,15789,672,2020-06-07 22:00:00,2020-06-07,0,92,0,83,0
16898,15789,672,2020-06-06 22:00:00,2020-06-06,55,91,0,82,47
16843,15742,672,2020-06-05 22:00:00,2020-06-05,38,90,2,81,25
16805,15717,670,2020-06-04 22:00:00,2020-06-04,46,89,1,80,88
16759,15629,669,2020-06-03 22:00:00,2020-06-03,0,88,0,79,0
16759,15629,669,2020-06-02 22:00:00,2020-06-02,26,87,1,78,33
16733,15596,668,2020-06-01 22:00:00,2020-06-01,2,86,0,77,3
16731,15593,668,2020-05-31 22:00:00,2020-05-31,46,85,0,76,73
16685,15520,668,2020-05-30 22:00:00,2020-05-30,30,84,0,75,173
16655,15347,668,2020-05-29 22:00:00,2020-05-29,27,83,0,74,61
16628,15286,668,2020-05-28 22:00:00,2020-05-28,71,82,23,73,58
16557,15228,645,2020-05-27 22:00:00,2020-05-27,0,81,2,72,46
16557,15182,643,2020-05-26 22:00:00,2020-05-26,18,80,2,71,44
16539,15138,641,2020-05-25 22:00:00,2020-05-25,36,79,1,70,75
16503,15063,640,2020-05-24 22:00:00,2020-05-24,17,78,1,69,26
16486,15037,639,2020-05-23 22:00:00,2020-05-23,50,77,4,68,32
16436,15005,635,2020-05-22 22:00:00,2020-05-22,32,76,2,67,54
16404,14951,633,2020-05-21 22:00:00,2020-05-21,51,75,0,66,69
16353,14882,633,2020-05-20 22:00:00,2020-05-20,32,74,1,65,204
16321,14678,632,2020-05-19 22:00:00,2020-05-19,52,73,3,64,64
16269,14614,629,2020-05-18 22:00:00,2020-05-18,27,72,0,63,51
16242,14563,629,2020-05-17 22:00:00,2020-05-17,41,71,0,62,39
16201,14524,629,2020-05-16 22:00:00,2020-05-16,93,70,1,61,53
16108,14471,628,2020-05-15 22:00:00,2020-05-15,50,69,2,60,66
16058,14405,626,2020-05-14 22:00:00,2020-05-14,61,68,2,59,101
15997,14304,624,2020-05-13 22:00:00,2020-05-13,36,67,1,58,156
15961,14148,623,2020-05-12 22:00:00,2020-05-12,79,66,3,57,87
15882,14061,620,2020-05-11 22:00:00,2020-05-11,11,65,2,56,70
15871,13991,618,2020-05-10 22:00:00,2020-05-10,38,64,3,55,63
15833,13928,615,2020-05-09 22:00:00,2020-05-09,59,63,1,54,92
15774,13836,614,2020-05-08 22:00:00,2020-05-08,22,62,5,53,138
15752,13698,609,2020-05-07 22:00:00,2020-05-07,68,61,1,52,59
15684,13639,608,2020-05-06 22:00:00,2020-05-06,34,60,2,51,177
15650,13462,606,2020-05-05 22:00:00,2020-05-05,53,59,8,50,234
15597,13228,598,2020-05-04 22:00:00,2020-05-04,0,58,0,49,0
15597,13228,598,2020-05-03 22:00:00,2020-05-03,39,57,2,48,48
15558,13180,596,2020-05-02 22:00:00,2020-05-02,-3,56,7,47,70
15561,13110,589,2020-05-01 22:00:00,2020-05-01,109,55,5,46,203
15452,12907,584,2020-04-30 22:00:00,2020-04-30,50,54,4,45,128
15402,12779,580,2020-04-29 22:00:00,2020-04-29,45,53,11,44,199
15357,12580,569,2020-04-28 22:00:00,2020-04-28,83,52,20,43,218
15274,12362,549,2020-04-27 22:00:00,2020-04-27,49,51,7,42,80
15225,12282,542,2020-04-26 22:00:00,2020-04-26,77,50,6,41,179
15148,12103,536,2020-04-25 22:00:00,2020-04-25,77,49,14,40,231
15071,11872,522,2020-04-24 22:00:00,2020-04-24,69,48,0,39,178
15002,11694,522,2020-04-23 22:00:00,2020-04-23,77,47,12,38,366
14925,11328,510,2020-04-22 22:00:00,2020-04-22,52,46,19,37,357
14873,10971,491,2020-04-21 22:00:00,2020-04-21,78,45,21,36,340
14795,10631,470,2020-04-20 22:00:00,2020-04-20,114,44,27,35,130
14681,10501,443,2020-04-19 22:00:00,2020-04-19,10,43,0,34,287
14671,10214,443,2020-04-18 22:00:00,2020-04-18,144,42,33,33,510
14527,9704,410,2020-04-17 22:00:00,2020-04-17,115,41,17,32,1606
14412,8098,393,2020-04-16 22:00:00,2020-04-16,122,40,0,31,0
14290,8098,393,2020-04-15 22:00:00,2020-04-15,155,39,9,30,465
14135,7633,384,2020-04-14 22:00:00,2020-04-14,151,38,16,29,290
13984,7343,368,2020-04-13 22:00:00,2020-04-13,39,37,18,28,356
13945,6987,350,2020-04-12 22:00:00,2020-04-12,201,36,13,27,383
13744,6604,337,2020-04-11 22:00:00,2020-04-11,313,35,18,26,540
13431,6064,319,2020-04-10 22:00:00,2020-04-10,357,34,24,25,824
13074,5240,295,2020-04-09 22:00:00,2020-04-09,250,33,22,24,728
12824,4512,273,2020-04-08 22:00:00,2020-04-08,363,32,30,23,466
12461,4046,243,2020-04-07 22:00:00,2020-04-07,352,31,23,22,583
12109,3463,220,2020-04-06 22:00:00,2020-04-06,248,30,16,21,465
11861,2998,204,2020-04-05 22:00:00,2020-04-05,80,29,18,20,491
11781,2507,186,2020-04-04 21:00:00,2020-04-04,530,28,18,19,485
11251,2022,168,2020-04-03 21:00:00,2020-04-03,374,27,10,18,273
10877,1749,158,2020-04-02 21:00:00,2020-04-02,490,26,12,17,654
10387,1095,146,2020-04-01 21:00:00,2020-04-01,536,25,18,16,0
9851,1095,128,2020-03-31 21:00:00,2020-03-31,748,24,20,15,459
9103,636,108,2020-03-30 21:00:00,2020-03-30,692,23,22,14,157
8411,479,86,2020-03-29 21:00:00,2020-03-29,699,22,18,13,254
7712,225,68,2020-03-28 21:00:00,2020-03-28,516,21,10,12,0
7196,225,58,2020-03-27 21:10:00,2020-03-27,1195,20,16,11,113
6001,112,42,2020-03-26 22:20:00,2020-03-26,485,19,12,10,103
5516,9,30,2020-03-25 23:20:00,2020-03-25,734,18,5,9,0
4782,9,25,2020-03-24 21:20:00,2020-03-24,1023,17,9,8,0
3759,9,16,2020-03-23 21:40:00,2020-03-23,735,16,8,7,0
3024,9,8,2020-03-22 21:00:00,2020-03-22,329,15,1,6,0
2695,9,7,2020-03-21 21:00:00,2020-03-21,492,14,1,5,0
2203,9,6,2020-03-20 21:20:00,2020-03-20,360,13,1,4,0
1843,9,5,2020-03-19 21:30:00,2020-03-19,372,12,1,3,0
1471,9,4,2020-03-18 22:00:00,2020-03-18,260,11,1,2,1
1211,8,3,2020-03-17 21:00:00,2020-03-17,193,10,1,1,2
1018,6,2,2020-03-16 21:00:00,2020-03-16,218,9,1,0,0
800,6,1,2020-03-15 21:00:00,2020-03-15,198,8,0,0,0
602,6,1,2020-03-14 21:00:00,2020-03-14,174,7,0,0,2
428,4,1,2020-03-13 21:00:00,2020-03-13,126,6,0,0,0
302,4,1,2020-03-12 21:00:00,2020-03-12,96,5,1,0,0
206,4,0,2020-03-11 21:00:00,2020-03-11,49,4,0,0,2
157,2,0,2020-03-10 21:00:00,2020-03-10,45,3,0,0,0
112,2,0,2020-03-09 21:00:00,2020-03-09,8,2,0,0,0
104,2,0,2020-03-08 21:00:00,2020-03-08,30,1,0,0,0
74,2,0,2020-03-07 21:00:00,2020-03-07,27,0,0,0,0
47,2,0,2020-03-06 21:00:00,2020-03-06,10,0,0,0,2
37,0,0,2020-03-05 21:00:00,2020-03-05,10,0,0,0,0
27,0,0,2020-03-04 21:00:00,2020-03-04,9,0,0,0,0
18,0,0,2020-03-03 21:00:00,2020-03-03,3,0,0,0,0
15,0,0,2020-03-02 21:00:00,2020-03-02,5,0,0,0,0
10,0,0,2020-03-01 21:00:00,2020-03-01,1,0,0,0,0
9,0,0,2020-02-29 21:00:00,2020-02-29,4,0,0,0,0
5,0,0,2020-02-28 21:00:00,2020-02-28,2,0,0,0,0
3,0,0,2020-02-27 21:00:00,2020-02-27,1,0,0,0,0
2,0,0,2020-02-26 21:00:00,2020-02-26,2,0,0,0,0
0,0,0,2020-02-25 21:00:00,2020-02-25,0,0,0,0,0
0,0,0,2020-02-24 21:00:00,2020-02-24,0,0,0,0,0
0,0,0,2020-02-23 21:00:00,2020-02-23,0,0,0,0,0
0,0,0,2020-02-22 21:00:00,2020-02-22,0,0,0,0,0
0,0,0,2020-02-21 21:00:00,2020-02-21,0,0,0,0,0
0,0,0,2020-02-20 21:00:00,2020-02-20,0,0,0,0,0
0,0,0,2020-02-19 21:00:00,2020-02-19,0,0,0,0,0
0,0,0,2020-02-18 21:00:00,2020-02-18,0,0,0,0,0
0,0,0,2020-02-17 21:00:00,2020-02-17,0,0,0,0,0
0,0,0,2020-02-16 21:00:00,2020-02-16,0,0,0,0,0
0,0,0,2020-02-15 21:00:00,2020-02-15,0,0,0,0,0
0,0,0,2020-02-14 21:00:00,2020-02-14,0,0,0,0,0
0,0,0,2020-02-13 21:00:00,2020-02-13,0,0,0,0,0
0,0,0,2020-02-12 21:00:00,2020-02-12,0,0,0,0,0
0,0,0,2020-02-11 20:30:00,2020-02-11,0,0,0,0,0
0,0,0,2020-02-10 21:00:00,2020-02-10,0,0,0,0,0
0,0,0,2020-02-09 21:00:00,2020-02-09,0,0,0,0,0
0,0,0,2020-02-08 21:00:00,2020-02-08,0,0,0,0,0
0,0,0,2020-02-07 21:00:00,2020-02-07,0,0,0,0,0
0,0,0,2020-02-06 21:00:00,2020-02-06,0,0,0,0,0
0,0,0,2020-02-05 21:00:00,2020-02-05,0,0,0,0,0
0,0,0,2020-02-04 20:00:00,2020-02-04,0,0,0,0,0
0,0,0,2020-02-03 20:00:00,2020-02-03,0,0,0,0,0
0,0,0,2020-02-02 20:00:00,2020-02-02,0,0,0,0,0
0,0,0,2020-02-01 10:00:00,2020-02-01,0,0,0,0,0
0,0,0,2020-01-31 12:30:00,2020-01-31,0,0,0,0,0
0,0,0,2020-01-30 12:00:00,2020-01-30,0,0,0,0,0
0,0,0,2020-01-29 14:00:00,2020-01-29,0,0,0,0,0
0,0,0,2020-01-28 11:30:00,2020-01-28,0,0,0,0,0
0,0,0,2020-01-27 14:00:00,2020-01-27,0,0,0,0,0
0,0,0,2020-01-26 13:00:00,2020-01-26,0,0,0,0,0
0,0,0,2020-01-25 15:00:00,2020-01-25,0,0,0,0,0
0,0,0,2020-01-24 15:00:00,2020-01-24,0,0,0,0,0
0,0,0,2020-01-23 15:00:00,2020-01-23,0,0,0,0,0
0,0,0,2020-01-22 15:00:00,2020-01-22,0,0,0,0,0
0,0,0,2020-01-21 15:00:00,2020-01-21,0,0,0,0,0
