Confirmed,Recovered,Deaths,Date_last_updated_AEDT,date_day,New,DayElapsed,New_death,DayElapsed_death,New_recover
33103,28840,476,2020-08-06 22:00:00,2020-08-06,193,134,3,134,492
32910,28348,473,2020-08-05 22:00:00,2020-08-05,226,133,5,133,588
32684,27760,468,2020-08-04 22:00:00,2020-08-04,241,132,6,132,647
32443,27113,462,2020-08-03 22:00:00,2020-08-03,286,131,8,131,639
32157,26474,454,2020-08-02 22:00:00,2020-08-02,279,130,6,130,592
31878,25882,448,2020-08-01 22:00:00,2020-08-01,318,129,7,129,714
31560,25168,441,2020-07-31 22:00:00,2020-07-31,339,128,3,128,673
31221,24495,438,2020-07-30 22:00:00,2020-07-30,363,127,8,127,622
30858,23873,430,2020-07-29 22:00:00,2020-07-29,412,126,7,126,631
30446,23242,423,2020-07-28 22:00:00,2020-07-28,396,125,6,125,558
30050,22684,417,2020-07-27 22:00:00,2020-07-27,417,124,9,124,602
29633,22082,408,2020-07-26 22:00:00,2020-07-26,321,123,8,123,535
29312,21547,400,2020-07-25 22:00:00,2020-07-25,332,122,9,122,573
28980,20974,391,2020-07-24 22:00:00,2020-07-24,347,121,6,121,531
28633,20443,385,2020-07-23 22:00:00,2020-07-23,391,120,9,120,504
28242,19939,376,2020-07-22 22:00:00,2020-07-22,352,119,13,119,449
27890,19490,363,2020-07-21 22:00:00,2020-07-21,369,118,9,118,523
27521,18967,354,2020-07-20 22:00:00,2020-07-20,388,117,5,117,517
27133,18450,349,2020-07-19 22:00:00,2020-07-19,497,116,8,116,645
26636,17805,341,2020-07-18 22:00:00,2020-07-18,471,115,7,115,549
26165,17256,334,2020-07-17 22:00:00,2020-07-17,493,114,8,114,561
25672,16695,326,2020-07-16 22:00:00,2020-07-16,559,113,7,113,545
25113,16150,319,2020-07-15 22:00:00,2020-07-15,543,112,6,112,510
24570,15640,313,2020-07-14 22:00:00,2020-07-14,529,111,7,111,547
24041,15093,306,2020-07-13 22:00:00,2020-07-13,520,110,8,110,486
23521,14607,298,2020-07-12 22:00:00,2020-07-12,531,109,6,109,514
22990,14093,292,2020-07-11 22:00:00,2020-07-11,526,108,8,108,502
22464,13591,284,2020-07-10 22:00:00,2020-07-10,548,107,10,107,491
21916,13100,274,2020-07-09 22:00:00,2020-07-09,542,106,9,106,465
21374,12635,265,2020-07-08 22:00:00,2020-07-08,537,105,7,105,453
20837,12182,258,2020-07-07 22:00:00,2020-07-07,513,104,8,104,440
20324,11742,250,2020-07-06 22:00:00,2020-07-06,523,103,9,103,451
19801,11291,241,2020-07-05 22:00:00,2020-07-05,534,102,6,102,471
19267,10820,235,2020-07-04 22:00:00,2020-07-04,583,101,7,101,395
18684,10425,228,2020-07-03 22:00:00,2020-07-03,572,100,8,100,364
18112,10061,220,2020-07-02 22:00:00,2020-07-02,588,99,7,99,346
17524,9715,213,2020-07-01 22:00:00,2020-07-01,556,98,7,98,346
16968,9369,206,2020-06-30 22:00:00,2020-06-30,544,97,8,97,343
16424,9026,198,2020-06-29 22:00:00,2020-06-29,534,96,5,96,307
15890,8719,193,2020-06-28 22:00:00,2020-06-28,521,95,6,95,355
15369,8364,187,2020-06-27 22:00:00,2020-06-27,517,94,7,94,305
14852,8059,180,2020-06-26 22:00:00,2020-06-26,547,93,6,93,291
14305,7768,174,2020-06-25 22:00:00,2020-06-25,590,92,7,92,265
13715,7503,167,2020-06-24 22:00:00,2020-06-24,508,91,6,91,335
13207,7168,161,2020-06-23 22:00:00,2020-06-23,478,90,7,90,369
12729,6799,154,2020-06-22 22:00:00,2020-06-22,491,89,6,89,283
12238,6516,148,2020-06-21 22:00:00,2020-06-21,471,88,5,88,191
11767,6325,143,2020-06-20 22:00:00,2020-06-20,438,87,4,87,133
11329,6192,139,2020-06-19 22:00:00,2020-06-19,338,86,6,86,117
10991,6075,133,2020-06-18 22:00:00,2020-06-18,329,85,7,85,127
10662,5948,126,2020-06-17 22:00:00,2020-06-17,338,84,4,84,209
10324,5739,122,2020-06-16 22:00:00,2020-06-16,367,83,3,83,156
9957,5583,119,2020-06-15 22:00:00,2020-06-15,387,82,4,82,274
9570,5309,115,2020-06-14 22:00:00,2020-06-14,352,81,2,81,193
9218,5116,113,2020-06-13 22:00:00,2020-06-13,336,80,5,80,186
8882,4930,108,2020-06-12 22:00:00,2020-06-12,352,79,6,79,210
8530,4720,102,2020-06-11 22:00:00,2020-06-11,339,78,4,78,114
8191,4606,98,2020-06-10 22:00:00,2020-06-10,315,77,5,77,229
7876,4377,93,2020-06-09 22:00:00,2020-06-09,323,76,5,76,228
7553,4149,88,2020-06-08 22:00:00,2020-06-08,314,75,4,75,125
7239,4024,84,2020-06-07 22:00:00,2020-06-07,379,74,2,74,153
6860,3871,82,2020-06-06 22:00:00,2020-06-06,338,73,4,73,134
6522,3737,78,2020-06-05 22:00:00,2020-06-05,262,72,2,72,72
6260,3665,76,2020-06-04 22:00:00,2020-06-04,325,71,5,71,101
5935,3564,71,2020-06-03 22:00:00,2020-06-03,273,70,3,70,56
5662,3508,68,2020-06-02 22:00:00,2020-06-02,168,69,5,69,80
5494,3428,63,2020-06-01 22:00:00,2020-06-01,248,68,2,68,101
5246,3327,61,2020-05-31 22:00:00,2020-05-31,257,67,3,67,202
4989,3125,58,2020-05-30 22:00:00,2020-05-30,230,66,2,66,103
4759,3022,56,2020-05-29 22:00:00,2020-05-29,191,65,2,65,125
4568,2897,54,2020-05-28 22:00:00,2020-05-28,165,64,2,64,78
4403,2819,52,2020-05-27 22:00:00,2020-05-27,132,63,1,63,78
4271,2741,51,2020-05-26 22:00:00,2020-05-26,149,62,2,62,134
4122,2607,49,2020-05-25 22:00:00,2020-05-25,140,61,0,61,101
3982,2506,49,2020-05-24 22:00:00,2020-05-24,127,60,3,60,107
3855,2399,46,2020-05-23 22:00:00,2020-05-23,106,59,2,59,59
3749,2340,44,2020-05-22 22:00:00,2020-05-22,118,58,1,58,87
3631,2253,43,2020-05-21 22:00:00,2020-05-21,113,57,2,57,55
3518,2198,41,2020-05-20 22:00:00,2020-05-20,131,56,1,56,143
3387,2055,40,2020-05-19 22:00:00,2020-05-19,113,55,1,55,40
3274,2015,39,2020-05-18 22:00:00,2020-05-18,136,54,3,54,71
3138,1944,36,2020-05-17 22:00:00,2020-05-17,158,53,0,53,58
2980,1886,36,2020-05-16 22:00:00,2020-05-16,101,52,1,52,53
2879,1833,35,2020-05-15 22:00:00,2020-05-15,121,51,0,51,44
2758,1789,35,2020-05-14 22:00:00,2020-05-14,65,50,2,50,54
2693,1735,33,2020-05-13 22:00:00,2020-05-13,104,49,1,49,55
2589,1680,32,2020-05-12 22:00:00,2020-05-12,70,48,0,48,30
2519,1650,32,2020-05-11 22:00:00,2020-05-11,97,47,1,47,30
2422,1620,31,2020-05-10 22:00:00,2020-05-10,143,46,3,46,44
2279,1576,28,2020-05-09 22:00:00,2020-05-09,75,45,0,45,25
2204,1551,28,2020-05-08 22:00:00,2020-05-08,77,44,0,44,15
2127,1536,28,2020-05-07 22:00:00,2020-05-07,67,43,2,43,28
2060,1508,26,2020-05-06 22:00:00,2020-05-06,76,42,0,42,28
1984,1480,26,2020-05-05 22:00:00,2020-05-05,52,41,1,41,39
1932,1441,25,2020-05-04 22:00:00,2020-05-04,38,40,0,40,30
1894,1411,25,2020-05-03 22:00:00,2020-05-03,0,39,0,39,0
1894,1411,25,2020-05-02 22:00:00,2020-05-02,90,38,1,38,86
1804,1325,24,2020-05-01 22:00:00,2020-05-01,38,37,1,37,58
1766,1267,23,2020-04-30 22:00:00,2020-04-30,49,36,1,36,46
1717,1221,22,2020-04-29 22:00:00,2020-04-29,39,35,0,35,59
1678,1162,22,2020-04-28 22:00:00,2020-04-28,33,34,1,34,23
1645,1139,21,2020-04-27 22:00:00,2020-04-27,0,33,0,33,0
1645,1139,21,2020-04-26 22:00:00,2020-04-26,53,32,0,32,126
1592,1013,21,2020-04-25 22:00:00,2020-04-25,44,31,1,31,65
1548,948,20,2020-04-24 22:00:00,2020-04-24,30,30,0,30,41
1518,907,20,2020-04-23 22:00:00,2020-04-23,38,29,0,29,42
1480,865,20,2020-04-22 22:00:00,2020-04-22,44,28,1,28,74
1436,791,19,2020-04-21 22:00:00,2020-04-21,38,27,0,27,79
1398,712,19,2020-04-20 22:00:00,2020-04-20,25,26,1,26,122
1373,590,18,2020-04-19 22:00:00,2020-04-19,33,25,3,25,62
1340,528,15,2020-04-18 22:00:00,2020-04-18,57,24,0,24,68
1283,460,15,2020-04-17 22:00:00,2020-04-17,30,23,2,23,56
1253,404,13,2020-04-16 22:00:00,2020-04-16,56,22,0,22,53
1197,351,13,2020-04-15 22:00:00,2020-04-15,49,21,1,21,62
1148,289,12,2020-04-14 22:00:00,2020-04-14,50,20,1,20,39
1098,250,11,2020-04-13 22:00:00,2020-04-13,40,19,0,19,50
1058,200,11,2020-04-12 22:00:00,2020-04-12,67,18,1,18,41
991,159,10,2020-04-11 22:00:00,2020-04-11,65,17,1,17,58
926,101,9,2020-04-10 22:00:00,2020-04-10,104,16,1,16,38
822,63,8,2020-04-09 22:00:00,2020-04-09,105,15,0,15,19
717,44,8,2020-04-08 22:00:00,2020-04-08,76,14,1,14,0
641,44,7,2020-04-07 22:00:00,2020-04-07,57,13,0,13,12
584,32,7,2020-04-06 22:00:00,2020-04-06,0,12,2,12,0
584,32,5,2020-04-05 22:00:00,2020-04-05,141,11,0,11,0
443,32,5,2020-04-04 21:00:00,2020-04-04,0,10,0,10,0
443,32,5,2020-04-03 21:00:00,2020-04-03,43,9,0,9,6
400,26,5,2020-04-02 21:00:00,2020-04-02,41,8,0,8,0
359,26,5,2020-04-01 21:00:00,2020-04-01,86,7,1,7,0
273,26,4,2020-03-31 21:00:00,2020-03-31,64,6,0,6,11
209,15,4,2020-03-30 21:00:00,2020-03-30,27,5,0,5,0
182,15,4,2020-03-29 21:00:00,2020-03-29,17,4,1,4,0
165,15,3,2020-03-28 21:00:00,2020-03-28,43,3,0,3,0
122,15,3,2020-03-27 21:10:00,2020-03-27,0,2,0,2,0
122,15,3,2020-03-26 22:20:00,2020-03-26,35,1,2,1,5
87,10,1,2020-03-25 23:20:00,2020-03-25,15,0,0,0,0
72,10,1,2020-03-24 21:20:00,2020-03-24,7,0,0,0,-1
65,11,1,2020-03-23 21:40:00,2020-03-23,12,0,0,0,0
53,11,1,2020-03-22 21:00:00,2020-03-22,9,0,0,0,4
44,7,1,2020-03-21 21:00:00,2020-03-21,0,0,0,0,0
44,7,1,2020-03-20 21:20:00,2020-03-20,10,0,0,0,0
34,7,1,2020-03-19 21:30:00,2020-03-19,0,0,0,0,1
34,6,1,2020-03-18 22:00:00,2020-03-18,6,0,0,0,0
28,6,1,2020-03-17 21:00:00,2020-03-17,3,0,0,0,0
25,6,1,2020-03-16 21:00:00,2020-03-16,6,0,0,0,0
19,6,1,2020-03-15 21:00:00,2020-03-15,4,0,0,0,3
15,3,1,2020-03-14 21:00:00,2020-03-14,0,0,0,0,0
15,3,1,2020-03-13 21:00:00,2020-03-13,4,0,1,0,0
11,3,0,2020-03-12 21:00:00,2020-03-12,0,0,0,0,0
11,3,0,2020-03-11 21:00:00,2020-03-11,2,0,0,0,3
9,0,0,2020-03-10 21:00:00,2020-03-10,0,0,0,0,0
9,0,0,2020-03-09 21:00:00,2020-03-09,0,0,0,0,0
9,0,0,2020-03-08 21:00:00,2020-03-08,0,0,0,0,0
9,0,0,2020-03-07 21:00:00,2020-03-07,3,0,0,0,0
6,0,0,2020-03-06 21:00:00,2020-03-06,3,0,0,0,0
3,0,0,2020-03-05 21:00:00,2020-03-05,0,0,0,0,0
3,0,0,2020-03-04 21:00:00,2020-03-04,0,0,0,0,0
3,0,0,2020-03-03 21:00:00,2020-03-03,0,0,0,0,0
3,0,0,2020-03-02 21:00:00,2020-03-02,0,0,0,0,0
3,0,0,2020-03-01 21:00:00,2020-03-01,2,0,0,0,0
1,0,0,2020-02-29 21:00:00,2020-02-29,1,0,0,0,0
0,0,0,2020-02-28 21:00:00,2020-02-28,0,0,0,0,0
0,0,0,2020-02-27 21:00:00,2020-02-27,0,0,0,0,0
0,0,0,2020-02-26 21:00:00,2020-02-26,0,0,0,0,0
0,0,0,2020-02-25 21:00:00,2020-02-25,0,0,0,0,0
0,0,0,2020-02-24 21:00:00,2020-02-24,0,0,0,0,0
0,0,0,2020-02-23 21:00:00,2020-02-23,0,0,0,0,0
0,0,0,2020-02-22 21:00:00,2020-02-22,0,0,0,0,0
0,0,0,2020-02-21 21:00:00,2020-02-21,0,0,0,0,0
0,0,0,2020-02-20 21:00:00,2020-02-20,0,0,0,0,0
0,0,0,2020-02-19 21:00:00,2020-02-19,0,0,0,0,0
0,0,0,2020-02-18 21:00:00,2020-02-18,0,0,0,0,0
0,0,0,2020-02-17 21:00:00,2020-02-17,0,0,0,0,0
0,0,0,2020-02-16 21:00:00,2020-02-16,0,0,0,0,0
0,0,0,2020-02-15 21:00:00,2020-02-15,0,0,0,0,0
0,0,0,2020-02-14 21:00:00,2020-02-14,0,0,0,0,0
0,0,0,2020-02-13 21:00:00,2020-02-13,0,0,0,0,0
0,0,0,2020-02-12 21:00:00,2020-02-12,0,0,0,0,0
0,0,0,2020-02-11 20:30:00,2020-02-11,0,0,0,0,0
0,0,0,2020-02-10 21:00:00,2020-02-10,0,0,0,0,0
0,0,0,2020-02-09 21:00:00,2020-02-09,0,0,0,0,0
0,0,0,2020-02-08 21:00:00,2020-02-08,0,0,0,0,0
0,0,0,2020-02-07 21:00:00,2020-02-07,0,0,0,0,0
0,0,0,2020-02-06 21:00:00,2020-02-06,0,0,0,0,0
0,0,0,2020-02-05 21:00:00,2020-02-05,0,0,0,0,0
0,0,0,2020-02-04 20:00:00,2020-02-04,0,0,0,0,0
0,0,0,2020-02-03 20:00:00,2020-02-03,0,0,0,0,0
0,0,0,2020-02-02 20:00:00,2020-02-02,0,0,0,0,0
0,0,0,2020-02-01 10:00:00,2020-02-01,0,0,0,0,0
0,0,0,2020-01-31 12:30:00,2020-01-31,0,0,0,0,0
0,0,0,2020-01-30 12:00:00,2020-01-30,0,0,0,0,0
0,0,0,2020-01-29 14:00:00,2020-01-29,0,0,0,0,0
0,0,0,2020-01-28 11:30:00,2020-01-28,0,0,0,0,0
0,0,0,2020-01-27 14:00:00,2020-01-27,0,0,0,0,0
0,0,0,2020-01-26 13:00:00,2020-01-26,0,0,0,0,0
0,0,0,2020-01-25 15:00:00,2020-01-25,0,0,0,0,0
0,0,0,2020-01-24 15:00:00,2020-01-24,0,0,0,0,0
0,0,0,2020-01-23 15:00:00,2020-01-23,0,0,0,0,0
0,0,0,2020-01-22 15:00:00,2020-01-22,0,0,0,0,0
0,0,0,2020-01-21 15:00:00,2020-01-21,0,0,0,0,0
