Confirmed,Deaths,date_day,New,DayElapsed,New_death,DayElapsed_death,Recovered,New_recover
0,0,2020-01-21,0,0,0,0,0,0
0,0,2020-01-22,0,0,0,0,0,0
0,0,2020-01-23,0,0,0,0,0,0
0,0,2020-01-24,0,0,0,0,0,0
0,0,2020-01-25,0,0,0,0,0,0
0,0,2020-01-26,0,0,0,0,0,0
0,0,2020-01-27,0,0,0,0,0,0
0,0,2020-01-28,0,0,0,0,0,0
0,0,2020-01-29,0,0,0,0,0,0
0,0,2020-01-30,0,0,0,0,0,0
0,0,2020-01-31,0,0,0,0,0,0
0,0,2020-02-01,0,0,0,0,0,0
0,0,2020-02-02,0,0,0,0,0,0
0,0,2020-02-03,0,0,0,0,0,0
0,0,2020-02-04,0,0,0,0,0,0
0,0,2020-02-05,0,0,0,0,0,0
0,0,2020-02-06,0,0,0,0,0,0
0,0,2020-02-07,0,0,0,0,0,0
0,0,2020-02-08,0,0,0,0,0,0
0,0,2020-02-09,0,0,0,0,0,0
0,0,2020-02-10,0,0,0,0,0,0
0,0,2020-02-11,0,0,0,0,0,0
0,0,2020-02-12,0,0,0,0,0,0
0,0,2020-02-13,0,0,0,0,0,0
0,0,2020-02-14,0,0,0,0,0,0
0,0,2020-02-15,0,0,0,0,0,0
0,0,2020-02-16,0,0,0,0,0,0
0,0,2020-02-17,0,0,0,0,0,0
0,0,2020-02-18,0,0,0,0,0,0
0,0,2020-02-19,0,0,0,0,0,0
0,0,2020-02-20,0,0,0,0,0,0
0,0,2020-02-21,0,0,0,0,0,0
0,0,2020-02-22,0,0,0,0,0,0
0,0,2020-02-23,0,0,0,0,0,0
0,0,2020-02-24,0,0,0,0,0,0
1,0,2020-02-25,1,0,0,0,0,0
3,0,2020-02-26,2,0,0,0,0,0
6,0,2020-02-27,3,0,0,0,0,0
10,0,2020-02-28,4,0,0,0,0,0
14,0,2020-02-29,4,0,0,0,0,0
15,0,2020-03-01,1,0,0,0,0,0
19,0,2020-03-02,4,0,0,0,0,0
26,0,2020-03-03,7,0,0,0,0,0
44,0,2020-03-04,18,0,0,0,0,0
65,0,2020-03-05,21,0,0,0,0,0
91,0,2020-03-06,26,0,0,0,0,0
116,0,2020-03-07,25,1,0,0,0,0
182,0,2020-03-08,66,2,0,0,0,0
199,0,2020-03-09,17,3,0,0,0,0
237,0,2020-03-10,38,4,0,0,0,0
277,0,2020-03-11,40,5,0,0,0,0
454,1,2020-03-12,177,6,1,0,0,0
454,1,2020-03-13,0,7,0,0,0,0
569,2,2020-03-14,115,8,1,0,0,0
827,3,2020-03-15,258,9,1,1,0,0
1105,3,2020-03-16,278,10,0,2,0,0
1479,2,2020-03-17,374,11,-1,0,0,0
1609,2,2020-03-18,130,12,0,0,0,0
2155,6,2020-03-19,546,13,4,3,0,0
2746,10,2020-03-20,591,14,4,4,0,0
3668,16,2020-03-21,922,15,6,5,0,0
3807,21,2020-03-22,139,16,5,6,0,0
3811,21,2020-03-23,4,17,0,7,0,0
5348,30,2020-03-24,1537,18,9,8,0,0
6069,37,2020-03-25,721,19,7,9,0,0
7283,56,2020-03-26,1214,20,19,10,0,0
8161,70,2020-03-27,878,21,14,11,0,0
9781,101,2020-03-28,1620,22,31,12,0,0
9794,101,2020-03-29,13,23,0,13,0,0
10943,119,2020-03-30,1149,24,18,14,0,0
12334,165,2020-03-31,1391,25,46,15,0,0
13410,197,2020-04-01,1076,26,32,16,0,0
14662,241,2020-04-02,1252,27,44,17,0,0
16059,285,2020-04-03,1397,28,44,18,0,0
17014,316,2020-04-04,955,29,31,19,0,0
18614,367,2020-04-05,1600,30,51,20,0,0
19395,387,2020-04-06,781,31,20,21,0,0
20141,433,2020-04-07,746,32,46,22,0,0
20680,464,2020-04-08,539,33,31,23,0,0
21603,519,2020-04-09,923,34,55,24,0,0
22433,570,2020-04-10,830,35,51,25,0,0
23617,622,2020-04-11,1184,36,52,26,0,0
24078,649,2020-04-12,461,37,27,27,0,0
24570,677,2020-04-13,492,38,28,28,0,0
25040,711,2020-04-14,470,39,34,29,0,0
25438,767,2020-04-15,398,40,56,30,0,0
25881,802,2020-04-16,443,41,35,31,0,0
26543,872,2020-04-17,662,42,70,32,0,0
27258,919,2020-04-18,715,43,47,33,0,0
27883,968,2020-04-19,625,44,49,34,0,0
28253,982,2020-04-20,370,45,14,35,0,0
28712,1031,2020-04-21,459,46,49,36,0,0
28898,1063,2020-04-22,186,47,32,37,0,0
29443,1113,2020-04-23,545,48,50,38,0,0
29792,1153,2020-04-24,349,49,40,39,0,0
30169,1189,2020-04-25,377,50,36,40,0,0
30761,1237,2020-04-26,592,51,48,41,0,0
31043,1249,2020-04-27,282,52,12,42,0,0
31196,1269,2020-04-28,153,53,20,43,0,0
31336,1299,2020-04-29,140,54,30,44,0,0
31609,1353,2020-04-30,273,55,54,45,0,0
31919,1385,2020-05-01,310,56,32,46,0,0
32146,1402,2020-05-02,227,57,17,47,0,0
32291,1412,2020-05-03,145,58,10,48,0,0
32411,1421,2020-05-04,120,59,9,49,0,0
32482,1452,2020-05-05,71,60,31,50,0,0
32576,1481,2020-05-06,94,61,29,51,0,0
32762,1497,2020-05-07,186,62,16,52,0,0
32898,1515,2020-05-08,136,63,18,53,0,0
33105,1534,2020-05-09,207,64,19,54,0,0
33287,1542,2020-05-10,182,65,8,55,0,0
33190,1545,2020-05-11,-97,66,3,56,0,0
33359,1568,2020-05-12,169,67,23,57,0,0
33518,1594,2020-05-13,159,68,26,58,0,0
33670,1608,2020-05-14,152,69,14,59,0,0
33851,1628,2020-05-15,181,70,20,60,0,0
33893,1644,2020-05-16,42,71,16,61,0,0
33950,1648,2020-05-17,57,72,4,62,0,0
34000,1652,2020-05-18,50,73,4,63,0,0
34034,1653,2020-05-19,34,74,1,64,0,0
34115,1672,2020-05-20,81,75,19,65,0,0
34175,1680,2020-05-21,60,76,8,66,0,0
34174,1680,2020-05-22,-1,77,0,67,0,0
34345,1692,2020-05-23,171,78,12,68,0,0
34399,1697,2020-05-24,54,79,5,69,0,0
34431,1698,2020-05-25,32,80,1,70,0,0
34466,1707,2020-05-26,35,81,9,71,0,0
34500,1724,2020-05-27,34,82,17,72,0,0
34129,1724,2020-05-28,-371,83,0,73,0,0
34479,1743,2020-05-29,350,84,19,74,0,0
34718,1748,2020-05-30,239,85,5,75,0,0
34718,1748,2020-05-31,0,86,0,76,0,0
34784,1752,2020-06-01,66,87,4,77,0,0
34796,1758,2020-06-02,12,88,6,78,0,0
34813,1760,2020-06-03,17,89,2,79,0,0
34830,1761,2020-06-04,17,90,1,80,0,0
34870,1778,2020-06-05,40,91,17,81,0,0
34898,1790,2020-06-06,28,92,12,82,0,0
34912,1791,2020-06-07,14,93,1,83,0,0
34937,1791,2020-06-08,25,94,0,84,0,0
34958,1795,2020-06-09,21,95,4,85,0,0
34965,1798,2020-06-10,7,96,3,86,0,0
35002,1801,2020-06-11,37,97,3,87,0,0
35057,1802,2020-06-12,55,98,1,88,0,0
35090,1805,2020-06-13,33,99,3,89,0,0
35090,1805,2020-06-14,0,100,0,90,0,0
35090,1805,2020-06-15,0,101,0,91,0,0
35150,1808,2020-06-16,60,102,3,92,0,0
35177,1811,2020-06-17,27,103,3,93,0,0
35218,1816,2020-06-18,41,104,5,94,0,0
35236,1821,2020-06-19,18,105,5,95,0,0
35272,1824,2020-06-20,36,106,3,96,0,0
35272,1824,2020-06-21,0,107,0,97,0,0
35272,1824,2020-06-22,0,108,0,98,0,0
35365,1826,2020-06-23,93,109,2,99,0,0
35409,1826,2020-06-24,44,110,0,100,0,0
35446,1827,2020-06-25,37,111,1,101,0,0
35476,1830,2020-06-26,30,112,3,102,0,0
35530,1829,2020-06-27,54,113,-1,103,0,0
35530,1829,2020-06-28,0,114,0,104,0,0
35530,1829,2020-06-29,0,115,0,105,0,0
35620,1830,2020-06-30,90,116,1,106,0,0
35694,1838,2020-07-01,74,117,8,107,0,0
35744,1838,2020-07-02,50,118,0,108,0,0
35771,1839,2020-07-03,27,119,1,109,0,0
35807,1837,2020-07-04,36,120,-2,110,0,0
35807,1837,2020-07-05,0,121,0,111,0,0
35807,1837,2020-07-06,0,122,0,112,0,0
35862,1837,2020-07-07,55,123,0,113,0,0
35890,1837,2020-07-08,28,124,0,114,0,0
35942,1838,2020-07-09,52,125,1,115,0,0
35990,1837,2020-07-10,48,126,-1,116,0,0
36041,1837,2020-07-11,51,127,0,117,0,0
36041,1837,2020-07-12,0,128,0,118,0,0
36041,1837,2020-07-13,0,129,0,119,0,0
36111,1837,2020-07-14,70,130,0,120,0,0
36162,1838,2020-07-15,51,131,1,121,0,0
36227,1838,2020-07-16,65,132,0,122,0,0
36264,1839,2020-07-17,37,133,1,123,0,0
36342,1838,2020-07-18,78,134,-1,124,0,0
36342,1838,2020-07-19,0,135,0,125,0,0
36342,1838,2020-07-20,0,136,0,126,0,0
36492,1838,2020-07-21,150,137,0,127,0,0
36556,1838,2020-07-22,64,138,0,128,0,0
36565,1838,2020-07-23,9,139,0,129,0,0
36731,1839,2020-07-24,166,140,1,130,0,0
36819,1841,2020-07-25,88,141,2,131,0,0
36819,1841,2020-07-26,0,142,0,132,0,0
36819,1841,2020-07-27,0,143,0,133,0,0
36917,1841,2020-07-28,98,144,0,134,0,0
37038,1843,2020-07-29,121,145,2,135,0,0
37038,1843,2020-07-30,0,146,0,136,0,0
37224,1847,2020-07-31,186,147,4,137,0,0
37272,1847,2020-08-01,48,148,0,138,0,0
37272,1847,2020-08-02,0,149,0,139,0,0
37272,1847,2020-08-03,0,150,0,140,0,0
37455,1847,2020-08-04,183,151,0,141,0,0
37514,1847,2020-08-05,59,152,0,142,0,0
37574,1851,2020-08-06,60,153,4,143,0,0
