Confirmed,Recovered,Deaths,Date_last_updated_AEDT,date_day,New,DayElapsed,New_death,DayElapsed_death,New_recover
71158,17661,9859,2020-08-06 22:00:00,2020-08-06,510,153,7,148,22
70648,17639,9852,2020-08-05 22:00:00,2020-08-05,334,152,2,147,41
70314,17598,9850,2020-08-04 22:00:00,2020-08-04,465,151,5,146,8
69849,17590,9845,2020-08-03 22:00:00,2020-08-03,447,150,0,145,17
69402,17573,9845,2020-08-02 22:00:00,2020-08-02,651,149,4,144,27
68751,17546,9841,2020-08-01 22:00:00,2020-08-01,745,148,1,143,33
68006,17513,9840,2020-07-31 22:00:00,2020-07-31,671,147,4,142,21
67335,17492,9836,2020-07-30 22:00:00,2020-07-30,673,146,3,141,16
66662,17476,9833,2020-07-29 22:00:00,2020-07-29,234,145,11,140,24
66428,17452,9822,2020-07-28 22:00:00,2020-07-28,402,144,1,139,13
66026,17439,9821,2020-07-27 22:00:00,2020-07-27,299,143,0,138,14
65727,17425,9821,2020-07-26 22:00:00,2020-07-26,528,142,4,137,31
65199,17394,9817,2020-07-25 22:00:00,2020-07-25,352,141,5,136,25
64847,17369,9812,2020-07-24 22:00:00,2020-07-24,220,140,4,135,22
64627,17347,9808,2020-07-23 22:00:00,2020-07-23,369,139,3,134,17
64258,17330,9805,2020-07-22 22:00:00,2020-07-22,164,138,0,133,9
64094,17321,9805,2020-07-21 22:00:00,2020-07-21,201,137,5,132,32
63893,17289,9800,2020-07-20 22:00:00,2020-07-20,187,136,0,131,0
63706,17289,9800,2020-07-19 22:00:00,2020-07-19,207,135,0,130,0
63499,17289,9800,2020-07-18 22:00:00,2020-07-18,261,134,5,129,20
63238,17269,9795,2020-07-17 22:00:00,2020-07-17,199,133,3,128,16
63039,17253,9792,2020-07-16 22:00:00,2020-07-16,167,132,4,127,11
62872,17242,9788,2020-07-15 22:00:00,2020-07-15,91,131,1,126,19
62781,17223,9787,2020-07-14 22:00:00,2020-07-14,74,130,5,125,27
62707,17196,9782,2020-07-13 22:00:00,2020-07-13,101,129,0,124,0
62606,17196,9782,2020-07-12 22:00:00,2020-07-12,137,128,0,123,0
62469,17196,9782,2020-07-11 22:00:00,2020-07-11,112,127,1,122,17
62357,17179,9781,2020-07-10 22:00:00,2020-07-10,147,126,3,121,20
62210,17159,9778,2020-07-09 22:00:00,2020-07-09,87,125,2,120,21
62123,17138,9776,2020-07-08 22:00:00,2020-07-08,65,124,2,119,47
62058,17091,9774,2020-07-07 22:00:00,2020-07-07,42,123,3,118,0
62016,17091,9771,2020-07-06 22:00:00,2020-07-06,178,122,0,117,0
61838,17091,9771,2020-07-05 22:00:00,2020-07-05,111,121,6,116,18
61727,17073,9765,2020-07-04 22:00:00,2020-07-04,0,120,0,115,0
61727,17073,9765,2020-07-03 22:00:00,2020-07-03,129,119,4,114,29
61598,17044,9761,2020-07-02 22:00:00,2020-07-02,89,118,7,113,23
61509,17021,9754,2020-07-01 22:00:00,2020-07-01,82,117,7,112,37
61427,16984,9747,2020-06-30 22:00:00,2020-06-30,132,116,15,111,43
61295,16941,9732,2020-06-29 22:00:00,2020-06-29,86,115,0,110,0
61209,16941,9732,2020-06-28 22:00:00,2020-06-28,0,114,0,109,0
61209,16941,9732,2020-06-27 22:00:00,2020-06-27,103,113,1,108,23
61106,16918,9731,2020-06-26 22:00:00,2020-06-26,99,112,5,107,147
61007,16771,9726,2020-06-25 22:00:00,2020-06-25,109,111,4,106,0
60898,16771,9722,2020-06-24 22:00:00,2020-06-24,88,110,9,105,0
60810,16771,9713,2020-06-23 22:00:00,2020-06-23,260,109,17,104,0
60550,16771,9696,2020-06-22 22:00:00,2020-06-22,0,108,0,103,0
60550,16771,9696,2020-06-21 22:00:00,2020-06-21,0,107,0,102,0
60550,16771,9696,2020-06-20 22:00:00,2020-06-20,74,106,1,101,20
60476,16751,9695,2020-06-19 22:00:00,2020-06-19,128,105,12,100,27
60348,16724,9683,2020-06-18 22:00:00,2020-06-18,104,104,8,99,40
60244,16684,9675,2020-06-17 22:00:00,2020-06-17,89,103,12,98,59
60155,16625,9663,2020-06-16 22:00:00,2020-06-16,55,102,2,97,15
60100,16610,9661,2020-06-15 22:00:00,2020-06-15,71,101,6,96,21
60029,16589,9655,2020-06-14 22:00:00,2020-06-14,111,100,5,95,42
59918,16547,9650,2020-06-13 22:00:00,2020-06-13,99,99,4,94,49
59819,16498,9646,2020-06-12 22:00:00,2020-06-12,108,98,10,93,45
59711,16453,9636,2020-06-11 22:00:00,2020-06-11,142,97,7,92,61
59569,16392,9629,2020-06-10 22:00:00,2020-06-10,132,96,10,91,68
59437,16324,9619,2020-06-09 22:00:00,2020-06-09,89,95,13,90,9
59348,16315,9606,2020-06-08 22:00:00,2020-06-08,122,94,11,89,24
59226,16291,9595,2020-06-07 22:00:00,2020-06-07,154,93,15,88,101
59072,16190,9580,2020-06-06 22:00:00,2020-06-06,165,92,14,87,78
58907,16112,9566,2020-06-05 22:00:00,2020-06-05,140,91,18,86,64
58767,16048,9548,2020-06-04 22:00:00,2020-06-04,82,90,26,85,89
58685,15959,9522,2020-06-03 22:00:00,2020-06-03,70,89,17,84,25
58615,15934,9505,2020-06-02 22:00:00,2020-06-02,98,88,19,83,15
58517,15919,9486,2020-06-01 22:00:00,2020-06-01,136,87,19,82,32
58381,15887,9467,2020-05-31 22:00:00,2020-05-31,195,86,14,81,118
58186,15769,9453,2020-05-30 22:00:00,2020-05-30,125,85,23,80,87
58061,15682,9430,2020-05-29 22:00:00,2020-05-29,212,84,42,79,110
57849,15572,9388,2020-05-28 22:00:00,2020-05-28,257,83,24,78,107
57592,15465,9364,2020-05-27 22:00:00,2020-05-27,137,82,30,77,145
57455,15320,9334,2020-05-26 22:00:00,2020-05-26,113,81,22,76,23
57342,15297,9312,2020-05-25 22:00:00,2020-05-25,250,80,32,75,25
57092,15272,9280,2020-05-24 22:00:00,2020-05-24,282,79,43,74,117
56810,15155,9237,2020-05-23 22:00:00,2020-05-23,299,78,25,73,32
56511,15123,9212,2020-05-22 22:00:00,2020-05-22,276,77,26,72,135
56235,14988,9186,2020-05-21 22:00:00,2020-05-21,252,76,36,71,141
55983,14847,9150,2020-05-20 22:00:00,2020-05-20,192,75,42,70,160
55791,14687,9108,2020-05-19 22:00:00,2020-05-19,232,74,28,69,30
55559,14657,9080,2020-05-18 22:00:00,2020-05-18,279,73,28,68,27
55280,14630,9052,2020-05-17 22:00:00,2020-05-17,291,72,47,67,170
54989,14460,9005,2020-05-16 22:00:00,2020-05-16,345,71,46,66,159
54644,14301,8959,2020-05-15 22:00:00,2020-05-15,356,70,56,65,190
54288,14111,8903,2020-05-14 22:00:00,2020-05-14,307,69,60,64,174
53981,13937,8843,2020-05-13 22:00:00,2020-05-13,202,68,82,63,205
53779,13732,8761,2020-05-12 22:00:00,2020-05-12,330,67,54,62,35
53449,13697,8707,2020-05-11 22:00:00,2020-05-11,368,66,51,61,55
53081,13642,8656,2020-05-10 22:00:00,2020-05-10,485,65,75,60,231
52596,13411,8581,2020-05-09 22:00:00,2020-05-09,585,64,60,59,210
52011,13201,8521,2020-05-08 22:00:00,2020-05-08,591,63,106,58,221
51420,12980,8415,2020-05-07 22:00:00,2020-05-07,639,62,76,57,249
50781,12731,8339,2020-05-06 22:00:00,2020-05-06,272,61,323,56,290
50509,12441,8016,2020-05-05 22:00:00,2020-05-05,242,60,92,55,63
50267,12378,7924,2020-05-04 22:00:00,2020-05-04,361,59,80,54,69
49906,12309,7844,2020-05-03 22:00:00,2020-05-03,389,58,79,53,98
49517,12211,7765,2020-05-02 22:00:00,2020-05-02,485,57,62,52,319
49032,11892,7703,2020-05-01 22:00:00,2020-05-01,513,56,109,51,316
48519,11576,7594,2020-04-30 22:00:00,2020-04-30,660,55,93,50,293
47859,11283,7501,2020-04-29 22:00:00,2020-04-29,525,54,170,49,340
47334,10943,7331,2020-04-28 22:00:00,2020-04-28,647,53,124,48,65
46687,10878,7207,2020-04-27 22:00:00,2020-04-27,553,52,113,47,93
46134,10785,7094,2020-04-26 22:00:00,2020-04-26,809,51,177,46,368
45325,10417,6917,2020-04-25 22:00:00,2020-04-25,1032,50,238,45,295
44293,10122,6679,2020-04-24 22:00:00,2020-04-24,1496,49,189,44,322
42797,9800,6490,2020-04-23 22:00:00,2020-04-23,908,48,228,43,367
41889,9433,6262,2020-04-22 22:00:00,2020-04-22,933,47,264,42,431
40956,9002,5998,2020-04-21 22:00:00,2020-04-21,973,46,170,41,107
39983,8895,5828,2020-04-20 22:00:00,2020-04-20,1487,45,145,40,138
38496,8757,5683,2020-04-19 22:00:00,2020-04-19,1313,44,230,39,409
37183,8348,5453,2020-04-18 22:00:00,2020-04-18,1045,43,290,38,387
36138,7961,5163,2020-04-17 22:00:00,2020-04-17,1329,42,306,37,399
34809,7562,4857,2020-04-16 22:00:00,2020-04-16,1236,41,417,36,455
33573,7107,4440,2020-04-15 22:00:00,2020-04-15,2454,40,283,35,239
31119,6868,4157,2020-04-14 22:00:00,2020-04-14,530,39,254,34,161
30589,6707,3903,2020-04-13 22:00:00,2020-04-13,942,38,303,33,244
29647,6463,3600,2020-04-12 22:00:00,2020-04-12,1629,37,254,32,477
28018,5986,3346,2020-04-11 22:00:00,2020-04-11,1351,36,327,31,418
26667,5568,3019,2020-04-10 22:00:00,2020-04-10,1684,35,496,30,404
24983,5164,2523,2020-04-09 22:00:00,2020-04-09,1580,34,283,29,483
23403,4681,2240,2020-04-08 22:00:00,2020-04-08,1209,33,205,28,524
22194,4157,2035,2020-04-07 22:00:00,2020-04-07,1380,32,403,27,171
20814,3986,1632,2020-04-06 22:00:00,2020-04-06,1123,31,185,26,235
19691,3751,1447,2020-04-05 22:00:00,2020-04-05,1260,30,164,25,504
18431,3247,1283,2020-04-04 21:00:00,2020-04-04,1661,29,140,24,375
16770,2872,1143,2020-04-03 21:00:00,2020-04-03,1422,28,132,23,377
15348,2495,1011,2020-04-02 21:00:00,2020-04-02,1384,27,183,22,363
13964,2132,828,2020-04-01 21:00:00,2020-04-01,1189,26,123,21,434
12775,1698,705,2020-03-31 21:00:00,2020-03-31,876,25,192,20,171
11899,1527,513,2020-03-30 21:00:00,2020-03-30,1063,24,82,19,168
10836,1359,431,2020-03-29 21:00:00,2020-03-29,1702,23,78,18,296
9134,1063,353,2020-03-28 21:00:00,2020-03-28,1850,22,64,17,205
7284,858,289,2020-03-27 21:10:00,2020-03-27,1049,21,69,16,183
6235,675,220,2020-03-26 22:20:00,2020-03-26,1298,20,42,15,128
4937,547,178,2020-03-25 23:20:00,2020-03-25,668,19,56,14,86
4269,461,122,2020-03-24 21:20:00,2020-03-24,526,18,34,13,111
3743,350,88,2020-03-23 21:40:00,2020-03-23,928,17,21,12,87
2815,263,67,2020-03-22 21:00:00,2020-03-22,0,16,0,11,0
2815,263,67,2020-03-21 21:00:00,2020-03-21,558,15,30,10,59
2257,204,37,2020-03-20 21:20:00,2020-03-20,462,14,16,9,173
1795,31,21,2020-03-19 21:30:00,2020-03-19,309,13,11,8,17
1486,14,10,2020-03-18 22:00:00,2020-03-18,243,12,0,7,13
1243,1,10,2020-03-17 21:00:00,2020-03-17,185,11,5,6,0
1058,1,5,2020-03-16 21:00:00,2020-03-16,172,10,1,5,0
886,1,4,2020-03-15 21:00:00,2020-03-15,327,9,1,4,0
559,1,3,2020-03-14 21:00:00,2020-03-14,160,8,0,3,0
399,1,3,2020-03-13 21:00:00,2020-03-13,85,7,0,2,0
314,1,3,2020-03-12 21:00:00,2020-03-12,47,6,3,1,0
267,1,0,2020-03-11 21:00:00,2020-03-11,28,5,0,0,0
239,1,0,2020-03-10 21:00:00,2020-03-10,0,4,0,0,0
239,1,0,2020-03-09 21:00:00,2020-03-09,70,3,0,0,0
169,1,0,2020-03-08 21:00:00,2020-03-08,60,2,0,0,0
109,1,0,2020-03-07 21:00:00,2020-03-07,59,1,0,0,0
50,1,0,2020-03-06 21:00:00,2020-03-06,0,0,0,0,0
50,1,0,2020-03-05 21:00:00,2020-03-05,35,0,0,0,0
15,1,0,2020-03-04 21:00:00,2020-03-04,7,0,0,0,0
8,1,0,2020-03-03 21:00:00,2020-03-03,0,0,0,0,0
8,1,0,2020-03-02 21:00:00,2020-03-02,7,0,0,0,0
1,1,0,2020-03-01 21:00:00,2020-03-01,0,0,0,0,0
1,1,0,2020-02-29 21:00:00,2020-02-29,0,0,0,0,0
1,1,0,2020-02-28 21:00:00,2020-02-28,0,0,0,0,0
1,1,0,2020-02-27 21:00:00,2020-02-27,0,0,0,0,0
1,1,0,2020-02-26 21:00:00,2020-02-26,0,0,0,0,0
1,1,0,2020-02-25 21:00:00,2020-02-25,0,0,0,0,0
1,1,0,2020-02-24 21:00:00,2020-02-24,0,0,0,0,0
1,1,0,2020-02-23 21:00:00,2020-02-23,0,0,0,0,0
1,1,0,2020-02-22 21:00:00,2020-02-22,0,0,0,0,0
1,1,0,2020-02-21 21:00:00,2020-02-21,0,0,0,0,0
1,1,0,2020-02-20 21:00:00,2020-02-20,0,0,0,0,0
1,1,0,2020-02-19 21:00:00,2020-02-19,0,0,0,0,1
1,0,0,2020-02-18 21:00:00,2020-02-18,0,0,0,0,0
1,0,0,2020-02-17 21:00:00,2020-02-17,0,0,0,0,0
1,0,0,2020-02-16 21:00:00,2020-02-16,0,0,0,0,0
1,0,0,2020-02-15 21:00:00,2020-02-15,0,0,0,0,0
1,0,0,2020-02-14 21:00:00,2020-02-14,0,0,0,0,0
1,0,0,2020-02-13 21:00:00,2020-02-13,0,0,0,0,0
1,0,0,2020-02-12 21:00:00,2020-02-12,0,0,0,0,0
1,0,0,2020-02-11 20:30:00,2020-02-11,0,0,0,0,0
1,0,0,2020-02-10 21:00:00,2020-02-10,0,0,0,0,0
1,0,0,2020-02-09 21:00:00,2020-02-09,0,0,0,0,0
1,0,0,2020-02-08 21:00:00,2020-02-08,0,0,0,0,0
1,0,0,2020-02-07 21:00:00,2020-02-07,0,0,0,0,0
1,0,0,2020-02-06 21:00:00,2020-02-06,0,0,0,0,0
1,0,0,2020-02-05 21:00:00,2020-02-05,1,0,0,0,0
0,0,0,2020-02-04 20:00:00,2020-02-04,0,0,0,0,0
0,0,0,2020-02-03 20:00:00,2020-02-03,0,0,0,0,0
0,0,0,2020-02-02 20:00:00,2020-02-02,0,0,0,0,0
0,0,0,2020-02-01 10:00:00,2020-02-01,0,0,0,0,0
0,0,0,2020-01-31 12:30:00,2020-01-31,0,0,0,0,0
0,0,0,2020-01-30 12:00:00,2020-01-30,0,0,0,0,0
0,0,0,2020-01-29 14:00:00,2020-01-29,0,0,0,0,0
0,0,0,2020-01-28 11:30:00,2020-01-28,0,0,0,0,0
0,0,0,2020-01-27 14:00:00,2020-01-27,0,0,0,0,0
0,0,0,2020-01-26 13:00:00,2020-01-26,0,0,0,0,0
0,0,0,2020-01-25 15:00:00,2020-01-25,0,0,0,0,0
0,0,0,2020-01-24 15:00:00,2020-01-24,0,0,0,0,0
0,0,0,2020-01-23 15:00:00,2020-01-23,0,0,0,0,0
0,0,0,2020-01-22 15:00:00,2020-01-22,0,0,0,0,0
0,0,0,2020-01-21 15:00:00,2020-01-21,0,0,0,0,0
