Confirmed,Recovered,Deaths,Date_last_updated_AEDT,date_day,New,DayElapsed,New_death,DayElapsed_death,New_recover
1936,1600,38,2020-08-06 22:00:00,2020-08-06,22,92,0,77,564
1914,1036,38,2020-08-05 22:00:00,2020-08-05,109,91,2,76,0
1805,1036,36,2020-08-04 22:00:00,2020-08-04,0,90,0,75,0
1805,1036,36,2020-08-03 22:00:00,2020-08-03,0,89,0,74,0
1805,1036,36,2020-08-02 22:00:00,2020-08-02,0,88,0,73,0
1805,1036,36,2020-08-01 22:00:00,2020-08-01,0,87,0,72,0
1805,1036,36,2020-07-31 22:00:00,2020-07-31,0,86,0,71,0
1805,1036,36,2020-07-30 22:00:00,2020-07-30,35,85,1,70,0
1770,1036,35,2020-07-29 22:00:00,2020-07-29,0,84,0,69,0
1770,1036,35,2020-07-28 22:00:00,2020-07-28,0,83,0,68,0
1770,1036,35,2020-07-27 22:00:00,2020-07-27,76,82,1,67,118
1694,918,34,2020-07-26 22:00:00,2020-07-26,0,81,0,66,0
1694,918,34,2020-07-25 22:00:00,2020-07-25,0,80,0,65,0
1694,918,34,2020-07-24 22:00:00,2020-07-24,4,79,0,64,136
1690,782,34,2020-07-23 22:00:00,2020-07-23,88,78,3,63,0
1602,782,31,2020-07-22 22:00:00,2020-07-22,0,77,0,62,0
1602,782,31,2020-07-21 22:00:00,2020-07-21,0,76,0,61,0
1602,782,31,2020-07-20 22:00:00,2020-07-20,0,75,0,60,0
1602,782,31,2020-07-19 22:00:00,2020-07-19,0,74,0,59,0
1602,782,31,2020-07-18 22:00:00,2020-07-18,139,73,3,58,225
1463,557,28,2020-07-17 22:00:00,2020-07-17,85,72,2,57,0
1378,557,26,2020-07-16 22:00:00,2020-07-16,0,71,0,56,0
1378,557,26,2020-07-15 22:00:00,2020-07-15,0,70,0,55,0
1378,557,26,2020-07-14 22:00:00,2020-07-14,0,69,0,54,0
1378,557,26,2020-07-13 22:00:00,2020-07-13,0,68,0,53,0
1378,557,26,2020-07-12 22:00:00,2020-07-12,93,67,3,52,224
1285,333,23,2020-07-11 22:00:00,2020-07-11,0,66,0,51,0
1285,333,23,2020-07-10 22:00:00,2020-07-10,86,65,2,50,0
1199,333,21,2020-07-09 22:00:00,2020-07-09,0,64,0,49,0
1199,333,21,2020-07-08 22:00:00,2020-07-08,0,63,0,48,0
1199,333,21,2020-07-07 22:00:00,2020-07-07,0,62,0,47,0
1199,333,21,2020-07-06 22:00:00,2020-07-06,0,61,0,46,0
1199,333,21,2020-07-05 22:00:00,2020-07-05,0,60,0,45,0
1199,333,21,2020-07-04 22:00:00,2020-07-04,0,59,0,44,0
1199,333,21,2020-07-03 22:00:00,2020-07-03,0,58,0,43,0
1199,333,21,2020-07-02 22:00:00,2020-07-02,0,57,0,42,0
1199,333,21,2020-07-01 22:00:00,2020-07-01,0,56,0,41,0
1199,333,21,2020-06-30 22:00:00,2020-06-30,50,55,5,40,27
1149,306,16,2020-06-29 22:00:00,2020-06-29,0,54,0,39,0
1149,306,16,2020-06-28 22:00:00,2020-06-28,96,53,2,38,14
1053,292,14,2020-06-27 22:00:00,2020-06-27,36,52,0,37,4
1017,288,14,2020-06-26 22:00:00,2020-06-26,0,51,0,36,0
1017,288,14,2020-06-25 22:00:00,2020-06-25,167,50,1,35,16
850,272,13,2020-06-24 22:00:00,2020-06-24,0,49,0,34,0
850,272,13,2020-06-23 22:00:00,2020-06-23,43,48,0,33,19
807,253,13,2020-06-22 22:00:00,2020-06-22,157,47,2,32,6
650,247,11,2020-06-21 22:00:00,2020-06-21,0,46,0,31,0
650,247,11,2020-06-20 22:00:00,2020-06-20,53,45,0,30,9
597,238,11,2020-06-19 22:00:00,2020-06-19,25,44,2,29,1
572,237,9,2020-06-18 22:00:00,2020-06-18,0,43,0,28,0
572,237,9,2020-06-17 22:00:00,2020-06-17,40,42,0,27,1
532,236,9,2020-06-16 22:00:00,2020-06-16,62,41,2,26,8
470,228,7,2020-06-15 22:00:00,2020-06-15,58,40,1,25,6
412,222,6,2020-06-14 22:00:00,2020-06-14,24,39,1,24,5
388,217,5,2020-06-13 22:00:00,2020-06-13,83,38,1,23,29
305,188,4,2020-06-12 22:00:00,2020-06-12,0,37,0,22,0
305,188,4,2020-06-11 22:00:00,2020-06-11,0,36,0,21,0
305,188,4,2020-06-10 22:00:00,2020-06-10,0,35,0,20,0
305,188,4,2020-06-09 22:00:00,2020-06-09,17,34,0,19,2
288,186,4,2020-06-08 22:00:00,2020-06-08,27,33,1,18,35
261,151,3,2020-06-07 22:00:00,2020-06-07,0,32,0,17,0
261,151,3,2020-06-06 22:00:00,2020-06-06,0,31,0,16,0
261,151,3,2020-06-05 22:00:00,2020-06-05,17,30,0,15,3
244,148,3,2020-06-04 22:00:00,2020-06-04,0,29,0,14,0
244,148,3,2020-06-03 22:00:00,2020-06-03,1,28,0,13,1
243,147,3,2020-06-02 22:00:00,2020-06-02,11,27,0,12,4
232,143,3,2020-06-01 22:00:00,2020-06-01,8,26,0,11,7
224,136,3,2020-05-31 22:00:00,2020-05-31,0,25,0,10,0
224,136,3,2020-05-30 22:00:00,2020-05-30,14,24,0,9,2
210,134,3,2020-05-29 22:00:00,2020-05-29,0,23,0,8,0
210,134,3,2020-05-28 22:00:00,2020-05-28,2,22,0,7,16
208,118,3,2020-05-27 22:00:00,2020-05-27,17,21,0,6,34
191,84,3,2020-05-26 22:00:00,2020-05-26,0,20,0,5,2
191,82,3,2020-05-25 22:00:00,2020-05-25,56,19,0,4,21
135,61,3,2020-05-24 22:00:00,2020-05-24,0,18,0,3,0
135,61,3,2020-05-23 22:00:00,2020-05-23,0,17,0,2,0
135,61,3,2020-05-22 22:00:00,2020-05-22,5,16,1,1,4
130,57,2,2020-05-21 22:00:00,2020-05-21,0,15,0,0,-26
130,83,2,2020-05-20 22:00:00,2020-05-20,-209,14,0,0,0
339,83,2,2020-05-19 22:00:00,2020-05-19,0,13,0,0,0
339,83,2,2020-05-18 22:00:00,2020-05-18,0,12,0,0,0
339,83,2,2020-05-17 22:00:00,2020-05-17,0,11,0,0,0
339,83,2,2020-05-16 22:00:00,2020-05-16,0,10,0,0,0
339,83,2,2020-05-15 22:00:00,2020-05-15,12,9,0,0,0
327,83,2,2020-05-14 22:00:00,2020-05-14,0,8,0,0,0
327,83,2,2020-05-13 22:00:00,2020-05-13,0,7,0,0,7
327,76,2,2020-05-12 22:00:00,2020-05-12,8,6,0,0,14
319,62,2,2020-05-11 22:00:00,2020-05-11,0,5,0,0,0
319,62,2,2020-05-10 22:00:00,2020-05-10,77,4,0,0,0
242,62,2,2020-05-09 22:00:00,2020-05-09,0,3,0,0,0
242,62,2,2020-05-08 22:00:00,2020-05-08,102,2,0,0,9
140,53,2,2020-05-07 22:00:00,2020-05-07,44,1,0,0,3
96,50,2,2020-05-06 22:00:00,2020-05-06,0,0,0,0,0
96,50,2,2020-05-05 22:00:00,2020-05-05,0,0,0,0,0
96,50,2,2020-05-04 22:00:00,2020-05-04,6,0,0,0,8
90,42,2,2020-05-03 22:00:00,2020-05-03,0,0,0,0,0
90,42,2,2020-05-02 22:00:00,2020-05-02,26,0,1,0,9
64,33,1,2020-05-01 22:00:00,2020-05-01,0,0,0,0,0
64,33,1,2020-04-30 22:00:00,2020-04-30,0,0,0,0,0
64,33,1,2020-04-29 22:00:00,2020-04-29,0,0,0,0,0
64,33,1,2020-04-28 22:00:00,2020-04-28,0,0,0,0,0
64,33,1,2020-04-27 22:00:00,2020-04-27,10,0,0,0,6
54,27,1,2020-04-26 22:00:00,2020-04-26,0,0,0,0,0
54,27,1,2020-04-25 22:00:00,2020-04-25,0,0,0,0,0
54,27,1,2020-04-24 22:00:00,2020-04-24,0,0,0,0,0
54,27,1,2020-04-23 22:00:00,2020-04-23,0,0,0,0,0
54,27,1,2020-04-22 22:00:00,2020-04-22,0,0,0,0,0
54,27,1,2020-04-21 22:00:00,2020-04-21,19,0,0,0,9
35,18,1,2020-04-20 22:00:00,2020-04-20,0,0,0,0,0
35,18,1,2020-04-19 22:00:00,2020-04-19,0,0,0,0,0
35,18,1,2020-04-18 22:00:00,2020-04-18,0,0,0,0,0
35,18,1,2020-04-17 22:00:00,2020-04-17,0,0,0,0,0
35,18,1,2020-04-16 22:00:00,2020-04-16,0,0,0,0,0
35,18,1,2020-04-15 22:00:00,2020-04-15,0,0,0,0,13
35,5,1,2020-04-14 22:00:00,2020-04-14,0,0,0,0,0
35,5,1,2020-04-13 22:00:00,2020-04-13,0,0,0,0,0
35,5,1,2020-04-12 22:00:00,2020-04-12,0,0,0,0,0
35,5,1,2020-04-11 22:00:00,2020-04-11,9,0,0,0,0
26,5,1,2020-04-10 22:00:00,2020-04-10,0,0,0,0,0
26,5,1,2020-04-09 22:00:00,2020-04-09,0,0,0,0,0
26,5,1,2020-04-08 22:00:00,2020-04-08,0,0,0,0,0
26,5,1,2020-04-07 22:00:00,2020-04-07,4,0,1,0,0
22,5,0,2020-04-06 22:00:00,2020-04-06,6,0,0,0,3
16,2,0,2020-04-05 22:00:00,2020-04-05,0,0,0,0,0
16,2,0,2020-04-04 21:00:00,2020-04-04,3,0,0,0,1
13,1,0,2020-04-03 21:00:00,2020-04-03,0,0,0,0,0
13,1,0,2020-04-02 21:00:00,2020-04-02,4,0,0,0,0
9,1,0,2020-04-01 21:00:00,2020-04-01,3,0,0,0,0
6,1,0,2020-03-31 21:00:00,2020-03-31,0,0,0,0,1
6,0,0,2020-03-30 21:00:00,2020-03-30,0,0,0,0,0
6,0,0,2020-03-29 21:00:00,2020-03-29,0,0,0,0,0
6,0,0,2020-03-28 21:00:00,2020-03-28,0,0,0,0,0
6,0,0,2020-03-27 21:10:00,2020-03-27,0,0,0,0,0
6,0,0,2020-03-26 22:20:00,2020-03-26,0,0,0,0,0
6,0,0,2020-03-25 23:20:00,2020-03-25,0,0,0,0,0
6,0,0,2020-03-24 21:20:00,2020-03-24,4,0,0,0,0
2,0,0,2020-03-23 21:40:00,2020-03-23,0,0,0,0,0
2,0,0,2020-03-22 21:00:00,2020-03-22,0,0,0,0,0
2,0,0,2020-03-21 21:00:00,2020-03-21,0,0,0,0,0
2,0,0,2020-03-20 21:20:00,2020-03-20,0,0,0,0,0
2,0,0,2020-03-19 21:30:00,2020-03-19,1,0,0,0,0
1,0,0,2020-03-18 22:00:00,2020-03-18,0,0,0,0,0
1,0,0,2020-03-17 21:00:00,2020-03-17,1,0,0,0,0
0,0,0,2020-03-16 21:00:00,2020-03-16,0,0,0,0,0
0,0,0,2020-03-15 21:00:00,2020-03-15,0,0,0,0,0
0,0,0,2020-03-14 21:00:00,2020-03-14,0,0,0,0,0
0,0,0,2020-03-13 21:00:00,2020-03-13,0,0,0,0,0
0,0,0,2020-03-12 21:00:00,2020-03-12,0,0,0,0,0
0,0,0,2020-03-11 21:00:00,2020-03-11,0,0,0,0,0
0,0,0,2020-03-10 21:00:00,2020-03-10,0,0,0,0,0
0,0,0,2020-03-09 21:00:00,2020-03-09,0,0,0,0,0
0,0,0,2020-03-08 21:00:00,2020-03-08,0,0,0,0,0
0,0,0,2020-03-07 21:00:00,2020-03-07,0,0,0,0,0
0,0,0,2020-03-06 21:00:00,2020-03-06,0,0,0,0,0
0,0,0,2020-03-05 21:00:00,2020-03-05,0,0,0,0,0
0,0,0,2020-03-04 21:00:00,2020-03-04,0,0,0,0,0
0,0,0,2020-03-03 21:00:00,2020-03-03,0,0,0,0,0
0,0,0,2020-03-02 21:00:00,2020-03-02,0,0,0,0,0
0,0,0,2020-03-01 21:00:00,2020-03-01,0,0,0,0,0
0,0,0,2020-02-29 21:00:00,2020-02-29,0,0,0,0,0
0,0,0,2020-02-28 21:00:00,2020-02-28,0,0,0,0,0
0,0,0,2020-02-27 21:00:00,2020-02-27,0,0,0,0,0
0,0,0,2020-02-26 21:00:00,2020-02-26,0,0,0,0,0
0,0,0,2020-02-25 21:00:00,2020-02-25,0,0,0,0,0
0,0,0,2020-02-24 21:00:00,2020-02-24,0,0,0,0,0
0,0,0,2020-02-23 21:00:00,2020-02-23,0,0,0,0,0
0,0,0,2020-02-22 21:00:00,2020-02-22,0,0,0,0,0
0,0,0,2020-02-21 21:00:00,2020-02-21,0,0,0,0,0
0,0,0,2020-02-20 21:00:00,2020-02-20,0,0,0,0,0
0,0,0,2020-02-19 21:00:00,2020-02-19,0,0,0,0,0
0,0,0,2020-02-18 21:00:00,2020-02-18,0,0,0,0,0
0,0,0,2020-02-17 21:00:00,2020-02-17,0,0,0,0,0
0,0,0,2020-02-16 21:00:00,2020-02-16,0,0,0,0,0
0,0,0,2020-02-15 21:00:00,2020-02-15,0,0,0,0,0
0,0,0,2020-02-14 21:00:00,2020-02-14,0,0,0,0,0
0,0,0,2020-02-13 21:00:00,2020-02-13,0,0,0,0,0
0,0,0,2020-02-12 21:00:00,2020-02-12,0,0,0,0,0
0,0,0,2020-02-11 20:30:00,2020-02-11,0,0,0,0,0
0,0,0,2020-02-10 21:00:00,2020-02-10,0,0,0,0,0
0,0,0,2020-02-09 21:00:00,2020-02-09,0,0,0,0,0
0,0,0,2020-02-08 21:00:00,2020-02-08,0,0,0,0,0
0,0,0,2020-02-07 21:00:00,2020-02-07,0,0,0,0,0
0,0,0,2020-02-06 21:00:00,2020-02-06,0,0,0,0,0
0,0,0,2020-02-05 21:00:00,2020-02-05,0,0,0,0,0
0,0,0,2020-02-04 20:00:00,2020-02-04,0,0,0,0,0
0,0,0,2020-02-03 20:00:00,2020-02-03,0,0,0,0,0
0,0,0,2020-02-02 20:00:00,2020-02-02,0,0,0,0,0
0,0,0,2020-02-01 10:00:00,2020-02-01,0,0,0,0,0
0,0,0,2020-01-31 12:30:00,2020-01-31,0,0,0,0,0
0,0,0,2020-01-30 12:00:00,2020-01-30,0,0,0,0,0
0,0,0,2020-01-29 14:00:00,2020-01-29,0,0,0,0,0
0,0,0,2020-01-28 11:30:00,2020-01-28,0,0,0,0,0
0,0,0,2020-01-27 14:00:00,2020-01-27,0,0,0,0,0
0,0,0,2020-01-26 13:00:00,2020-01-26,0,0,0,0,0
0,0,0,2020-01-25 15:00:00,2020-01-25,0,0,0,0,0
0,0,0,2020-01-24 15:00:00,2020-01-24,0,0,0,0,0
0,0,0,2020-01-23 15:00:00,2020-01-23,0,0,0,0,0
0,0,0,2020-01-22 15:00:00,2020-01-22,0,0,0,0,0
0,0,0,2020-01-21 15:00:00,2020-01-21,0,0,0,0,0
