Confirmed,Recovered,Deaths,Date_last_updated_AEDT,date_day,New,DayElapsed,New_death,DayElapsed_death,New_recover
157,144,9,2020-08-06 22:00:00,2020-08-06,0,103,0,120,0
157,144,9,2020-08-05 22:00:00,2020-08-05,0,102,0,119,0
157,144,9,2020-08-04 22:00:00,2020-08-04,0,101,0,118,1
157,143,9,2020-08-03 22:00:00,2020-08-03,1,100,0,117,2
156,141,9,2020-08-02 22:00:00,2020-08-02,0,99,0,116,0
156,141,9,2020-08-01 22:00:00,2020-08-01,0,98,0,115,0
156,141,9,2020-07-31 22:00:00,2020-07-31,0,97,0,114,0
156,141,9,2020-07-30 22:00:00,2020-07-30,0,96,0,113,0
156,141,9,2020-07-29 22:00:00,2020-07-29,2,95,0,112,0
154,141,9,2020-07-28 22:00:00,2020-07-28,1,94,0,111,2
153,139,9,2020-07-27 22:00:00,2020-07-27,0,93,0,110,0
153,139,9,2020-07-26 22:00:00,2020-07-26,0,92,0,109,0
153,139,9,2020-07-25 22:00:00,2020-07-25,0,91,0,108,0
153,139,9,2020-07-24 22:00:00,2020-07-24,0,90,0,107,0
153,139,9,2020-07-23 22:00:00,2020-07-23,0,89,0,106,2
153,137,9,2020-07-22 22:00:00,2020-07-22,0,88,0,105,0
153,137,9,2020-07-21 22:00:00,2020-07-21,0,87,0,104,0
153,137,9,2020-07-20 22:00:00,2020-07-20,0,86,0,103,0
153,137,9,2020-07-19 22:00:00,2020-07-19,1,85,0,102,0
152,137,9,2020-07-18 22:00:00,2020-07-18,0,84,0,101,0
152,137,9,2020-07-17 22:00:00,2020-07-17,2,83,0,100,0
150,137,9,2020-07-16 22:00:00,2020-07-16,0,82,0,99,0
150,137,9,2020-07-15 22:00:00,2020-07-15,0,81,0,98,0
150,137,9,2020-07-14 22:00:00,2020-07-14,0,80,0,97,0
150,137,9,2020-07-13 22:00:00,2020-07-13,0,79,0,96,0
150,137,9,2020-07-12 22:00:00,2020-07-12,0,78,0,95,0
150,137,9,2020-07-11 22:00:00,2020-07-11,1,77,0,94,0
149,137,9,2020-07-10 22:00:00,2020-07-10,0,76,0,93,0
149,137,9,2020-07-09 22:00:00,2020-07-09,1,75,0,92,0
148,137,9,2020-07-08 22:00:00,2020-07-08,2,74,0,91,0
146,137,9,2020-07-07 22:00:00,2020-07-07,0,73,0,90,0
146,137,9,2020-07-06 22:00:00,2020-07-06,0,72,0,89,0
146,137,9,2020-07-05 22:00:00,2020-07-05,0,71,0,88,0
146,137,9,2020-07-04 22:00:00,2020-07-04,0,70,0,87,2
146,135,9,2020-07-03 22:00:00,2020-07-03,0,69,0,86,0
146,135,9,2020-07-02 22:00:00,2020-07-02,0,68,0,85,0
146,135,9,2020-07-01 22:00:00,2020-07-01,0,67,0,84,0
146,135,9,2020-06-30 22:00:00,2020-06-30,0,66,0,83,1
146,134,9,2020-06-29 22:00:00,2020-06-29,0,65,0,82,0
146,134,9,2020-06-28 22:00:00,2020-06-28,0,64,0,81,1
146,133,9,2020-06-27 22:00:00,2020-06-27,0,63,0,80,0
146,133,9,2020-06-26 22:00:00,2020-06-26,0,62,0,79,1
146,132,9,2020-06-25 22:00:00,2020-06-25,0,61,0,78,0
146,132,9,2020-06-24 22:00:00,2020-06-24,0,60,0,77,0
146,132,9,2020-06-23 22:00:00,2020-06-23,0,59,0,76,0
146,132,9,2020-06-22 22:00:00,2020-06-22,0,58,0,75,0
146,132,9,2020-06-21 22:00:00,2020-06-21,0,57,0,74,0
146,132,9,2020-06-20 22:00:00,2020-06-20,2,56,0,73,4
144,128,9,2020-06-19 22:00:00,2020-06-19,0,55,0,72,0
144,128,9,2020-06-18 22:00:00,2020-06-18,0,54,0,71,0
144,128,9,2020-06-17 22:00:00,2020-06-17,0,53,0,70,1
144,127,9,2020-06-16 22:00:00,2020-06-16,2,52,0,69,0
142,127,9,2020-06-15 22:00:00,2020-06-15,0,51,0,68,0
142,127,9,2020-06-14 22:00:00,2020-06-14,1,50,0,67,0
141,127,9,2020-06-13 22:00:00,2020-06-13,0,49,0,66,0
141,127,9,2020-06-12 22:00:00,2020-06-12,0,48,0,65,2
141,125,9,2020-06-11 22:00:00,2020-06-11,0,47,0,64,5
141,120,9,2020-06-10 22:00:00,2020-06-10,0,46,0,63,0
141,120,9,2020-06-09 22:00:00,2020-06-09,0,45,0,62,6
141,114,9,2020-06-08 22:00:00,2020-06-08,0,44,0,61,0
141,114,9,2020-06-07 22:00:00,2020-06-07,0,43,0,60,0
141,114,9,2020-06-06 22:00:00,2020-06-06,0,42,0,59,1
141,113,9,2020-06-05 22:00:00,2020-06-05,0,41,0,58,0
141,113,9,2020-06-04 22:00:00,2020-06-04,0,40,0,57,0
141,113,9,2020-06-03 22:00:00,2020-06-03,0,39,0,56,1
141,112,9,2020-06-02 22:00:00,2020-06-02,1,38,0,55,20
140,92,9,2020-06-01 22:00:00,2020-06-01,0,37,0,54,0
140,92,9,2020-05-31 22:00:00,2020-05-31,0,36,0,53,0
140,92,9,2020-05-30 22:00:00,2020-05-30,0,35,0,52,0
140,92,9,2020-05-29 22:00:00,2020-05-29,1,34,0,51,1
139,91,9,2020-05-28 22:00:00,2020-05-28,0,33,0,50,0
139,91,9,2020-05-27 22:00:00,2020-05-27,6,32,0,49,2
133,89,9,2020-05-26 22:00:00,2020-05-26,0,31,0,48,8
133,81,9,2020-05-25 22:00:00,2020-05-25,0,30,0,47,0
133,81,9,2020-05-24 22:00:00,2020-05-24,5,29,0,46,0
128,81,9,2020-05-23 22:00:00,2020-05-23,3,28,0,45,1
125,80,9,2020-05-22 22:00:00,2020-05-22,0,27,0,44,0
125,80,9,2020-05-21 22:00:00,2020-05-21,0,26,0,43,2
125,78,9,2020-05-20 22:00:00,2020-05-20,0,25,0,42,1
125,77,9,2020-05-19 22:00:00,2020-05-19,2,24,0,41,4
123,73,9,2020-05-18 22:00:00,2020-05-18,0,23,0,40,0
123,73,9,2020-05-17 22:00:00,2020-05-17,1,22,0,39,7
122,66,9,2020-05-16 22:00:00,2020-05-16,0,21,0,38,0
122,66,9,2020-05-15 22:00:00,2020-05-15,1,20,1,37,0
121,66,8,2020-05-14 22:00:00,2020-05-14,0,19,0,36,0
121,66,8,2020-05-13 22:00:00,2020-05-13,2,18,0,35,0
119,66,8,2020-05-12 22:00:00,2020-05-12,1,17,1,34,2
118,64,7,2020-05-11 22:00:00,2020-05-11,0,16,0,33,0
118,64,7,2020-05-10 22:00:00,2020-05-10,0,15,0,32,3
118,61,7,2020-05-09 22:00:00,2020-05-09,0,14,0,31,0
118,61,7,2020-05-08 22:00:00,2020-05-08,0,13,0,30,2
118,59,7,2020-05-07 22:00:00,2020-05-07,3,12,0,29,5
115,54,7,2020-05-06 22:00:00,2020-05-06,0,11,0,28,0
115,54,7,2020-05-05 22:00:00,2020-05-05,0,10,0,27,3
115,51,7,2020-05-04 22:00:00,2020-05-04,1,9,0,26,0
114,51,7,2020-05-03 22:00:00,2020-05-03,0,8,1,25,3
114,48,6,2020-05-02 22:00:00,2020-05-02,0,7,0,24,0
114,48,6,2020-05-01 22:00:00,2020-05-01,3,6,0,23,0
111,48,6,2020-04-30 22:00:00,2020-04-30,1,5,0,22,4
110,44,6,2020-04-29 22:00:00,2020-04-29,0,4,0,21,0
110,44,6,2020-04-28 22:00:00,2020-04-28,1,3,0,20,5
109,39,6,2020-04-27 22:00:00,2020-04-27,0,2,1,19,0
109,39,5,2020-04-26 22:00:00,2020-04-26,10,1,0,18,0
99,39,5,2020-04-25 22:00:00,2020-04-25,0,0,0,17,0
99,39,5,2020-04-24 22:00:00,2020-04-24,0,0,0,16,0
99,39,5,2020-04-23 22:00:00,2020-04-23,1,0,0,15,0
98,39,5,2020-04-22 22:00:00,2020-04-22,12,0,0,14,2
86,37,5,2020-04-21 22:00:00,2020-04-21,0,0,0,13,2
86,35,5,2020-04-20 22:00:00,2020-04-20,0,0,0,12,0
86,35,5,2020-04-19 22:00:00,2020-04-19,3,0,0,11,0
83,35,5,2020-04-18 22:00:00,2020-04-18,0,0,0,10,0
83,35,5,2020-04-17 22:00:00,2020-04-17,2,0,0,9,2
81,33,5,2020-04-16 22:00:00,2020-04-16,24,0,0,8,3
57,30,5,2020-04-15 22:00:00,2020-04-15,0,0,0,7,0
57,30,5,2020-04-14 22:00:00,2020-04-14,0,0,1,6,1
57,29,4,2020-04-13 22:00:00,2020-04-13,7,0,0,5,1
50,28,4,2020-04-12 22:00:00,2020-04-12,2,0,0,4,3
48,25,4,2020-04-11 22:00:00,2020-04-11,0,0,0,3,0
48,25,4,2020-04-10 22:00:00,2020-04-10,9,0,1,2,2
39,23,3,2020-04-09 22:00:00,2020-04-09,0,0,1,1,6
39,17,2,2020-04-08 22:00:00,2020-04-08,0,0,0,0,0
39,17,2,2020-04-07 22:00:00,2020-04-07,2,0,2,0,3
37,14,0,2020-04-06 22:00:00,2020-04-06,0,0,0,0,0
37,14,0,2020-04-05 22:00:00,2020-04-05,2,0,0,0,0
35,14,0,2020-04-04 21:00:00,2020-04-04,0,0,0,0,3
35,11,0,2020-04-03 21:00:00,2020-04-03,3,0,0,0,1
32,10,0,2020-04-02 21:00:00,2020-04-02,0,0,0,0,0
32,10,0,2020-04-01 21:00:00,2020-04-01,5,0,0,0,0
27,10,0,2020-03-31 21:00:00,2020-03-31,5,0,0,0,8
22,2,0,2020-03-30 21:00:00,2020-03-30,5,0,0,0,0
17,2,0,2020-03-29 21:00:00,2020-03-29,0,0,0,0,0
17,2,0,2020-03-28 21:00:00,2020-03-28,2,0,0,0,0
15,2,0,2020-03-27 21:10:00,2020-03-27,8,0,0,0,0
7,2,0,2020-03-26 22:20:00,2020-03-26,1,0,0,0,2
6,0,0,2020-03-25 23:20:00,2020-03-25,0,0,0,0,0
6,0,0,2020-03-24 21:20:00,2020-03-24,0,0,0,0,0
6,0,0,2020-03-23 21:40:00,2020-03-23,4,0,0,0,0
2,0,0,2020-03-22 21:00:00,2020-03-22,0,0,0,0,0
2,0,0,2020-03-21 21:00:00,2020-03-21,0,0,0,0,0
2,0,0,2020-03-20 21:20:00,2020-03-20,0,0,0,0,0
2,0,0,2020-03-19 21:30:00,2020-03-19,2,0,0,0,0
0,0,0,2020-03-18 22:00:00,2020-03-18,0,0,0,0,0
0,0,0,2020-03-17 21:00:00,2020-03-17,0,0,0,0,0
0,0,0,2020-03-16 21:00:00,2020-03-16,0,0,0,0,0
0,0,0,2020-03-15 21:00:00,2020-03-15,0,0,0,0,0
0,0,0,2020-03-14 21:00:00,2020-03-14,0,0,0,0,0
0,0,0,2020-03-13 21:00:00,2020-03-13,0,0,0,0,0
0,0,0,2020-03-12 21:00:00,2020-03-12,0,0,0,0,0
0,0,0,2020-03-11 21:00:00,2020-03-11,0,0,0,0,0
0,0,0,2020-03-10 21:00:00,2020-03-10,0,0,0,0,0
0,0,0,2020-03-09 21:00:00,2020-03-09,0,0,0,0,0
0,0,0,2020-03-08 21:00:00,2020-03-08,0,0,0,0,0
0,0,0,2020-03-07 21:00:00,2020-03-07,0,0,0,0,0
0,0,0,2020-03-06 21:00:00,2020-03-06,0,0,0,0,0
0,0,0,2020-03-05 21:00:00,2020-03-05,0,0,0,0,0
0,0,0,2020-03-04 21:00:00,2020-03-04,0,0,0,0,0
0,0,0,2020-03-03 21:00:00,2020-03-03,0,0,0,0,0
0,0,0,2020-03-02 21:00:00,2020-03-02,0,0,0,0,0
0,0,0,2020-03-01 21:00:00,2020-03-01,0,0,0,0,0
0,0,0,2020-02-29 21:00:00,2020-02-29,0,0,0,0,0
0,0,0,2020-02-28 21:00:00,2020-02-28,0,0,0,0,0
0,0,0,2020-02-27 21:00:00,2020-02-27,0,0,0,0,0
0,0,0,2020-02-26 21:00:00,2020-02-26,0,0,0,0,0
0,0,0,2020-02-25 21:00:00,2020-02-25,0,0,0,0,0
0,0,0,2020-02-24 21:00:00,2020-02-24,0,0,0,0,0
0,0,0,2020-02-23 21:00:00,2020-02-23,0,0,0,0,0
0,0,0,2020-02-22 21:00:00,2020-02-22,0,0,0,0,0
0,0,0,2020-02-21 21:00:00,2020-02-21,0,0,0,0,0
0,0,0,2020-02-20 21:00:00,2020-02-20,0,0,0,0,0
0,0,0,2020-02-19 21:00:00,2020-02-19,0,0,0,0,0
0,0,0,2020-02-18 21:00:00,2020-02-18,0,0,0,0,0
0,0,0,2020-02-17 21:00:00,2020-02-17,0,0,0,0,0
0,0,0,2020-02-16 21:00:00,2020-02-16,0,0,0,0,0
0,0,0,2020-02-15 21:00:00,2020-02-15,0,0,0,0,0
0,0,0,2020-02-14 21:00:00,2020-02-14,0,0,0,0,0
0,0,0,2020-02-13 21:00:00,2020-02-13,0,0,0,0,0
0,0,0,2020-02-12 21:00:00,2020-02-12,0,0,0,0,0
0,0,0,2020-02-11 20:30:00,2020-02-11,0,0,0,0,0
0,0,0,2020-02-10 21:00:00,2020-02-10,0,0,0,0,0
0,0,0,2020-02-09 21:00:00,2020-02-09,0,0,0,0,0
0,0,0,2020-02-08 21:00:00,2020-02-08,0,0,0,0,0
0,0,0,2020-02-07 21:00:00,2020-02-07,0,0,0,0,0
0,0,0,2020-02-06 21:00:00,2020-02-06,0,0,0,0,0
0,0,0,2020-02-05 21:00:00,2020-02-05,0,0,0,0,0
0,0,0,2020-02-04 20:00:00,2020-02-04,0,0,0,0,0
0,0,0,2020-02-03 20:00:00,2020-02-03,0,0,0,0,0
0,0,0,2020-02-02 20:00:00,2020-02-02,0,0,0,0,0
0,0,0,2020-02-01 10:00:00,2020-02-01,0,0,0,0,0
0,0,0,2020-01-31 12:30:00,2020-01-31,0,0,0,0,0
0,0,0,2020-01-30 12:00:00,2020-01-30,0,0,0,0,0
0,0,0,2020-01-29 14:00:00,2020-01-29,0,0,0,0,0
0,0,0,2020-01-28 11:30:00,2020-01-28,0,0,0,0,0
0,0,0,2020-01-27 14:00:00,2020-01-27,0,0,0,0,0
0,0,0,2020-01-26 13:00:00,2020-01-26,0,0,0,0,0
0,0,0,2020-01-25 15:00:00,2020-01-25,0,0,0,0,0
0,0,0,2020-01-24 15:00:00,2020-01-24,0,0,0,0,0
0,0,0,2020-01-23 15:00:00,2020-01-23,0,0,0,0,0
0,0,0,2020-01-22 15:00:00,2020-01-22,0,0,0,0,0
0,0,0,2020-01-21 15:00:00,2020-01-21,0,0,0,0,0
