Confirmed,Recovered,Deaths,Date_last_updated_AEDT,date_day,New,DayElapsed,New_death,DayElapsed_death,New_recover
13306,7031,384,2020-08-06 22:00:00,2020-08-06,450,137,11,135,439
12856,6592,373,2020-08-05 22:00:00,2020-08-05,394,136,11,134,233
12462,6359,362,2020-08-04 22:00:00,2020-08-04,166,135,10,133,47
12296,6312,352,2020-08-03 22:00:00,2020-08-03,420,134,13,132,353
11876,5959,339,2020-08-02 22:00:00,2020-08-02,0,133,0,131,0
11876,5959,339,2020-08-01 22:00:00,2020-08-01,432,132,11,130,373
11444,5586,328,2020-07-31 22:00:00,2020-07-31,317,131,12,129,145
11127,5441,316,2020-07-30 22:00:00,2020-07-30,361,130,19,128,221
10766,5220,297,2020-07-29 22:00:00,2020-07-29,268,129,3,127,290
10498,4930,294,2020-07-28 22:00:00,2020-07-28,731,128,14,126,375
9767,4555,280,2020-07-27 22:00:00,2020-07-27,0,127,0,125,0
9767,4555,280,2020-07-26 22:00:00,2020-07-26,0,126,0,124,0
9767,4555,280,2020-07-25 22:00:00,2020-07-25,305,125,6,123,188
9462,4367,274,2020-07-24 22:00:00,2020-07-24,0,124,0,122,0
9462,4367,274,2020-07-23 22:00:00,2020-07-23,675,123,10,121,364
8787,4003,264,2020-07-22 22:00:00,2020-07-22,308,122,9,120,248
8479,3755,255,2020-07-21 22:00:00,2020-07-21,139,121,6,119,86
8340,3669,249,2020-07-20 22:00:00,2020-07-20,179,120,3,118,21
8161,3648,246,2020-07-19 22:00:00,2020-07-19,0,119,0,117,0
8161,3648,246,2020-07-18 22:00:00,2020-07-18,480,118,6,116,114
7681,3534,240,2020-07-17 22:00:00,2020-07-17,270,117,5,115,199
7411,3335,235,2020-07-16 22:00:00,2020-07-16,430,116,9,114,156
6981,3179,226,2020-07-15 22:00:00,2020-07-15,0,115,0,113,0
6981,3179,226,2020-07-14 22:00:00,2020-07-14,104,114,5,112,64
6877,3115,221,2020-07-13 22:00:00,2020-07-13,0,113,0,111,0
6877,3115,221,2020-07-12 22:00:00,2020-07-12,475,112,5,110,78
6402,3037,216,2020-07-11 22:00:00,2020-07-11,316,111,2,109,222
6086,2815,214,2020-07-10 22:00:00,2020-07-10,0,110,0,108,0
6086,2815,214,2020-07-09 22:00:00,2020-07-09,465,109,7,107,122
5621,2693,207,2020-07-08 22:00:00,2020-07-08,163,108,8,106,95
5458,2598,199,2020-07-07 22:00:00,2020-07-07,496,107,8,105,48
4962,2550,191,2020-07-06 22:00:00,2020-07-06,0,106,0,104,0
4962,2550,191,2020-07-05 22:00:00,2020-07-05,0,105,0,103,0
4962,2550,191,2020-07-04 22:00:00,2020-07-04,0,104,0,102,0
4962,2550,191,2020-07-03 22:00:00,2020-07-03,174,103,2,101,35
4788,2515,189,2020-07-02 22:00:00,2020-07-02,182,102,1,100,83
4606,2432,188,2020-07-01 22:00:00,2020-07-01,281,101,4,99,66
4325,2366,184,2020-06-30 22:00:00,2020-06-30,0,100,0,98,0
4325,2366,184,2020-06-29 22:00:00,2020-06-29,390,99,6,97,28
3935,2338,178,2020-06-28 22:00:00,2020-06-28,0,98,0,96,0
3935,2338,178,2020-06-27 22:00:00,2020-06-27,0,97,0,95,0
3935,2338,178,2020-06-26 22:00:00,2020-06-26,259,96,5,94,41
3676,2297,173,2020-06-25 22:00:00,2020-06-25,88,95,1,93,12
3588,2285,172,2020-06-24 22:00:00,2020-06-24,63,94,1,92,15
3525,2270,171,2020-06-23 22:00:00,2020-06-23,252,93,2,91,29
3273,2241,169,2020-06-22 22:00:00,2020-06-22,0,92,0,90,0
3273,2241,169,2020-06-21 22:00:00,2020-06-21,0,91,0,89,0
3273,2241,169,2020-06-20 22:00:00,2020-06-20,99,90,1,88,22
3174,2219,168,2020-06-19 22:00:00,2020-06-19,33,89,0,87,22
3141,2197,168,2020-06-18 22:00:00,2020-06-18,56,88,0,86,19
3085,2178,168,2020-06-17 22:00:00,2020-06-17,45,87,3,85,16
3040,2162,165,2020-06-16 22:00:00,2020-06-16,0,86,1,84,17
3040,2145,164,2020-06-15 22:00:00,2020-06-15,147,85,1,83,26
2893,2119,163,2020-06-14 22:00:00,2020-06-14,0,84,0,82,0
2893,2119,163,2020-06-13 22:00:00,2020-06-13,61,83,2,81,19
2832,2100,161,2020-06-12 22:00:00,2020-06-12,57,82,0,80,37
2775,2063,161,2020-06-11 22:00:00,2020-06-11,0,81,0,79,0
2775,2063,161,2020-06-10 22:00:00,2020-06-10,47,80,1,78,14
2728,2049,160,2020-06-09 22:00:00,2020-06-09,24,79,0,77,26
2704,2023,160,2020-06-08 22:00:00,2020-06-08,98,78,1,76,55
2606,1968,159,2020-06-07 22:00:00,2020-06-07,0,77,0,75,0
2606,1968,159,2020-06-06 22:00:00,2020-06-06,0,76,0,74,0
2606,1968,159,2020-06-05 22:00:00,2020-06-05,55,75,2,73,29
2551,1939,157,2020-06-04 22:00:00,2020-06-04,0,74,0,72,0
2551,1939,157,2020-06-03 22:00:00,2020-06-03,16,73,0,71,29
2535,1910,157,2020-06-02 22:00:00,2020-06-02,11,72,3,70,22
2524,1888,154,2020-06-01 22:00:00,2020-06-01,14,71,1,69,26
2510,1862,153,2020-05-31 22:00:00,2020-05-31,16,70,0,68,31
2494,1831,153,2020-05-30 22:00:00,2020-05-30,9,69,0,67,28
2485,1803,153,2020-05-29 22:00:00,2020-05-29,23,68,0,66,22
2462,1781,153,2020-05-28 22:00:00,2020-05-28,46,67,4,65,60
2416,1721,149,2020-05-27 22:00:00,2020-05-27,0,66,0,64,0
2416,1721,149,2020-05-26 22:00:00,2020-05-26,10,65,3,63,25
2406,1696,146,2020-05-25 22:00:00,2020-05-25,5,64,2,62,16
2401,1680,144,2020-05-24 22:00:00,2020-05-24,10,63,3,61,18
2391,1662,141,2020-05-23 22:00:00,2020-05-23,19,62,0,60,48
2372,1614,141,2020-05-22 22:00:00,2020-05-22,22,61,1,59,18
2350,1596,140,2020-05-21 22:00:00,2020-05-21,12,60,4,58,39
2338,1557,136,2020-05-20 22:00:00,2020-05-20,17,59,2,57,35
2321,1522,134,2020-05-19 22:00:00,2020-05-19,31,58,1,56,86
2290,1436,133,2020-05-18 22:00:00,2020-05-18,23,57,4,55,81
2267,1355,129,2020-05-17 22:00:00,2020-05-17,31,56,1,54,19
2236,1336,128,2020-05-16 22:00:00,2020-05-16,0,55,0,53,0
2236,1336,128,2020-05-15 22:00:00,2020-05-15,55,54,8,52,108
2181,1228,120,2020-05-14 22:00:00,2020-05-14,0,53,0,51,0
2181,1228,120,2020-05-13 22:00:00,2020-05-13,40,52,7,50,114
2141,1114,113,2020-05-12 22:00:00,2020-05-12,0,51,0,49,0
2141,1114,113,2020-05-11 22:00:00,2020-05-11,24,50,6,48,8
2117,1106,107,2020-05-10 22:00:00,2020-05-10,27,49,5,47,47
2090,1059,102,2020-05-09 22:00:00,2020-05-09,20,48,4,46,99
2070,960,98,2020-05-08 22:00:00,2020-05-08,43,47,8,45,6
2027,954,90,2020-05-07 22:00:00,2020-05-07,40,46,4,44,26
1987,928,86,2020-05-06 22:00:00,2020-05-06,41,45,7,43,17
1946,911,79,2020-05-05 22:00:00,2020-05-05,20,44,1,42,56
1926,855,78,2020-05-04 22:00:00,2020-05-04,69,43,1,41,30
1857,825,77,2020-05-03 22:00:00,2020-05-03,76,42,7,40,70
1781,755,70,2020-05-02 22:00:00,2020-05-02,24,41,1,39,28
1757,727,69,2020-05-01 22:00:00,2020-05-01,0,40,0,38,0
1757,727,69,2020-04-30 22:00:00,2020-04-30,80,39,4,37,17
1677,710,65,2020-04-29 22:00:00,2020-04-29,92,38,2,36,28
1585,682,63,2020-04-28 22:00:00,2020-04-28,20,37,3,35,23
1565,659,60,2020-04-27 22:00:00,2020-04-27,49,36,1,34,35
1516,624,59,2020-04-26 22:00:00,2020-04-26,30,35,2,33,32
1486,592,57,2020-04-25 22:00:00,2020-04-25,65,34,2,32,54
1421,538,55,2020-04-24 22:00:00,2020-04-24,8,33,1,31,53
1413,485,54,2020-04-23 22:00:00,2020-04-23,45,32,1,30,25
1368,460,53,2020-04-22 22:00:00,2020-04-22,26,31,2,29,23
1342,437,51,2020-04-21 22:00:00,2020-04-21,33,30,2,28,56
1309,381,49,2020-04-20 22:00:00,2020-04-20,24,29,1,27,34
1285,347,48,2020-04-19 22:00:00,2020-04-19,17,28,1,26,9
1268,338,47,2020-04-18 22:00:00,2020-04-18,69,27,1,25,18
1199,320,46,2020-04-17 22:00:00,2020-04-17,32,26,3,24,43
1167,277,43,2020-04-16 22:00:00,2020-04-16,57,25,2,23,24
1110,253,41,2020-04-15 22:00:00,2020-04-15,27,24,1,22,17
1083,236,40,2020-04-14 22:00:00,2020-04-14,53,23,1,21,30
1030,206,39,2020-04-13 22:00:00,2020-04-13,44,22,1,20,13
986,193,38,2020-04-12 22:00:00,2020-04-12,69,21,1,19,56
917,137,37,2020-04-11 22:00:00,2020-04-11,42,20,2,18,19
875,118,35,2020-04-10 22:00:00,2020-04-10,34,19,0,17,23
841,95,35,2020-04-09 22:00:00,2020-04-09,64,18,2,16,18
777,77,33,2020-04-08 22:00:00,2020-04-08,23,17,0,15,9
754,68,33,2020-04-07 22:00:00,2020-04-07,87,16,6,14,24
667,44,27,2020-04-06 22:00:00,2020-04-06,26,15,6,13,14
641,30,21,2020-04-05 22:00:00,2020-04-05,26,14,2,12,3
615,27,19,2020-04-04 21:00:00,2020-04-04,72,13,3,11,0
543,27,16,2020-04-03 21:00:00,2020-04-03,31,12,1,10,7
512,20,15,2020-04-02 21:00:00,2020-04-02,62,11,2,9,3
450,17,13,2020-04-01 21:00:00,2020-04-01,39,10,3,8,0
411,17,10,2020-03-31 21:00:00,2020-03-31,71,9,4,7,9
340,8,6,2020-03-30 21:00:00,2020-03-30,17,8,0,6,0
323,8,6,2020-03-29 21:00:00,2020-03-29,66,7,2,5,3
257,5,4,2020-03-28 21:00:00,2020-03-28,27,6,1,4,0
230,5,3,2020-03-27 21:10:00,2020-03-27,45,5,0,3,3
185,2,3,2020-03-26 22:20:00,2020-03-26,17,4,0,2,0
168,2,3,2020-03-25 23:20:00,2020-03-25,18,3,2,1,0
150,2,1,2020-03-24 21:20:00,2020-03-24,22,2,0,0,0
128,2,1,2020-03-23 21:40:00,2020-03-23,35,1,0,0,0
93,2,1,2020-03-22 21:00:00,2020-03-22,3,0,1,0,0
90,2,0,2020-03-21 21:00:00,2020-03-21,21,0,0,0,0
69,2,0,2020-03-20 21:20:00,2020-03-20,24,0,0,0,0
45,2,0,2020-03-19 21:30:00,2020-03-19,7,0,0,0,0
38,2,0,2020-03-18 22:00:00,2020-03-18,13,0,0,0,0
25,2,0,2020-03-17 21:00:00,2020-03-17,1,0,0,0,2
24,0,0,2020-03-16 21:00:00,2020-03-16,3,0,0,0,0
21,0,0,2020-03-15 21:00:00,2020-03-15,3,0,0,0,0
18,0,0,2020-03-14 21:00:00,2020-03-14,7,0,0,0,0
11,0,0,2020-03-13 21:00:00,2020-03-13,0,0,0,0,0
11,0,0,2020-03-12 21:00:00,2020-03-12,-1,0,0,0,0
12,0,0,2020-03-11 21:00:00,2020-03-11,7,0,0,0,0
5,0,0,2020-03-10 21:00:00,2020-03-10,2,0,0,0,0
3,0,0,2020-03-09 21:00:00,2020-03-09,0,0,0,0,0
3,0,0,2020-03-08 21:00:00,2020-03-08,0,0,0,0,0
3,0,0,2020-03-07 21:00:00,2020-03-07,1,0,0,0,0
2,0,0,2020-03-06 21:00:00,2020-03-06,0,0,0,0,0
2,0,0,2020-03-05 21:00:00,2020-03-05,2,0,0,0,0
0,0,0,2020-03-04 21:00:00,2020-03-04,0,0,0,0,0
0,0,0,2020-03-03 21:00:00,2020-03-03,0,0,0,0,0
0,0,0,2020-03-02 21:00:00,2020-03-02,0,0,0,0,0
0,0,0,2020-03-01 21:00:00,2020-03-01,0,0,0,0,0
0,0,0,2020-02-29 21:00:00,2020-02-29,0,0,0,0,0
0,0,0,2020-02-28 21:00:00,2020-02-28,0,0,0,0,0
0,0,0,2020-02-27 21:00:00,2020-02-27,0,0,0,0,0
0,0,0,2020-02-26 21:00:00,2020-02-26,0,0,0,0,0
0,0,0,2020-02-25 21:00:00,2020-02-25,0,0,0,0,0
0,0,0,2020-02-24 21:00:00,2020-02-24,0,0,0,0,0
0,0,0,2020-02-23 21:00:00,2020-02-23,0,0,0,0,0
0,0,0,2020-02-22 21:00:00,2020-02-22,0,0,0,0,0
0,0,0,2020-02-21 21:00:00,2020-02-21,0,0,0,0,0
0,0,0,2020-02-20 21:00:00,2020-02-20,0,0,0,0,0
0,0,0,2020-02-19 21:00:00,2020-02-19,0,0,0,0,0
0,0,0,2020-02-18 21:00:00,2020-02-18,0,0,0,0,0
0,0,0,2020-02-17 21:00:00,2020-02-17,0,0,0,0,0
0,0,0,2020-02-16 21:00:00,2020-02-16,0,0,0,0,0
0,0,0,2020-02-15 21:00:00,2020-02-15,0,0,0,0,0
0,0,0,2020-02-14 21:00:00,2020-02-14,0,0,0,0,0
0,0,0,2020-02-13 21:00:00,2020-02-13,0,0,0,0,0
0,0,0,2020-02-12 21:00:00,2020-02-12,0,0,0,0,0
0,0,0,2020-02-11 20:30:00,2020-02-11,0,0,0,0,0
0,0,0,2020-02-10 21:00:00,2020-02-10,0,0,0,0,0
0,0,0,2020-02-09 21:00:00,2020-02-09,0,0,0,0,0
0,0,0,2020-02-08 21:00:00,2020-02-08,0,0,0,0,0
0,0,0,2020-02-07 21:00:00,2020-02-07,0,0,0,0,0
0,0,0,2020-02-06 21:00:00,2020-02-06,0,0,0,0,0
0,0,0,2020-02-05 21:00:00,2020-02-05,0,0,0,0,0
0,0,0,2020-02-04 20:00:00,2020-02-04,0,0,0,0,0
0,0,0,2020-02-03 20:00:00,2020-02-03,0,0,0,0,0
0,0,0,2020-02-02 20:00:00,2020-02-02,0,0,0,0,0
0,0,0,2020-02-01 10:00:00,2020-02-01,0,0,0,0,0
0,0,0,2020-01-31 12:30:00,2020-01-31,0,0,0,0,0
0,0,0,2020-01-30 12:00:00,2020-01-30,0,0,0,0,0
0,0,0,2020-01-29 14:00:00,2020-01-29,0,0,0,0,0
0,0,0,2020-01-28 11:30:00,2020-01-28,0,0,0,0,0
0,0,0,2020-01-27 14:00:00,2020-01-27,0,0,0,0,0
0,0,0,2020-01-26 13:00:00,2020-01-26,0,0,0,0,0
0,0,0,2020-01-25 15:00:00,2020-01-25,0,0,0,0,0
0,0,0,2020-01-24 15:00:00,2020-01-24,0,0,0,0,0
0,0,0,2020-01-23 15:00:00,2020-01-23,0,0,0,0,0
0,0,0,2020-01-22 15:00:00,2020-01-22,0,0,0,0,0
0,0,0,2020-01-21 15:00:00,2020-01-21,0,0,0,0,0
