Confirmed,Recovered,Deaths,Date_last_updated_AEDT,date_day,New,DayElapsed,New_death,DayElapsed_death,New_recover
243,210,0,2020-08-06 22:00:00,2020-08-06,0,131,0,0,8
243,202,0,2020-08-05 22:00:00,2020-08-05,3,130,0,0,5
240,197,0,2020-08-04 22:00:00,2020-08-04,0,129,0,0,0
240,197,0,2020-08-03 22:00:00,2020-08-03,0,128,0,0,1
240,196,0,2020-08-02 22:00:00,2020-08-02,1,127,0,0,32
239,164,0,2020-08-01 22:00:00,2020-08-01,5,126,0,0,0
234,164,0,2020-07-31 22:00:00,2020-07-31,0,125,0,0,2
234,162,0,2020-07-30 22:00:00,2020-07-30,8,124,0,0,15
226,147,0,2020-07-29 22:00:00,2020-07-29,0,123,0,0,0
226,147,0,2020-07-28 22:00:00,2020-07-28,1,122,0,0,4
225,143,0,2020-07-27 22:00:00,2020-07-27,0,121,0,0,0
225,143,0,2020-07-26 22:00:00,2020-07-26,23,120,0,0,1
202,142,0,2020-07-25 22:00:00,2020-07-25,0,119,0,0,0
202,142,0,2020-07-24 22:00:00,2020-07-24,4,118,0,0,0
198,142,0,2020-07-23 22:00:00,2020-07-23,1,117,0,0,2
197,140,0,2020-07-22 22:00:00,2020-07-22,0,116,0,0,0
197,140,0,2020-07-21 22:00:00,2020-07-21,26,115,0,0,4
171,136,0,2020-07-20 22:00:00,2020-07-20,0,114,0,0,0
171,136,0,2020-07-19 22:00:00,2020-07-19,0,113,0,0,3
171,133,0,2020-07-18 22:00:00,2020-07-18,0,112,0,0,0
171,133,0,2020-07-17 22:00:00,2020-07-17,5,111,0,0,0
166,133,0,2020-07-16 22:00:00,2020-07-16,1,110,0,0,0
165,133,0,2020-07-15 22:00:00,2020-07-15,0,109,0,0,0
165,133,0,2020-07-14 22:00:00,2020-07-14,9,108,0,0,0
156,133,0,2020-07-13 22:00:00,2020-07-13,0,107,0,0,0
156,133,0,2020-07-12 22:00:00,2020-07-12,15,106,0,0,0
141,133,0,2020-07-11 22:00:00,2020-07-11,0,105,0,0,2
141,131,0,2020-07-10 22:00:00,2020-07-10,0,104,0,0,0
141,131,0,2020-07-09 22:00:00,2020-07-09,0,103,0,0,0
141,131,0,2020-07-08 22:00:00,2020-07-08,0,102,0,0,0
141,131,0,2020-07-07 22:00:00,2020-07-07,0,101,0,0,0
141,131,0,2020-07-06 22:00:00,2020-07-06,0,100,0,0,0
141,131,0,2020-07-05 22:00:00,2020-07-05,0,99,0,0,0
141,131,0,2020-07-04 22:00:00,2020-07-04,0,98,0,0,0
141,131,0,2020-07-03 22:00:00,2020-07-03,0,97,0,0,0
141,131,0,2020-07-02 22:00:00,2020-07-02,0,96,0,0,0
141,131,0,2020-07-01 22:00:00,2020-07-01,0,95,0,0,1
141,130,0,2020-06-30 22:00:00,2020-06-30,0,94,0,0,0
141,130,0,2020-06-29 22:00:00,2020-06-29,0,93,0,0,1
141,129,0,2020-06-28 22:00:00,2020-06-28,2,92,0,0,0
139,129,0,2020-06-27 22:00:00,2020-06-27,9,91,0,0,2
130,127,0,2020-06-26 22:00:00,2020-06-26,0,90,0,0,0
130,127,0,2020-06-25 22:00:00,2020-06-25,0,89,0,0,0
130,127,0,2020-06-24 22:00:00,2020-06-24,0,88,0,0,0
130,127,0,2020-06-23 22:00:00,2020-06-23,1,87,0,0,0
129,127,0,2020-06-22 22:00:00,2020-06-22,0,86,0,0,0
129,127,0,2020-06-21 22:00:00,2020-06-21,0,85,0,0,1
129,126,0,2020-06-20 22:00:00,2020-06-20,0,84,0,0,0
129,126,0,2020-06-19 22:00:00,2020-06-19,0,83,0,0,0
129,126,0,2020-06-18 22:00:00,2020-06-18,1,82,0,0,0
128,126,0,2020-06-17 22:00:00,2020-06-17,0,81,0,0,1
128,125,0,2020-06-16 22:00:00,2020-06-16,0,80,0,0,0
128,125,0,2020-06-15 22:00:00,2020-06-15,0,79,0,0,0
128,125,0,2020-06-14 22:00:00,2020-06-14,2,78,0,0,0
126,125,0,2020-06-13 22:00:00,2020-06-13,0,77,0,0,0
126,125,0,2020-06-12 22:00:00,2020-06-12,0,76,0,0,0
126,125,0,2020-06-11 22:00:00,2020-06-11,0,75,0,0,0
126,125,0,2020-06-10 22:00:00,2020-06-10,0,74,0,0,2
126,123,0,2020-06-09 22:00:00,2020-06-09,0,73,0,0,0
126,123,0,2020-06-08 22:00:00,2020-06-08,1,72,0,0,0
125,123,0,2020-06-07 22:00:00,2020-06-07,0,71,0,0,0
125,123,0,2020-06-06 22:00:00,2020-06-06,0,70,0,0,0
125,123,0,2020-06-05 22:00:00,2020-06-05,0,69,0,0,0
125,123,0,2020-06-04 22:00:00,2020-06-04,0,68,0,0,0
125,123,0,2020-06-03 22:00:00,2020-06-03,0,67,0,0,0
125,123,0,2020-06-02 22:00:00,2020-06-02,0,66,0,0,0
125,123,0,2020-06-01 22:00:00,2020-06-01,0,65,0,0,0
125,123,0,2020-05-31 22:00:00,2020-05-31,0,64,0,0,0
125,123,0,2020-05-30 22:00:00,2020-05-30,1,63,0,0,1
124,122,0,2020-05-29 22:00:00,2020-05-29,0,62,0,0,0
124,122,0,2020-05-28 22:00:00,2020-05-28,0,61,0,0,0
124,122,0,2020-05-27 22:00:00,2020-05-27,0,60,0,0,0
124,122,0,2020-05-26 22:00:00,2020-05-26,0,59,0,0,0
124,122,0,2020-05-25 22:00:00,2020-05-25,0,58,0,0,0
124,122,0,2020-05-24 22:00:00,2020-05-24,0,57,0,0,0
124,122,0,2020-05-23 22:00:00,2020-05-23,1,56,0,0,0
123,122,0,2020-05-22 22:00:00,2020-05-22,1,55,0,0,0
122,122,0,2020-05-21 22:00:00,2020-05-21,0,54,0,0,0
122,122,0,2020-05-20 22:00:00,2020-05-20,0,53,0,0,0
122,122,0,2020-05-19 22:00:00,2020-05-19,0,52,0,0,0
122,122,0,2020-05-18 22:00:00,2020-05-18,0,51,0,0,0
122,122,0,2020-05-17 22:00:00,2020-05-17,0,50,0,0,0
122,122,0,2020-05-16 22:00:00,2020-05-16,0,49,0,0,1
122,121,0,2020-05-15 22:00:00,2020-05-15,0,48,0,0,0
122,121,0,2020-05-14 22:00:00,2020-05-14,0,47,0,0,0
122,121,0,2020-05-13 22:00:00,2020-05-13,0,46,0,0,0
122,121,0,2020-05-12 22:00:00,2020-05-12,0,45,0,0,1
122,120,0,2020-05-11 22:00:00,2020-05-11,0,44,0,0,0
122,120,0,2020-05-10 22:00:00,2020-05-10,0,43,0,0,0
122,120,0,2020-05-09 22:00:00,2020-05-09,0,42,0,0,0
122,120,0,2020-05-08 22:00:00,2020-05-08,0,41,0,0,0
122,120,0,2020-05-07 22:00:00,2020-05-07,0,40,0,0,0
122,120,0,2020-05-06 22:00:00,2020-05-06,0,39,0,0,0
122,120,0,2020-05-05 22:00:00,2020-05-05,0,38,0,0,0
122,120,0,2020-05-04 22:00:00,2020-05-04,0,37,0,0,0
122,120,0,2020-05-03 22:00:00,2020-05-03,0,36,0,0,0
122,120,0,2020-05-02 22:00:00,2020-05-02,0,35,0,0,1
122,119,0,2020-05-01 22:00:00,2020-05-01,0,34,0,0,0
122,119,0,2020-04-30 22:00:00,2020-04-30,0,33,0,0,0
122,119,0,2020-04-29 22:00:00,2020-04-29,0,32,0,0,0
122,119,0,2020-04-28 22:00:00,2020-04-28,0,31,0,0,0
122,119,0,2020-04-27 22:00:00,2020-04-27,0,30,0,0,2
122,117,0,2020-04-26 22:00:00,2020-04-26,0,29,0,0,0
122,117,0,2020-04-25 22:00:00,2020-04-25,0,28,0,0,7
122,110,0,2020-04-24 22:00:00,2020-04-24,0,27,0,0,0
122,110,0,2020-04-23 22:00:00,2020-04-23,0,26,0,0,0
122,110,0,2020-04-22 22:00:00,2020-04-22,0,25,0,0,0
122,110,0,2020-04-21 22:00:00,2020-04-21,0,24,0,0,3
122,107,0,2020-04-20 22:00:00,2020-04-20,0,23,0,0,2
122,105,0,2020-04-19 22:00:00,2020-04-19,0,22,0,0,2
122,103,0,2020-04-18 22:00:00,2020-04-18,0,21,0,0,5
122,98,0,2020-04-17 22:00:00,2020-04-17,0,20,0,0,0
122,98,0,2020-04-16 22:00:00,2020-04-16,0,19,0,0,2
122,96,0,2020-04-15 22:00:00,2020-04-15,0,18,0,0,5
122,91,0,2020-04-14 22:00:00,2020-04-14,0,17,0,0,14
122,77,0,2020-04-13 22:00:00,2020-04-13,0,16,0,0,0
122,77,0,2020-04-12 22:00:00,2020-04-12,2,15,0,0,2
120,75,0,2020-04-11 22:00:00,2020-04-11,1,14,0,0,3
119,72,0,2020-04-10 22:00:00,2020-04-10,2,13,0,0,9
117,63,0,2020-04-09 22:00:00,2020-04-09,0,12,0,0,0
117,63,0,2020-04-08 22:00:00,2020-04-08,2,11,0,0,5
115,58,0,2020-04-07 22:00:00,2020-04-07,1,10,0,0,5
114,53,0,2020-04-06 22:00:00,2020-04-06,0,9,0,0,3
114,50,0,2020-04-05 22:00:00,2020-04-05,0,8,0,0,0
114,50,0,2020-04-04 21:00:00,2020-04-04,0,7,0,0,15
114,35,0,2020-04-03 21:00:00,2020-04-03,4,6,0,0,1
110,34,0,2020-04-02 21:00:00,2020-04-02,1,5,0,0,9
109,25,0,2020-04-01 21:00:00,2020-04-01,0,4,0,0,2
109,23,0,2020-03-31 21:00:00,2020-03-31,2,3,0,0,2
107,21,0,2020-03-30 21:00:00,2020-03-30,4,2,0,0,0
103,21,0,2020-03-29 21:00:00,2020-03-29,4,1,0,0,8
99,13,0,2020-03-28 21:00:00,2020-03-28,1,0,0,0,2
98,11,0,2020-03-27 21:10:00,2020-03-27,2,0,0,0,1
96,10,0,2020-03-26 22:20:00,2020-03-26,3,0,0,0,4
93,6,0,2020-03-25 23:20:00,2020-03-25,6,0,0,0,4
87,2,0,2020-03-24 21:20:00,2020-03-24,1,0,0,0,0
86,2,0,2020-03-23 21:40:00,2020-03-23,33,0,0,0,0
53,2,0,2020-03-22 21:00:00,2020-03-22,2,0,0,0,1
51,1,0,2020-03-21 21:00:00,2020-03-21,4,0,0,0,0
47,1,0,2020-03-20 21:20:00,2020-03-20,10,0,0,0,0
37,1,0,2020-03-19 21:30:00,2020-03-19,2,0,0,0,0
35,1,0,2020-03-18 22:00:00,2020-03-18,11,0,0,0,0
24,1,0,2020-03-17 21:00:00,2020-03-17,12,0,0,0,0
12,1,0,2020-03-16 21:00:00,2020-03-16,5,0,0,0,0
7,1,0,2020-03-15 21:00:00,2020-03-15,0,0,0,0,0
7,1,0,2020-03-14 21:00:00,2020-03-14,2,0,0,0,0
5,1,0,2020-03-13 21:00:00,2020-03-13,2,0,0,0,0
3,1,0,2020-03-12 21:00:00,2020-03-12,0,0,0,0,0
3,1,0,2020-03-11 21:00:00,2020-03-11,1,0,0,0,0
2,1,0,2020-03-10 21:00:00,2020-03-10,0,0,0,0,0
2,1,0,2020-03-09 21:00:00,2020-03-09,0,0,0,0,0
2,1,0,2020-03-08 21:00:00,2020-03-08,1,0,0,0,0
1,1,0,2020-03-07 21:00:00,2020-03-07,0,0,0,0,0
1,1,0,2020-03-06 21:00:00,2020-03-06,0,0,0,0,0
1,1,0,2020-03-05 21:00:00,2020-03-05,0,0,0,0,0
1,1,0,2020-03-04 21:00:00,2020-03-04,0,0,0,0,0
1,1,0,2020-03-03 21:00:00,2020-03-03,0,0,0,0,0
1,1,0,2020-03-02 21:00:00,2020-03-02,0,0,0,0,0
1,1,0,2020-03-01 21:00:00,2020-03-01,0,0,0,0,0
1,1,0,2020-02-29 21:00:00,2020-02-29,0,0,0,0,0
1,1,0,2020-02-28 21:00:00,2020-02-28,0,0,0,0,0
1,1,0,2020-02-27 21:00:00,2020-02-27,0,0,0,0,0
1,1,0,2020-02-26 21:00:00,2020-02-26,0,0,0,0,0
1,1,0,2020-02-25 21:00:00,2020-02-25,0,0,0,0,0
1,1,0,2020-02-24 21:00:00,2020-02-24,0,0,0,0,0
1,1,0,2020-02-23 21:00:00,2020-02-23,0,0,0,0,0
1,1,0,2020-02-22 21:00:00,2020-02-22,0,0,0,0,0
1,1,0,2020-02-21 21:00:00,2020-02-21,0,0,0,0,0
1,1,0,2020-02-20 21:00:00,2020-02-20,0,0,0,0,0
1,1,0,2020-02-19 21:00:00,2020-02-19,0,0,0,0,0
1,1,0,2020-02-18 21:00:00,2020-02-18,0,0,0,0,0
1,1,0,2020-02-17 21:00:00,2020-02-17,0,0,0,0,0
1,1,0,2020-02-16 21:00:00,2020-02-16,0,0,0,0,0
1,1,0,2020-02-15 21:00:00,2020-02-15,0,0,0,0,0
1,1,0,2020-02-14 21:00:00,2020-02-14,0,0,0,0,0
1,1,0,2020-02-13 21:00:00,2020-02-13,0,0,0,0,0
1,1,0,2020-02-12 21:00:00,2020-02-12,0,0,0,0,0
1,1,0,2020-02-11 20:30:00,2020-02-11,0,0,0,0,0
1,1,0,2020-02-10 21:00:00,2020-02-10,0,0,0,0,0
1,1,0,2020-02-09 21:00:00,2020-02-09,0,0,0,0,0
1,1,0,2020-02-08 21:00:00,2020-02-08,0,0,0,0,0
1,1,0,2020-02-07 21:00:00,2020-02-07,0,0,0,0,1
1,0,0,2020-02-06 21:00:00,2020-02-06,0,0,0,0,0
1,0,0,2020-02-05 21:00:00,2020-02-05,0,0,0,0,0
1,0,0,2020-02-04 20:00:00,2020-02-04,0,0,0,0,0
1,0,0,2020-02-03 20:00:00,2020-02-03,0,0,0,0,0
1,0,0,2020-02-02 20:00:00,2020-02-02,0,0,0,0,0
1,0,0,2020-02-01 10:00:00,2020-02-01,0,0,0,0,0
1,0,0,2020-01-31 12:30:00,2020-01-31,0,0,0,0,0
1,0,0,2020-01-30 12:00:00,2020-01-30,0,0,0,0,0
1,0,0,2020-01-29 14:00:00,2020-01-29,0,0,0,0,0
1,0,0,2020-01-28 11:30:00,2020-01-28,1,0,0,0,0
0,0,0,2020-01-27 14:00:00,2020-01-27,0,0,0,0,0
0,0,0,2020-01-26 13:00:00,2020-01-26,0,0,0,0,0
0,0,0,2020-01-25 15:00:00,2020-01-25,0,0,0,0,0
0,0,0,2020-01-24 15:00:00,2020-01-24,0,0,0,0,0
0,0,0,2020-01-23 15:00:00,2020-01-23,0,0,0,0,0
0,0,0,2020-01-22 15:00:00,2020-01-22,0,0,0,0,0
0,0,0,2020-01-21 15:00:00,2020-01-21,0,0,0,0,0
