Confirmed,Recovered,Deaths,Date_last_updated_AEDT,date_day,New,DayElapsed,New_death,DayElapsed_death,New_recover
120020,104364,9009,2020-08-06 22:00:00,2020-08-06,374,148,5,143,319
119646,104045,9004,2020-08-05 22:00:00,2020-08-05,686,147,10,142,774
118960,103271,8994,2020-08-04 22:00:00,2020-08-04,205,146,5,141,82
118755,103189,8989,2020-08-03 22:00:00,2020-08-03,245,145,4,140,129
118510,103060,8985,2020-08-02 22:00:00,2020-08-02,242,144,6,139,166
118268,102894,8979,2020-08-01 22:00:00,2020-08-01,604,143,7,138,562
117664,102332,8972,2020-07-31 22:00:00,2020-07-31,320,142,12,137,388
117344,101944,8960,2020-07-30 22:00:00,2020-07-30,486,141,4,136,307
116858,101637,8956,2020-07-29 22:00:00,2020-07-29,401,140,12,135,203
116457,101434,8944,2020-07-28 22:00:00,2020-07-28,681,139,11,134,478
115776,100956,8933,2020-07-27 22:00:00,2020-07-27,319,138,5,133,204
115457,100752,8928,2020-07-26 22:00:00,2020-07-26,355,137,6,132,261
115102,100491,8922,2020-07-25 22:00:00,2020-07-25,717,136,4,131,567
114385,99924,8918,2020-07-24 22:00:00,2020-07-24,608,135,6,130,436
113777,99488,8912,2020-07-23 22:00:00,2020-07-23,317,134,5,129,253
113460,99235,8907,2020-07-22 22:00:00,2020-07-22,535,133,6,128,273
112925,98962,8901,2020-07-21 22:00:00,2020-07-21,770,132,6,127,413
112155,98549,8895,2020-07-20 22:00:00,2020-07-20,293,131,4,126,128
111862,98421,8891,2020-07-19 22:00:00,2020-07-19,316,130,8,125,155
111546,98266,8883,2020-07-18 22:00:00,2020-07-18,415,129,9,124,23846
111131,74420,8874,2020-07-17 22:00:00,2020-07-17,451,128,18,123,366
110680,74054,8856,2020-07-16 22:00:00,2020-07-16,343,127,12,122,354
110337,73700,8844,2020-07-15 22:00:00,2020-07-15,304,126,9,121,293
110033,73407,8835,2020-07-14 22:00:00,2020-07-14,753,125,6,120,466
109280,72941,8829,2020-07-13 22:00:00,2020-07-13,143,124,11,119,170
109137,72771,8818,2020-07-12 22:00:00,2020-07-12,176,123,8,118,318
108961,72453,8810,2020-07-11 22:00:00,2020-07-11,318,122,14,117,371
108643,72082,8796,2020-07-10 22:00:00,2020-07-10,322,121,11,116,289
108321,71793,8785,2020-07-09 22:00:00,2020-07-09,311,120,21,115,387
108010,71406,8764,2020-07-08 22:00:00,2020-07-08,208,119,16,114,277
107802,71129,8748,2020-07-07 22:00:00,2020-07-07,421,118,9,113,369
107381,70760,8739,2020-07-06 22:00:00,2020-07-06,209,117,8,112,265
107172,70495,8731,2020-07-05 22:00:00,2020-07-05,230,116,10,111,275
106942,70220,8721,2020-07-04 22:00:00,2020-07-04,312,115,23,110,360
106630,69860,8698,2020-07-03 22:00:00,2020-07-03,355,114,21,109,475
106275,69385,8677,2020-07-02 22:00:00,2020-07-02,191,113,28,108,277
106084,69108,8649,2020-07-01 22:00:00,2020-07-01,267,112,22,107,421
105817,68687,8627,2020-06-30 22:00:00,2020-06-30,637,111,46,106,1010
105180,67677,8581,2020-06-29 22:00:00,2020-06-29,315,110,6,105,244
104865,67433,8575,2020-06-28 22:00:00,2020-06-28,249,109,5,104,263
104616,67170,8570,2020-06-27 22:00:00,2020-06-27,166,108,4,103,313
104450,66857,8566,2020-06-26 22:00:00,2020-06-26,376,107,24,102,336
104074,66521,8542,2020-06-25 22:00:00,2020-06-25,320,106,32,101,397
103754,66124,8510,2020-06-24 22:00:00,2020-06-24,366,105,18,100,415
103388,65709,8492,2020-06-23 22:00:00,2020-06-23,323,104,11,99,472
103065,65237,8481,2020-06-22 22:00:00,2020-06-22,316,103,16,98,423
102749,64814,8465,2020-06-21 22:00:00,2020-06-21,448,102,58,97,508
102301,64306,8407,2020-06-20 22:00:00,2020-06-20,1916,101,47,96,535
100385,63771,8360,2020-06-19 22:00:00,2020-06-19,372,100,49,95,503
100013,63268,8311,2020-06-18 22:00:00,2020-06-18,369,99,41,94,1380
99644,61888,8270,2020-06-17 22:00:00,2020-06-17,136,98,43,93,432
99508,61456,8227,2020-06-16 22:00:00,2020-06-16,179,97,20,92,798
99329,60658,8207,2020-06-15 22:00:00,2020-06-15,180,96,27,91,817
99149,59841,8180,2020-06-14 22:00:00,2020-06-14,201,95,54,90,839
98948,59002,8126,2020-06-13 22:00:00,2020-06-13,231,94,54,89,914
98717,58088,8072,2020-06-12 22:00:00,2020-06-12,202,93,35,88,881
98515,57207,8037,2020-06-11 22:00:00,2020-06-11,287,92,68,87,1098
98228,56109,7969,2020-06-10 22:00:00,2020-06-10,462,91,60,86,779
97766,55330,7909,2020-06-09 22:00:00,2020-06-09,601,90,33,85,668
97165,54662,7876,2020-06-08 22:00:00,2020-06-08,703,89,27,84,588
96462,54074,7849,2020-06-07 22:00:00,2020-06-07,528,88,73,83,1013
95934,53061,7776,2020-06-06 22:00:00,2020-06-06,678,87,60,82,890
95256,52171,7716,2020-06-05 22:00:00,2020-06-05,628,86,138,81,679
94628,51492,7578,2020-06-04 22:00:00,2020-06-04,681,85,101,80,780
93947,50712,7477,2020-06-03 22:00:00,2020-06-03,673,84,74,79,634
93274,50078,7403,2020-06-02 22:00:00,2020-06-02,831,83,30,78,878
92443,49200,7373,2020-06-01 22:00:00,2020-06-01,776,82,215,77,696
91667,48504,7158,2020-05-31 22:00:00,2020-05-31,772,81,96,76,612
90895,47892,7062,2020-05-30 22:00:00,2020-05-30,933,80,81,75,944
89962,46948,6981,2020-05-29 22:00:00,2020-05-29,987,79,106,74,712
88975,46236,6875,2020-05-28 22:00:00,2020-05-28,896,78,124,73,897
88079,45339,6751,2020-05-27 22:00:00,2020-05-27,971,77,97,72,701
87108,44638,6654,2020-05-26 22:00:00,2020-05-26,1016,76,121,71,653
86092,43985,6533,2020-05-25 22:00:00,2020-05-25,955,75,68,70,680
85137,43305,6465,2020-05-24 22:00:00,2020-05-24,1204,74,106,69,710
83933,42595,6359,2020-05-23 22:00:00,2020-05-23,1232,73,93,68,877
82701,41718,6266,2020-05-22 22:00:00,2020-05-22,1140,72,117,67,938
81561,40780,6149,2020-05-21 22:00:00,2020-05-21,1077,71,122,66,724
80484,40056,6027,2020-05-20 22:00:00,2020-05-20,1087,70,68,65,818
79397,39238,5959,2020-05-19 22:00:00,2020-05-19,1079,69,57,64,688
78318,38550,5902,2020-05-18 22:00:00,2020-05-18,1126,68,103,63,731
77192,37819,5799,2020-05-17 22:00:00,2020-05-17,1243,67,120,62,924
75949,36895,5679,2020-05-16 22:00:00,2020-05-16,1182,66,88,61,804
74767,36091,5591,2020-05-15 22:00:00,2020-05-15,1231,65,167,60,927
73536,35164,5424,2020-05-14 22:00:00,2020-05-14,1133,64,125,59,1122
72403,34042,5299,2020-05-13 22:00:00,2020-05-13,1154,63,185,58,1048
71249,32994,5114,2020-05-12 22:00:00,2020-05-12,1173,62,124,57,898
70076,32096,4990,2020-05-11 22:00:00,2020-05-11,1173,61,168,56,847
68903,31249,4822,2020-05-10 22:00:00,2020-05-10,1242,60,126,55,1023
67661,30226,4696,2020-05-09 22:00:00,2020-05-09,1475,59,156,54,979
66186,29247,4540,2020-05-08 22:00:00,2020-05-08,1578,58,175,53,1075
64608,28172,4365,2020-05-07 22:00:00,2020-05-07,1407,57,176,52,1178
63201,26994,4189,2020-05-06 22:00:00,2020-05-06,1257,56,187,51,976
61944,26018,4002,2020-05-05 22:00:00,2020-05-05,1455,55,208,50,1110
60489,24908,3794,2020-05-04 22:00:00,2020-05-04,2575,54,111,49,1107
57914,23801,3683,2020-05-03 22:00:00,2020-05-03,1584,53,147,48,1050
56330,22751,3536,2020-05-02 22:00:00,2020-05-02,1885,52,227,47,1328
54445,21423,3309,2020-05-01 22:00:00,2020-05-01,1593,51,155,46,1096
52852,20327,3154,2020-04-30 22:00:00,2020-04-30,1715,50,172,45,1096
51137,19231,2982,2020-04-29 22:00:00,2020-04-29,1534,49,142,44,963
49603,18268,2840,2020-04-28 22:00:00,2020-04-28,1583,48,154,43,946
48020,17322,2686,2020-04-27 22:00:00,2020-04-27,1662,47,116,42,897
46358,16425,2570,2020-04-26 22:00:00,2020-04-26,1452,46,169,41,884
44906,15541,2401,2020-04-25 22:00:00,2020-04-25,1620,45,161,40,780
43286,14761,2240,2020-04-24 22:00:00,2020-04-24,1636,44,160,39,271
41650,14490,2080,2020-04-23 22:00:00,2020-04-23,2258,43,165,38,1300
39392,13190,1915,2020-04-22 22:00:00,2020-04-22,1472,42,162,37,443
37920,12747,1753,2020-04-21 22:00:00,2020-04-21,382,41,31,36,236
37538,12511,1722,2020-04-20 22:00:00,2020-04-20,3165,40,202,35,1295
34373,11216,1520,2020-04-19 22:00:00,2020-04-19,1529,39,164,34,657
32844,10559,1356,2020-04-18 22:00:00,2020-04-18,1884,38,125,33,830
30960,9729,1231,2020-04-17 22:00:00,2020-04-17,2720,37,221,32,750
28240,8979,1010,2020-04-16 22:00:00,2020-04-16,1190,36,107,31,744
27050,8235,903,2020-04-15 22:00:00,2020-04-15,1383,35,123,30,477
25667,7758,780,2020-04-14 22:00:00,2020-04-14,1300,34,63,29,586
24367,7172,717,2020-04-13 22:00:00,2020-04-13,1064,33,64,28,522
23303,6650,653,2020-04-12 22:00:00,2020-04-12,1168,32,84,27,637
22135,6013,569,2020-04-11 22:00:00,2020-04-11,1383,31,60,26,702
20752,5311,509,2020-04-10 22:00:00,2020-04-10,1475,30,74,25,665
19277,4646,435,2020-04-09 22:00:00,2020-04-09,1393,29,55,24,599
17884,4047,380,2020-04-08 22:00:00,2020-04-08,1230,28,58,23,434
16654,3613,322,2020-04-07 22:00:00,2020-04-07,727,27,42,22,532
15927,3081,280,2020-04-06 22:00:00,2020-04-06,1922,26,47,21,311
14005,2770,233,2020-04-05 22:00:00,2020-04-05,1473,25,46,20,449
12532,2321,187,2020-04-04 21:00:00,2020-04-04,1261,24,49,19,350
11271,1971,138,2020-04-03 21:00:00,2020-04-03,1553,23,27,18,445
9718,1526,111,2020-04-02 21:00:00,2020-04-02,1140,22,10,17,284
8578,1242,101,2020-04-01 21:00:00,2020-04-01,1143,21,13,16,128
7435,1114,88,2020-03-31 21:00:00,2020-03-31,1128,20,24,15,541
6307,573,64,2020-03-30 21:00:00,2020-03-30,665,19,4,14,65
5642,508,60,2020-03-29 21:00:00,2020-03-29,895,18,5,13,154
4747,354,55,2020-03-28 21:00:00,2020-03-28,714,17,16,12,126
4033,228,39,2020-03-27 21:10:00,2020-03-27,642,16,5,11,118
3391,110,34,2020-03-26 22:20:00,2020-03-26,609,15,7,10,0
2782,110,27,2020-03-25 23:20:00,2020-03-25,704,14,3,9,100
2078,10,24,2020-03-24 21:20:00,2020-03-24,619,13,4,8,0
1459,10,20,2020-03-23 21:40:00,2020-03-23,141,12,1,7,0
1318,10,19,2020-03-22 21:00:00,2020-03-22,243,11,7,6,1
1075,9,12,2020-03-21 21:00:00,2020-03-21,213,10,0,5,0
862,9,12,2020-03-20 21:20:00,2020-03-20,144,9,3,4,0
718,9,9,2020-03-19 21:30:00,2020-03-19,129,8,1,3,0
589,9,8,2020-03-18 22:00:00,2020-03-18,156,7,4,2,0
433,9,4,2020-03-17 21:00:00,2020-03-17,96,6,3,1,1
337,8,1,2020-03-16 21:00:00,2020-03-16,84,5,0,0,0
253,8,1,2020-03-15 21:00:00,2020-03-15,55,4,0,0,0
198,8,1,2020-03-14 21:00:00,2020-03-14,41,3,0,0,2
157,6,1,2020-03-13 21:00:00,2020-03-13,40,2,0,0,0
117,6,1,2020-03-12 21:00:00,2020-03-12,23,1,0,0,0
94,6,1,2020-03-11 21:00:00,2020-03-11,16,0,0,0,0
78,6,1,2020-03-10 21:00:00,2020-03-10,11,0,1,0,0
67,6,0,2020-03-09 21:00:00,2020-03-09,7,0,0,0,0
60,6,0,2020-03-08 21:00:00,2020-03-08,8,0,0,0,0
52,6,0,2020-03-07 21:00:00,2020-03-07,5,0,0,0,0
47,6,0,2020-03-06 21:00:00,2020-03-06,13,0,0,0,0
34,6,0,2020-03-05 21:00:00,2020-03-05,1,0,0,0,0
33,6,0,2020-03-04 21:00:00,2020-03-04,6,0,0,0,0
27,6,0,2020-03-03 21:00:00,2020-03-03,3,0,0,0,0
24,6,0,2020-03-02 21:00:00,2020-03-02,4,0,0,0,0
20,6,0,2020-03-01 21:00:00,2020-03-01,5,0,0,0,0
15,6,0,2020-02-29 21:00:00,2020-02-29,1,0,0,0,3
14,3,0,2020-02-28 21:00:00,2020-02-28,2,0,0,0,0
12,3,0,2020-02-27 21:00:00,2020-02-27,1,0,0,0,0
11,3,0,2020-02-26 21:00:00,2020-02-26,0,0,0,0,0
11,3,0,2020-02-25 21:00:00,2020-02-25,1,0,0,0,0
10,3,0,2020-02-24 21:00:00,2020-02-24,1,0,0,0,2
9,1,0,2020-02-23 21:00:00,2020-02-23,0,0,0,0,0
9,1,0,2020-02-22 21:00:00,2020-02-22,0,0,0,0,0
9,1,0,2020-02-21 21:00:00,2020-02-21,1,0,0,0,0
8,1,0,2020-02-20 21:00:00,2020-02-20,0,0,0,0,0
8,1,0,2020-02-19 21:00:00,2020-02-19,0,0,0,0,0
8,1,0,2020-02-18 21:00:00,2020-02-18,0,0,0,0,0
8,1,0,2020-02-17 21:00:00,2020-02-17,0,0,0,0,0
8,1,0,2020-02-16 21:00:00,2020-02-16,0,0,0,0,0
8,1,0,2020-02-15 21:00:00,2020-02-15,1,0,0,0,0
7,1,0,2020-02-14 21:00:00,2020-02-14,0,0,0,0,0
7,1,0,2020-02-13 21:00:00,2020-02-13,0,0,0,0,1
7,0,0,2020-02-12 21:00:00,2020-02-12,0,0,0,0,0
7,0,0,2020-02-11 20:30:00,2020-02-11,0,0,0,0,0
7,0,0,2020-02-10 21:00:00,2020-02-10,0,0,0,0,0
7,0,0,2020-02-09 21:00:00,2020-02-09,0,0,0,0,0
7,0,0,2020-02-08 21:00:00,2020-02-08,0,0,0,0,0
7,0,0,2020-02-07 21:00:00,2020-02-07,2,0,0,0,0
5,0,0,2020-02-06 21:00:00,2020-02-06,1,0,0,0,0
4,0,0,2020-02-05 21:00:00,2020-02-05,0,0,0,0,0
4,0,0,2020-02-04 20:00:00,2020-02-04,0,0,0,0,0
4,0,0,2020-02-03 20:00:00,2020-02-03,0,0,0,0,0
4,0,0,2020-02-02 20:00:00,2020-02-02,1,0,0,0,0
3,0,0,2020-02-01 10:00:00,2020-02-01,0,0,0,0,0
3,0,0,2020-01-31 12:30:00,2020-01-31,0,0,0,0,0
3,0,0,2020-01-30 12:00:00,2020-01-30,1,0,0,0,0
2,0,0,2020-01-29 14:00:00,2020-01-29,1,0,0,0,0
1,0,0,2020-01-28 11:30:00,2020-01-28,0,0,0,0,0
1,0,0,2020-01-27 14:00:00,2020-01-27,1,0,0,0,0
0,0,0,2020-01-26 13:00:00,2020-01-26,0,0,0,0,0
0,0,0,2020-01-25 15:00:00,2020-01-25,0,0,0,0,0
0,0,0,2020-01-24 15:00:00,2020-01-24,0,0,0,0,0
0,0,0,2020-01-23 15:00:00,2020-01-23,0,0,0,0,0
0,0,0,2020-01-22 15:00:00,2020-01-22,0,0,0,0,0
0,0,0,2020-01-21 15:00:00,2020-01-21,0,0,0,0,0
