Confirmed,Recovered,Deaths,Date_last_updated_AEDT,date_day,New,DayElapsed,New_death,DayElapsed_death,New_recover
203,202,1,2020-08-06 22:00:00,2020-08-06,0,79,0,0,0
203,202,1,2020-08-05 22:00:00,2020-08-05,0,78,0,0,0
203,202,1,2020-08-04 22:00:00,2020-08-04,0,77,0,0,0
203,202,1,2020-08-03 22:00:00,2020-08-03,0,76,0,0,0
203,202,1,2020-08-02 22:00:00,2020-08-02,0,75,0,0,0
203,202,1,2020-08-01 22:00:00,2020-08-01,0,74,0,0,0
203,202,1,2020-07-31 22:00:00,2020-07-31,0,73,0,0,0
203,202,1,2020-07-30 22:00:00,2020-07-30,0,72,0,0,0
203,202,1,2020-07-29 22:00:00,2020-07-29,0,71,0,0,0
203,202,1,2020-07-28 22:00:00,2020-07-28,0,70,0,0,0
203,202,1,2020-07-27 22:00:00,2020-07-27,0,69,0,0,0
203,202,1,2020-07-26 22:00:00,2020-07-26,0,68,0,0,0
203,202,1,2020-07-25 22:00:00,2020-07-25,0,67,0,0,0
203,202,1,2020-07-24 22:00:00,2020-07-24,0,66,0,0,1
203,201,1,2020-07-23 22:00:00,2020-07-23,0,65,0,0,0
203,201,1,2020-07-22 22:00:00,2020-07-22,0,64,0,0,1
203,200,1,2020-07-21 22:00:00,2020-07-21,0,63,0,0,0
203,200,1,2020-07-20 22:00:00,2020-07-20,0,62,0,0,0
203,200,1,2020-07-19 22:00:00,2020-07-19,0,61,0,0,0
203,200,1,2020-07-18 22:00:00,2020-07-18,0,60,0,0,0
203,200,1,2020-07-17 22:00:00,2020-07-17,0,59,0,0,0
203,200,1,2020-07-16 22:00:00,2020-07-16,0,58,0,0,0
203,200,1,2020-07-15 22:00:00,2020-07-15,0,57,0,0,0
203,200,1,2020-07-14 22:00:00,2020-07-14,2,56,0,0,3
201,197,1,2020-07-13 22:00:00,2020-07-13,0,55,0,0,0
201,197,1,2020-07-12 22:00:00,2020-07-12,0,54,0,0,0
201,197,1,2020-07-11 22:00:00,2020-07-11,0,53,0,0,0
201,197,1,2020-07-10 22:00:00,2020-07-10,0,52,0,0,0
201,197,1,2020-07-09 22:00:00,2020-07-09,0,51,0,0,3
201,194,1,2020-07-08 22:00:00,2020-07-08,0,50,0,0,0
201,194,1,2020-07-07 22:00:00,2020-07-07,0,49,0,0,0
201,194,1,2020-07-06 22:00:00,2020-07-06,0,48,0,0,0
201,194,1,2020-07-05 22:00:00,2020-07-05,0,47,0,0,0
201,194,1,2020-07-04 22:00:00,2020-07-04,0,46,0,0,0
201,194,1,2020-07-03 22:00:00,2020-07-03,0,45,0,0,1
201,193,1,2020-07-02 22:00:00,2020-07-02,1,44,0,0,2
200,191,1,2020-07-01 22:00:00,2020-07-01,1,43,0,0,2
199,189,1,2020-06-30 22:00:00,2020-06-30,3,42,0,0,3
196,186,1,2020-06-29 22:00:00,2020-06-29,0,41,0,0,0
196,186,1,2020-06-28 22:00:00,2020-06-28,0,40,0,0,0
196,186,1,2020-06-27 22:00:00,2020-06-27,0,39,0,0,2
196,184,1,2020-06-26 22:00:00,2020-06-26,0,38,0,0,15
196,169,1,2020-06-25 22:00:00,2020-06-25,1,37,0,0,15
195,154,1,2020-06-24 22:00:00,2020-06-24,0,36,0,0,8
195,146,1,2020-06-23 22:00:00,2020-06-23,0,35,0,0,3
195,143,1,2020-06-22 22:00:00,2020-06-22,0,34,0,0,0
195,143,1,2020-06-21 22:00:00,2020-06-21,0,33,0,0,0
195,143,1,2020-06-20 22:00:00,2020-06-20,2,32,0,0,2
193,141,1,2020-06-19 22:00:00,2020-06-19,0,31,0,0,9
193,132,1,2020-06-18 22:00:00,2020-06-18,0,30,0,0,9
193,123,1,2020-06-17 22:00:00,2020-06-17,6,29,0,0,8
187,115,1,2020-06-16 22:00:00,2020-06-16,0,28,0,0,0
187,115,1,2020-06-15 22:00:00,2020-06-15,0,27,0,0,0
187,115,1,2020-06-14 22:00:00,2020-06-14,0,26,0,0,0
187,115,1,2020-06-13 22:00:00,2020-06-13,1,25,0,0,3
186,112,1,2020-06-12 22:00:00,2020-06-12,6,24,0,0,5
180,107,1,2020-06-11 22:00:00,2020-06-11,4,23,0,0,3
176,104,1,2020-06-10 22:00:00,2020-06-10,5,22,0,0,2
171,102,1,2020-06-09 22:00:00,2020-06-09,7,21,0,0,9
164,93,1,2020-06-08 22:00:00,2020-06-08,0,20,0,0,0
164,93,1,2020-06-07 22:00:00,2020-06-07,0,19,0,0,0
164,93,1,2020-06-06 22:00:00,2020-06-06,4,18,0,0,8
160,85,1,2020-06-05 22:00:00,2020-06-05,4,17,0,0,7
156,78,1,2020-06-04 22:00:00,2020-06-04,5,16,0,0,1
151,77,1,2020-06-03 22:00:00,2020-06-03,1,15,0,0,2
150,75,1,2020-06-02 22:00:00,2020-06-02,9,14,0,0,7
141,68,1,2020-06-01 22:00:00,2020-06-01,0,13,0,0,0
141,68,1,2020-05-31 22:00:00,2020-05-31,0,12,0,0,0
141,68,1,2020-05-30 22:00:00,2020-05-30,1,11,0,0,1
140,67,1,2020-05-29 22:00:00,2020-05-29,0,10,0,0,0
140,67,1,2020-05-28 22:00:00,2020-05-28,3,9,0,0,4
137,63,1,2020-05-27 22:00:00,2020-05-27,3,8,0,0,2
134,61,1,2020-05-26 22:00:00,2020-05-26,5,7,0,0,0
129,61,1,2020-05-25 22:00:00,2020-05-25,0,6,0,0,0
129,61,1,2020-05-24 22:00:00,2020-05-24,0,5,0,0,0
129,61,1,2020-05-23 22:00:00,2020-05-23,8,4,0,0,6
121,55,1,2020-05-22 22:00:00,2020-05-22,10,3,0,0,0
111,55,1,2020-05-21 22:00:00,2020-05-21,0,2,0,0,0
111,55,1,2020-05-20 22:00:00,2020-05-20,17,1,0,0,0
94,55,1,2020-05-19 22:00:00,2020-05-19,0,0,0,0,0
94,55,1,2020-05-18 22:00:00,2020-05-18,0,0,0,0,0
94,55,1,2020-05-17 22:00:00,2020-05-17,0,0,0,0,0
94,55,1,2020-05-16 22:00:00,2020-05-16,1,0,0,0,1
93,54,1,2020-05-15 22:00:00,2020-05-15,7,0,0,0,0
86,54,1,2020-05-14 22:00:00,2020-05-14,1,0,0,0,4
85,50,1,2020-05-13 22:00:00,2020-05-13,1,0,0,0,3
84,47,1,2020-05-12 22:00:00,2020-05-12,3,0,0,0,6
81,41,1,2020-05-11 22:00:00,2020-05-11,0,0,0,0,0
81,41,1,2020-05-10 22:00:00,2020-05-10,0,0,0,0,0
81,41,1,2020-05-09 22:00:00,2020-05-09,1,0,0,0,6
80,35,1,2020-05-08 22:00:00,2020-05-08,2,0,0,0,5
78,30,1,2020-05-07 22:00:00,2020-05-07,0,0,0,0,0
78,30,1,2020-05-06 22:00:00,2020-05-06,3,0,0,0,16
75,14,1,2020-05-05 22:00:00,2020-05-05,1,0,0,0,4
74,10,1,2020-05-04 22:00:00,2020-05-04,0,0,0,0,0
74,10,1,2020-05-03 22:00:00,2020-05-03,0,0,0,0,0
74,10,1,2020-05-02 22:00:00,2020-05-02,1,0,0,0,0
73,10,1,2020-05-01 22:00:00,2020-05-01,0,0,0,0,0
73,10,1,2020-04-30 22:00:00,2020-04-30,3,0,0,0,0
70,10,1,2020-04-29 22:00:00,2020-04-29,0,0,0,0,0
70,10,1,2020-04-28 22:00:00,2020-04-28,0,0,0,0,2
70,8,1,2020-04-27 22:00:00,2020-04-27,0,0,0,0,0
70,8,1,2020-04-26 22:00:00,2020-04-26,0,0,0,0,0
70,8,1,2020-04-25 22:00:00,2020-04-25,4,0,0,0,1
66,7,1,2020-04-24 22:00:00,2020-04-24,0,0,0,0,0
66,7,1,2020-04-23 22:00:00,2020-04-23,0,0,0,0,0
66,7,1,2020-04-22 22:00:00,2020-04-22,0,0,0,0,0
66,7,1,2020-04-21 22:00:00,2020-04-21,5,0,0,0,0
61,7,1,2020-04-20 22:00:00,2020-04-20,0,0,0,0,0
61,7,1,2020-04-19 22:00:00,2020-04-19,0,0,0,0,0
61,7,1,2020-04-18 22:00:00,2020-04-18,0,0,0,0,0
61,7,1,2020-04-17 22:00:00,2020-04-17,1,0,0,0,1
60,6,1,2020-04-16 22:00:00,2020-04-16,6,0,0,0,0
54,6,1,2020-04-15 22:00:00,2020-04-15,0,0,0,0,0
54,6,1,2020-04-14 22:00:00,2020-04-14,1,0,0,0,0
53,6,1,2020-04-13 22:00:00,2020-04-13,0,0,0,0,0
53,6,1,2020-04-12 22:00:00,2020-04-12,8,0,0,0,0
45,6,1,2020-04-11 22:00:00,2020-04-11,0,0,0,0,0
45,6,1,2020-04-10 22:00:00,2020-04-10,0,0,0,0,0
45,6,1,2020-04-09 22:00:00,2020-04-09,0,0,0,0,0
45,6,1,2020-04-08 22:00:00,2020-04-08,6,0,0,0,5
39,1,1,2020-04-07 22:00:00,2020-04-07,0,0,0,0,0
39,1,1,2020-04-06 22:00:00,2020-04-06,4,0,0,0,0
35,1,1,2020-04-05 22:00:00,2020-04-05,6,0,0,0,0
29,1,1,2020-04-04 21:00:00,2020-04-04,1,0,0,0,1
28,0,1,2020-04-03 21:00:00,2020-04-03,6,0,0,0,0
22,0,1,2020-04-02 21:00:00,2020-04-02,8,0,0,0,0
14,0,1,2020-04-01 21:00:00,2020-04-01,2,0,0,0,0
12,0,1,2020-03-31 21:00:00,2020-03-31,0,0,0,0,0
12,0,1,2020-03-30 21:00:00,2020-03-30,4,0,0,0,0
8,0,1,2020-03-29 21:00:00,2020-03-29,0,0,0,0,0
8,0,1,2020-03-28 21:00:00,2020-03-28,0,0,0,0,0
8,0,1,2020-03-27 21:10:00,2020-03-27,0,0,0,0,0
8,0,1,2020-03-26 22:20:00,2020-03-26,2,0,0,0,0
6,0,1,2020-03-25 23:20:00,2020-03-25,1,0,0,0,0
5,0,1,2020-03-24 21:20:00,2020-03-24,2,0,0,0,0
3,0,1,2020-03-23 21:40:00,2020-03-23,0,0,0,0,0
3,0,1,2020-03-22 21:00:00,2020-03-22,0,0,0,0,0
3,0,1,2020-03-21 21:00:00,2020-03-21,0,0,0,0,0
3,0,1,2020-03-20 21:20:00,2020-03-20,2,0,0,0,0
1,0,1,2020-03-19 21:30:00,2020-03-19,0,0,0,0,0
1,0,1,2020-03-18 22:00:00,2020-03-18,0,0,0,0,0
1,0,1,2020-03-17 21:00:00,2020-03-17,0,0,1,0,0
1,0,0,2020-03-16 21:00:00,2020-03-16,0,0,0,0,0
1,0,0,2020-03-15 21:00:00,2020-03-15,0,0,0,0,0
1,0,0,2020-03-14 21:00:00,2020-03-14,0,0,0,0,0
1,0,0,2020-03-13 21:00:00,2020-03-13,1,0,0,0,0
0,0,0,2020-03-12 21:00:00,2020-03-12,0,0,0,0,0
0,0,0,2020-03-11 21:00:00,2020-03-11,0,0,0,0,0
0,0,0,2020-03-10 21:00:00,2020-03-10,0,0,0,0,0
0,0,0,2020-03-09 21:00:00,2020-03-09,0,0,0,0,0
0,0,0,2020-03-08 21:00:00,2020-03-08,0,0,0,0,0
0,0,0,2020-03-07 21:00:00,2020-03-07,0,0,0,0,0
0,0,0,2020-03-06 21:00:00,2020-03-06,0,0,0,0,0
0,0,0,2020-03-05 21:00:00,2020-03-05,0,0,0,0,0
0,0,0,2020-03-04 21:00:00,2020-03-04,0,0,0,0,0
0,0,0,2020-03-03 21:00:00,2020-03-03,0,0,0,0,0
0,0,0,2020-03-02 21:00:00,2020-03-02,0,0,0,0,0
0,0,0,2020-03-01 21:00:00,2020-03-01,0,0,0,0,0
0,0,0,2020-02-29 21:00:00,2020-02-29,0,0,0,0,0
0,0,0,2020-02-28 21:00:00,2020-02-28,0,0,0,0,0
0,0,0,2020-02-27 21:00:00,2020-02-27,0,0,0,0,0
0,0,0,2020-02-26 21:00:00,2020-02-26,0,0,0,0,0
0,0,0,2020-02-25 21:00:00,2020-02-25,0,0,0,0,0
0,0,0,2020-02-24 21:00:00,2020-02-24,0,0,0,0,0
0,0,0,2020-02-23 21:00:00,2020-02-23,0,0,0,0,0
0,0,0,2020-02-22 21:00:00,2020-02-22,0,0,0,0,0
0,0,0,2020-02-21 21:00:00,2020-02-21,0,0,0,0,0
0,0,0,2020-02-20 21:00:00,2020-02-20,0,0,0,0,0
0,0,0,2020-02-19 21:00:00,2020-02-19,0,0,0,0,0
0,0,0,2020-02-18 21:00:00,2020-02-18,0,0,0,0,0
0,0,0,2020-02-17 21:00:00,2020-02-17,0,0,0,0,0
0,0,0,2020-02-16 21:00:00,2020-02-16,0,0,0,0,0
0,0,0,2020-02-15 21:00:00,2020-02-15,0,0,0,0,0
0,0,0,2020-02-14 21:00:00,2020-02-14,0,0,0,0,0
0,0,0,2020-02-13 21:00:00,2020-02-13,0,0,0,0,0
0,0,0,2020-02-12 21:00:00,2020-02-12,0,0,0,0,0
0,0,0,2020-02-11 20:30:00,2020-02-11,0,0,0,0,0
0,0,0,2020-02-10 21:00:00,2020-02-10,0,0,0,0,0
0,0,0,2020-02-09 21:00:00,2020-02-09,0,0,0,0,0
0,0,0,2020-02-08 21:00:00,2020-02-08,0,0,0,0,0
0,0,0,2020-02-07 21:00:00,2020-02-07,0,0,0,0,0
0,0,0,2020-02-06 21:00:00,2020-02-06,0,0,0,0,0
0,0,0,2020-02-05 21:00:00,2020-02-05,0,0,0,0,0
0,0,0,2020-02-04 20:00:00,2020-02-04,0,0,0,0,0
0,0,0,2020-02-03 20:00:00,2020-02-03,0,0,0,0,0
0,0,0,2020-02-02 20:00:00,2020-02-02,0,0,0,0,0
0,0,0,2020-02-01 10:00:00,2020-02-01,0,0,0,0,0
0,0,0,2020-01-31 12:30:00,2020-01-31,0,0,0,0,0
0,0,0,2020-01-30 12:00:00,2020-01-30,0,0,0,0,0
0,0,0,2020-01-29 14:00:00,2020-01-29,0,0,0,0,0
0,0,0,2020-01-28 11:30:00,2020-01-28,0,0,0,0,0
0,0,0,2020-01-27 14:00:00,2020-01-27,0,0,0,0,0
0,0,0,2020-01-26 13:00:00,2020-01-26,0,0,0,0,0
0,0,0,2020-01-25 15:00:00,2020-01-25,0,0,0,0,0
0,0,0,2020-01-24 15:00:00,2020-01-24,0,0,0,0,0
0,0,0,2020-01-23 15:00:00,2020-01-23,0,0,0,0,0
0,0,0,2020-01-22 15:00:00,2020-01-22,0,0,0,0,0
0,0,0,2020-01-21 15:00:00,2020-01-21,0,0,0,0,0
