Confirmed,Recovered,Deaths,Date_last_updated_AEDT,date_day,New,DayElapsed,New_death,DayElapsed_death,New_recover
345714,186317,11624,2020-08-06 22:00:00,2020-08-06,10735,141,309,136,6059
334979,180258,11315,2020-08-05 22:00:00,2020-08-05,7129,140,298,135,6531
327850,173727,11017,2020-08-04 22:00:00,2020-08-04,10199,139,367,134,6488
317651,167239,10650,2020-08-03 22:00:00,2020-08-03,11470,138,320,133,6531
306181,160708,10330,2020-08-02 22:00:00,2020-08-02,10673,137,225,132,6321
295508,154387,10105,2020-08-01 22:00:00,2020-08-01,9488,136,295,131,5692
286020,148695,9810,2020-07-31 22:00:00,2020-07-31,9965,135,356,130,5918
276055,142777,9454,2020-07-30 22:00:00,2020-07-30,8670,134,380,129,6087
267385,136690,9074,2020-07-29 22:00:00,2020-07-29,10284,133,297,128,5529
257101,131161,8777,2020-07-28 22:00:00,2020-07-28,8125,132,252,127,6124
248976,125037,8525,2020-07-27 22:00:00,2020-07-27,8181,131,256,126,5370
240795,119667,8269,2020-07-26 22:00:00,2020-07-26,7254,130,294,125,5803
233541,113864,7975,2020-07-25 22:00:00,2020-07-25,7168,129,287,124,5913
226373,107951,7688,2020-07-24 22:00:00,2020-07-24,7945,128,315,123,6338
218428,101613,7373,2020-07-23 22:00:00,2020-07-23,7390,127,207,122,2773
211038,98840,7166,2020-07-22 22:00:00,2020-07-22,7033,126,237,121,3036
204005,95804,6929,2020-07-21 22:00:00,2020-07-21,6727,125,193,120,4011
197278,91793,6736,2020-07-20 22:00:00,2020-07-20,6578,124,220,119,5957
190700,85836,6516,2020-07-19 22:00:00,2020-07-19,8560,123,228,118,5199
182140,80637,6288,2020-07-18 22:00:00,2020-07-18,8934,122,259,117,4473
173206,76164,6029,2020-07-17 22:00:00,2020-07-17,8037,121,215,116,4428
165169,71736,5814,2020-07-16 22:00:00,2020-07-16,5271,120,189,115,2930
159898,68806,5625,2020-07-15 22:00:00,2020-07-15,5621,119,170,114,2997
154277,65809,5455,2020-07-14 22:00:00,2020-07-14,3832,118,148,113,2358
150445,63451,5307,2020-07-13 22:00:00,2020-07-13,5083,117,188,112,2265
145362,61186,5119,2020-07-12 22:00:00,2020-07-12,4586,116,194,111,2386
140776,58800,4925,2020-07-11 22:00:00,2020-07-11,6803,115,211,110,2528
133973,56272,4714,2020-07-10 22:00:00,2020-07-10,5335,114,187,109,2638
128638,53634,4527,2020-07-09 22:00:00,2020-07-09,4144,113,168,108,1773
124494,51861,4359,2020-07-08 22:00:00,2020-07-08,4213,112,149,107,1491
120281,50370,4210,2020-07-07 22:00:00,2020-07-07,3171,111,146,106,2489
117110,47881,4064,2020-07-06 22:00:00,2020-07-06,3721,110,122,105,1318
113389,46563,3942,2020-07-05 22:00:00,2020-07-05,3884,109,165,104,1229
109505,45334,3777,2020-07-04 22:00:00,2020-07-04,3395,108,136,103,803
106110,44531,3641,2020-07-03 22:00:00,2020-07-03,4101,107,171,102,1124
102009,43407,3470,2020-07-02 22:00:00,2020-07-02,4163,106,136,101,1334
97846,42073,3334,2020-07-01 22:00:00,2020-07-01,2803,105,111,100,2119
95043,39954,3223,2020-06-30 22:00:00,2020-06-30,3274,104,117,99,1674
91769,38280,3106,2020-06-29 22:00:00,2020-06-29,3178,103,167,98,2007
88591,36273,2939,2020-06-28 22:00:00,2020-06-28,4149,102,128,97,1336
84442,34937,2811,2020-06-27 22:00:00,2020-06-27,3843,101,157,96,1588
80599,33349,2654,2020-06-26 22:00:00,2020-06-26,3486,100,163,95,1678
77113,31671,2491,2020-06-25 22:00:00,2020-06-25,3541,99,87,94,1212
73572,30459,2404,2020-06-24 22:00:00,2020-06-24,2389,98,94,93,1491
71183,28968,2310,2020-06-23 22:00:00,2020-06-23,2531,97,73,92,1608
68652,27360,2237,2020-06-22 22:00:00,2020-06-22,3019,96,111,91,1861
65633,25499,2126,2020-06-21 22:00:00,2020-06-21,2357,95,81,90,1511
63276,23988,2045,2020-06-20 22:00:00,2020-06-20,3059,94,95,89,1308
60217,22680,1950,2020-06-19 22:00:00,2020-06-19,3171,93,86,88,1354
57046,21326,1864,2020-06-18 22:00:00,2020-06-18,2115,92,63,87,960
54931,20366,1801,2020-06-17 22:00:00,2020-06-17,1868,91,75,86,414
53063,19952,1726,2020-06-16 22:00:00,2020-06-16,2124,90,59,85,130
50939,19822,1667,2020-06-15 22:00:00,2020-06-15,2193,89,75,84,396
48746,19426,1592,2020-06-14 22:00:00,2020-06-14,1888,88,47,83,711
46858,18715,1545,2020-06-13 22:00:00,2020-06-13,1646,87,57,82,925
45212,17790,1488,2020-06-12 22:00:00,2020-06-12,1530,86,55,81,457
43682,17333,1433,2020-06-11 22:00:00,2020-06-11,1604,85,61,80,799
42078,16534,1372,2020-06-10 22:00:00,2020-06-10,1359,84,64,79,107
40719,16427,1308,2020-06-09 22:00:00,2020-06-09,1483,83,49,78,1105
39236,15322,1259,2020-06-08 22:00:00,2020-06-08,1209,82,54,77,940
38027,14382,1205,2020-06-07 22:00:00,2020-06-07,1392,81,60,76,744
36635,13638,1145,2020-06-06 22:00:00,2020-06-06,1515,80,58,75,717
35120,12921,1087,2020-06-05 22:00:00,2020-06-05,1766,79,42,74,633
33354,12288,1045,2020-06-04 22:00:00,2020-06-04,1521,78,36,73,1146
31833,11142,1009,2020-06-03 22:00:00,2020-06-03,1340,77,40,72,1481
30493,9661,969,2020-06-02 22:00:00,2020-06-02,1110,76,30,71,1118
29383,8543,939,2020-06-01 22:00:00,2020-06-01,1147,75,49,70,1422
28236,7121,890,2020-05-31 22:00:00,2020-05-31,1548,74,37,69,208
26688,6913,853,2020-05-30 22:00:00,2020-05-30,1322,73,31,68,248
25366,6665,822,2020-05-29 22:00:00,2020-05-29,1262,72,19,67,554
24104,6111,803,2020-05-28 22:00:00,2020-05-28,1101,71,27,66,600
23003,5511,776,2020-05-27 22:00:00,2020-05-27,1022,70,26,65,246
21981,5265,750,2020-05-26 22:00:00,2020-05-26,806,69,23,64,249
21175,5016,727,2020-05-25 22:00:00,2020-05-25,998,68,22,63,298
20177,4718,705,2020-05-24 22:00:00,2020-05-24,1046,67,23,62,143
19131,4575,682,2020-05-23 22:00:00,2020-05-23,801,66,30,61,144
18330,4431,652,2020-05-22 22:00:00,2020-05-22,643,65,22,60,175
17687,4256,630,2020-05-21 22:00:00,2020-05-21,752,64,17,59,206
16935,4050,613,2020-05-20 22:00:00,2020-05-20,640,63,21,58,147
16295,3903,592,2020-05-19 22:00:00,2020-05-19,721,62,18,57,152
15574,3751,574,2020-05-18 22:00:00,2020-05-18,635,61,12,56,164
14939,3587,562,2020-05-17 22:00:00,2020-05-17,723,60,16,55,127
14216,3460,546,2020-05-16 22:00:00,2020-05-16,606,59,21,54,102
13610,3358,525,2020-05-15 22:00:00,2020-05-15,680,58,16,53,225
12930,3133,509,2020-05-14 22:00:00,2020-05-14,658,57,16,52,162
12272,2971,493,2020-05-13 22:00:00,2020-05-13,659,56,14,51,146
11613,2825,479,2020-05-12 22:00:00,2020-05-12,550,55,16,50,120
11063,2705,463,2020-05-11 22:00:00,2020-05-11,568,54,18,49,136
10495,2569,445,2020-05-10 22:00:00,2020-05-10,444,53,17,48,145
10051,2424,428,2020-05-09 22:00:00,2020-05-09,595,52,21,47,124
9456,2300,407,2020-05-08 22:00:00,2020-05-08,497,51,10,46,152
8959,2148,397,2020-05-07 22:00:00,2020-05-07,346,50,19,45,135
8613,2013,378,2020-05-06 22:00:00,2020-05-06,640,49,20,44,206
7973,1807,358,2020-05-05 22:00:00,2020-05-05,305,48,18,43,85
7668,1722,340,2020-05-04 22:00:00,2020-05-04,383,47,16,42,56
7285,1666,324,2020-05-03 22:00:00,2020-05-03,279,46,10,41,115
7006,1551,314,2020-05-02 22:00:00,2020-05-02,499,45,21,40,112
6507,1439,293,2020-05-01 22:00:00,2020-05-01,296,44,15,39,28
6211,1411,278,2020-04-30 22:00:00,2020-04-30,262,43,9,38,143
5949,1268,269,2020-04-29 22:00:00,2020-04-29,352,42,16,37,58
5597,1210,253,2020-04-28 22:00:00,2020-04-28,218,41,9,36,77
5379,1133,244,2020-04-27 22:00:00,2020-04-27,237,40,11,35,66
5142,1067,233,2020-04-26 22:00:00,2020-04-26,261,39,8,34,64
4881,1003,225,2020-04-25 22:00:00,2020-04-25,320,38,10,33,76
4561,927,215,2020-04-24 22:00:00,2020-04-24,205,37,9,32,57
4356,870,206,2020-04-23 22:00:00,2020-04-23,207,36,10,31,66
4149,804,196,2020-04-22 22:00:00,2020-04-22,172,35,7,30,0
3977,804,189,2020-04-21 22:00:00,2020-04-21,185,34,10,29,93
3792,711,179,2020-04-20 22:00:00,2020-04-20,171,33,13,28,20
3621,691,166,2020-04-19 22:00:00,2020-04-19,182,32,13,27,57
3439,634,153,2020-04-18 22:00:00,2020-04-18,206,31,9,26,84
3233,550,144,2020-04-17 22:00:00,2020-04-17,128,30,13,25,98
3105,452,131,2020-04-16 22:00:00,2020-04-16,126,29,4,24,98
2979,354,127,2020-04-15 22:00:00,2020-04-15,127,28,15,23,35
2852,319,112,2020-04-14 22:00:00,2020-04-14,76,27,3,22,49
2776,270,109,2020-04-13 22:00:00,2020-04-13,67,26,9,21,56
2709,214,100,2020-04-12 22:00:00,2020-04-12,236,25,20,20,17
2473,197,80,2020-04-11 22:00:00,2020-04-11,250,24,11,19,23
2223,174,69,2020-04-10 22:00:00,2020-04-10,169,23,14,18,51
2054,123,55,2020-04-09 22:00:00,2020-04-09,274,22,5,17,23
1780,100,50,2020-04-08 22:00:00,2020-04-08,201,21,4,16,12
1579,88,46,2020-04-07 22:00:00,2020-04-07,94,20,11,15,0
1485,88,35,2020-04-06 22:00:00,2020-04-06,79,19,3,14,3
1406,85,32,2020-04-05 22:00:00,2020-04-05,139,18,7,13,30
1267,55,25,2020-04-04 21:00:00,2020-04-04,106,17,6,12,0
1161,55,19,2020-04-03 21:00:00,2020-04-03,96,16,2,11,16
1065,39,17,2020-04-02 21:00:00,2020-04-02,159,15,1,10,8
906,31,16,2020-04-01 21:00:00,2020-04-01,108,14,2,9,16
798,15,14,2020-03-31 21:00:00,2020-03-31,96,13,4,8,5
702,10,10,2020-03-30 21:00:00,2020-03-30,94,12,4,7,0
608,10,6,2020-03-29 21:00:00,2020-03-29,69,11,0,6,0
539,10,6,2020-03-28 21:00:00,2020-03-28,48,10,0,5,2
491,8,6,2020-03-27 21:10:00,2020-03-27,21,9,2,4,0
470,8,4,2020-03-26 22:20:00,2020-03-26,92,8,1,3,2
378,6,3,2020-03-25 23:20:00,2020-03-25,72,7,0,2,0
306,6,3,2020-03-24 21:20:00,2020-03-24,71,6,1,1,3
235,3,2,2020-03-23 21:40:00,2020-03-23,25,5,1,0,0
210,3,1,2020-03-22 21:00:00,2020-03-22,52,4,1,0,2
158,1,0,2020-03-21 21:00:00,2020-03-21,30,3,0,0,0
128,1,0,2020-03-20 21:20:00,2020-03-20,26,2,0,0,0
102,1,0,2020-03-19 21:30:00,2020-03-19,27,1,0,0,0
75,1,0,2020-03-18 22:00:00,2020-03-18,18,0,0,0,0
57,1,0,2020-03-17 21:00:00,2020-03-17,12,0,0,0,1
45,0,0,2020-03-16 21:00:00,2020-03-16,21,0,0,0,0
24,0,0,2020-03-15 21:00:00,2020-03-15,8,0,0,0,0
16,0,0,2020-03-14 21:00:00,2020-03-14,7,0,0,0,0
9,0,0,2020-03-13 21:00:00,2020-03-13,0,0,0,0,0
9,0,0,2020-03-12 21:00:00,2020-03-12,6,0,0,0,0
3,0,0,2020-03-11 21:00:00,2020-03-11,0,0,0,0,0
3,0,0,2020-03-10 21:00:00,2020-03-10,2,0,0,0,0
1,0,0,2020-03-09 21:00:00,2020-03-09,0,0,0,0,0
1,0,0,2020-03-08 21:00:00,2020-03-08,0,0,0,0,0
1,0,0,2020-03-07 21:00:00,2020-03-07,1,0,0,0,0
0,0,0,2020-03-06 21:00:00,2020-03-06,0,0,0,0,0
0,0,0,2020-03-05 21:00:00,2020-03-05,0,0,0,0,0
0,0,0,2020-03-04 21:00:00,2020-03-04,0,0,0,0,0
0,0,0,2020-03-03 21:00:00,2020-03-03,0,0,0,0,0
0,0,0,2020-03-02 21:00:00,2020-03-02,0,0,0,0,0
0,0,0,2020-03-01 21:00:00,2020-03-01,0,0,0,0,0
0,0,0,2020-02-29 21:00:00,2020-02-29,0,0,0,0,0
0,0,0,2020-02-28 21:00:00,2020-02-28,0,0,0,0,0
0,0,0,2020-02-27 21:00:00,2020-02-27,0,0,0,0,0
0,0,0,2020-02-26 21:00:00,2020-02-26,0,0,0,0,0
0,0,0,2020-02-25 21:00:00,2020-02-25,0,0,0,0,0
0,0,0,2020-02-24 21:00:00,2020-02-24,0,0,0,0,0
0,0,0,2020-02-23 21:00:00,2020-02-23,0,0,0,0,0
0,0,0,2020-02-22 21:00:00,2020-02-22,0,0,0,0,0
0,0,0,2020-02-21 21:00:00,2020-02-21,0,0,0,0,0
0,0,0,2020-02-20 21:00:00,2020-02-20,0,0,0,0,0
0,0,0,2020-02-19 21:00:00,2020-02-19,0,0,0,0,0
0,0,0,2020-02-18 21:00:00,2020-02-18,0,0,0,0,0
0,0,0,2020-02-17 21:00:00,2020-02-17,0,0,0,0,0
0,0,0,2020-02-16 21:00:00,2020-02-16,0,0,0,0,0
0,0,0,2020-02-15 21:00:00,2020-02-15,0,0,0,0,0
0,0,0,2020-02-14 21:00:00,2020-02-14,0,0,0,0,0
0,0,0,2020-02-13 21:00:00,2020-02-13,0,0,0,0,0
0,0,0,2020-02-12 21:00:00,2020-02-12,0,0,0,0,0
0,0,0,2020-02-11 20:30:00,2020-02-11,0,0,0,0,0
0,0,0,2020-02-10 21:00:00,2020-02-10,0,0,0,0,0
0,0,0,2020-02-09 21:00:00,2020-02-09,0,0,0,0,0
0,0,0,2020-02-08 21:00:00,2020-02-08,0,0,0,0,0
0,0,0,2020-02-07 21:00:00,2020-02-07,0,0,0,0,0
0,0,0,2020-02-06 21:00:00,2020-02-06,0,0,0,0,0
0,0,0,2020-02-05 21:00:00,2020-02-05,0,0,0,0,0
0,0,0,2020-02-04 20:00:00,2020-02-04,0,0,0,0,0
0,0,0,2020-02-03 20:00:00,2020-02-03,0,0,0,0,0
0,0,0,2020-02-02 20:00:00,2020-02-02,0,0,0,0,0
0,0,0,2020-02-01 10:00:00,2020-02-01,0,0,0,0,0
0,0,0,2020-01-31 12:30:00,2020-01-31,0,0,0,0,0
0,0,0,2020-01-30 12:00:00,2020-01-30,0,0,0,0,0
0,0,0,2020-01-29 14:00:00,2020-01-29,0,0,0,0,0
0,0,0,2020-01-28 11:30:00,2020-01-28,0,0,0,0,0
0,0,0,2020-01-27 14:00:00,2020-01-27,0,0,0,0,0
0,0,0,2020-01-26 13:00:00,2020-01-26,0,0,0,0,0
0,0,0,2020-01-25 15:00:00,2020-01-25,0,0,0,0,0
0,0,0,2020-01-24 15:00:00,2020-01-24,0,0,0,0,0
0,0,0,2020-01-23 15:00:00,2020-01-23,0,0,0,0,0
0,0,0,2020-01-22 15:00:00,2020-01-22,0,0,0,0,0
0,0,0,2020-01-21 15:00:00,2020-01-21,0,0,0,0,0
