Confirmed,Recovered,Deaths,Date_last_updated_AEDT,date_day,New,DayElapsed,New_death,DayElapsed_death,New_recover
50225,63,4437,2020-08-06 22:00:00,2020-08-06,115,140,0,140,0
50110,63,4437,2020-08-05 22:00:00,2020-08-05,48,139,0,139,0
50062,63,4437,2020-08-04 22:00:00,2020-08-04,250,138,5,138,0
49812,63,4432,2020-08-03 22:00:00,2020-08-03,0,137,0,137,0
49812,63,4432,2020-08-02 22:00:00,2020-08-02,0,136,0,136,0
49812,63,4432,2020-08-01 22:00:00,2020-08-01,142,135,1,135,0
49670,63,4431,2020-07-31 22:00:00,2020-07-31,130,134,6,134,0
49540,63,4425,2020-07-30 22:00:00,2020-07-30,463,133,2,133,0
49077,63,4423,2020-07-29 22:00:00,2020-07-29,94,132,5,132,0
48983,63,4418,2020-07-28 22:00:00,2020-07-28,207,131,5,131,0
48776,63,4413,2020-07-27 22:00:00,2020-07-27,0,130,0,130,0
48776,63,4413,2020-07-26 22:00:00,2020-07-26,0,129,0,129,0
48776,63,4413,2020-07-25 22:00:00,2020-07-25,544,128,3,128,0
48232,63,4410,2020-07-24 22:00:00,2020-07-24,9,127,3,127,0
48223,63,4407,2020-07-23 22:00:00,2020-07-23,125,126,1,126,0
48098,63,4406,2020-07-22 22:00:00,2020-07-22,43,125,0,125,0
48055,63,4406,2020-07-21 22:00:00,2020-07-21,162,124,10,124,0
47893,63,4396,2020-07-20 22:00:00,2020-07-20,0,123,0,123,0
47893,63,4396,2020-07-19 22:00:00,2020-07-19,0,122,0,122,0
47893,63,4396,2020-07-18 22:00:00,2020-07-18,143,121,7,121,0
47750,63,4389,2020-07-17 22:00:00,2020-07-17,114,120,9,120,0
47636,63,4380,2020-07-16 22:00:00,2020-07-16,106,119,8,119,0
47530,63,4372,2020-07-15 22:00:00,2020-07-15,20,118,1,118,0
47510,63,4371,2020-07-14 22:00:00,2020-07-14,223,117,23,117,0
47287,63,4348,2020-07-13 22:00:00,2020-07-13,0,116,0,116,0
47287,63,4348,2020-07-12 22:00:00,2020-07-12,0,115,0,115,0
47287,63,4348,2020-07-11 22:00:00,2020-07-11,78,114,0,114,0
47209,63,4348,2020-07-10 22:00:00,2020-07-10,101,113,5,113,0
47108,63,4343,2020-07-09 22:00:00,2020-07-09,74,112,5,112,0
47034,63,4338,2020-07-08 22:00:00,2020-07-08,58,111,0,111,0
46976,63,4338,2020-07-07 22:00:00,2020-07-07,256,110,3,110,0
46720,63,4335,2020-07-06 22:00:00,2020-07-06,0,109,0,109,0
46720,63,4335,2020-07-05 22:00:00,2020-07-05,0,108,0,108,0
46720,63,4335,2020-07-04 22:00:00,2020-07-04,74,107,9,107,0
46646,63,4326,2020-07-03 22:00:00,2020-07-03,73,106,0,106,0
46573,63,4326,2020-07-02 22:00:00,2020-07-02,59,105,4,105,0
46514,63,4322,2020-07-01 22:00:00,2020-07-01,151,104,2,104,0
46363,63,4320,2020-06-30 22:00:00,2020-06-30,60,103,4,103,0
46303,63,4316,2020-06-29 22:00:00,2020-06-29,97,102,5,102,0
46206,63,4311,2020-06-28 22:00:00,2020-06-28,147,101,4,101,0
46059,63,4307,2020-06-27 22:00:00,2020-06-27,63,100,9,100,0
45996,63,4298,2020-06-26 22:00:00,2020-06-26,83,99,11,99,0
45913,63,4287,2020-06-25 22:00:00,2020-06-25,14,98,10,98,0
45899,63,4277,2020-06-24 22:00:00,2020-06-24,114,97,14,97,0
45785,63,4263,2020-06-23 22:00:00,2020-06-23,30,96,3,96,0
45755,63,4260,2020-06-22 22:00:00,2020-06-22,40,95,9,95,0
45715,63,4251,2020-06-21 22:00:00,2020-06-21,158,94,13,94,0
45557,63,4238,2020-06-20 22:00:00,2020-06-20,117,93,12,93,0
45440,63,4226,2020-06-19 22:00:00,2020-06-19,11,92,7,92,0
45429,63,4219,2020-06-18 22:00:00,2020-06-18,80,91,9,91,0
45349,63,4210,2020-06-17 22:00:00,2020-06-17,114,90,6,90,0
45235,63,4204,2020-06-16 22:00:00,2020-06-16,147,89,3,89,0
45088,63,4201,2020-06-15 22:00:00,2020-06-15,94,88,15,88,0
44994,63,4186,2020-06-14 22:00:00,2020-06-14,305,87,27,87,0
44689,63,4159,2020-06-13 22:00:00,2020-06-13,228,86,11,86,0
44461,63,4148,2020-06-12 22:00:00,2020-06-12,114,85,28,85,0
44347,63,4120,2020-06-11 22:00:00,2020-06-11,168,84,23,84,0
44179,63,4097,2020-06-10 22:00:00,2020-06-10,86,83,13,83,0
44093,63,4084,2020-06-09 22:00:00,2020-06-09,125,82,13,82,0
43968,63,4071,2020-06-08 22:00:00,2020-06-08,150,81,16,81,0
43818,63,4055,2020-06-07 22:00:00,2020-06-07,357,80,17,80,0
43461,63,4038,2020-06-06 22:00:00,2020-06-06,222,79,31,79,0
43239,63,4007,2020-06-05 22:00:00,2020-06-05,148,78,18,78,0
43091,63,3989,2020-06-04 22:00:00,2020-06-04,112,77,17,77,0
42979,63,3972,2020-06-03 22:00:00,2020-06-03,236,76,1,76,0
42743,63,3971,2020-06-02 22:00:00,2020-06-02,542,75,27,75,0
42201,63,3944,2020-06-01 22:00:00,2020-06-01,179,74,32,74,0
42022,63,3912,2020-05-31 22:00:00,2020-05-31,260,73,44,73,0
41762,63,3868,2020-05-30 22:00:00,2020-05-30,203,72,42,72,0
41559,63,3826,2020-05-29 22:00:00,2020-05-29,271,71,23,71,0
41288,63,3803,2020-05-28 22:00:00,2020-05-28,-15,70,34,70,0
41303,63,3769,2020-05-27 22:00:00,2020-05-27,430,69,27,69,0
40873,63,3742,2020-05-26 22:00:00,2020-05-26,405,68,46,68,0
40468,63,3696,2020-05-25 22:00:00,2020-05-25,446,67,21,67,0
40022,63,3675,2020-05-24 22:00:00,2020-05-24,382,66,38,66,0
39640,63,3637,2020-05-23 22:00:00,2020-05-23,432,65,54,65,0
39208,63,3583,2020-05-22 22:00:00,2020-05-22,191,64,54,64,0
39017,63,3529,2020-05-21 22:00:00,2020-05-21,587,63,57,63,0
38430,63,3472,2020-05-20 22:00:00,2020-05-20,314,62,22,62,0
38116,63,3450,2020-05-19 22:00:00,2020-05-19,697,61,42,61,0
37419,63,3408,2020-05-18 22:00:00,2020-05-18,716,60,69,60,0
36703,63,3339,2020-05-17 22:00:00,2020-05-17,618,59,54,59,0
36085,63,3285,2020-05-16 22:00:00,2020-05-16,621,58,66,58,0
35464,63,3219,2020-05-15 22:00:00,2020-05-15,609,57,94,57,0
34855,63,3125,2020-05-14 22:00:00,2020-05-14,522,56,84,56,0
34333,63,3041,2020-05-13 22:00:00,2020-05-13,568,55,33,55,0
33765,63,3008,2020-05-12 22:00:00,2020-05-12,211,54,41,54,0
33554,63,2967,2020-05-11 22:00:00,2020-05-11,570,53,35,53,0
32984,63,2932,2020-05-10 22:00:00,2020-05-10,573,52,58,52,0
32411,63,2874,2020-05-09 22:00:00,2020-05-09,627,51,77,51,0
31784,63,2797,2020-05-08 22:00:00,2020-05-08,789,50,79,50,0
30995,63,2718,2020-05-07 22:00:00,2020-05-07,374,49,85,49,0
30621,63,2633,2020-05-06 22:00:00,2020-05-06,648,48,77,48,0
29973,63,2556,2020-05-05 22:00:00,2020-05-05,686,47,120,47,0
29287,63,2436,2020-05-04 22:00:00,2020-05-04,0,46,0,46,0
29287,63,2436,2020-05-03 22:00:00,2020-05-03,432,45,95,45,0
28855,63,2341,2020-05-02 22:00:00,2020-05-02,1155,44,84,44,0
27700,63,2257,2020-05-01 22:00:00,2020-05-01,933,43,89,43,0
26767,63,2168,2020-04-30 22:00:00,2020-04-30,455,42,81,42,0
26312,63,2087,2020-04-29 22:00:00,2020-04-29,315,41,75,41,0
25997,63,2012,2020-04-28 22:00:00,2020-04-28,728,40,88,40,0
25269,63,1924,2020-04-27 22:00:00,2020-04-27,686,39,59,39,0
24583,63,1865,2020-04-26 22:00:00,2020-04-26,647,38,98,38,0
23936,63,1767,2020-04-25 22:00:00,2020-04-25,836,37,128,37,0
23100,63,1639,2020-04-24 22:00:00,2020-04-24,631,36,95,36,0
22469,63,1544,2020-04-23 22:00:00,2020-04-23,2109,35,121,35,0
20360,63,1423,2020-04-22 22:00:00,2020-04-22,545,34,92,34,0
19815,63,1331,2020-04-21 22:00:00,2020-04-21,1853,33,204,33,0
17962,63,1127,2020-04-20 22:00:00,2020-04-20,412,32,41,32,0
17550,63,1086,2020-04-19 22:00:00,2020-04-19,741,31,50,31,0
16809,63,1036,2020-04-18 22:00:00,2020-04-18,925,30,65,30,0
15884,63,971,2020-04-17 22:00:00,2020-04-17,1129,29,103,29,0
14755,63,868,2020-04-16 22:00:00,2020-04-16,766,28,197,28,0
13989,63,671,2020-04-15 22:00:00,2020-04-15,608,27,69,27,29
13381,34,602,2020-04-14 22:00:00,2020-04-14,1346,26,48,26,0
12035,34,554,2020-04-13 22:00:00,2020-04-13,525,25,60,25,0
11510,34,494,2020-04-12 22:00:00,2020-04-12,972,24,46,24,34
10538,0,448,2020-04-11 22:00:00,2020-04-11,754,23,68,23,0
9784,0,380,2020-04-10 22:00:00,2020-04-10,1003,22,45,22,0
8781,0,335,2020-04-09 22:00:00,2020-04-09,1000,21,58,21,0
7781,0,277,2020-04-08 22:00:00,2020-04-08,875,20,71,20,0
6906,0,206,2020-04-07 22:00:00,2020-04-07,1231,19,17,19,0
5675,0,189,2020-04-06 22:00:00,2020-04-06,399,18,24,18,0
5276,0,165,2020-04-05 22:00:00,2020-04-05,362,17,34,17,0
4914,0,131,2020-04-04 21:00:00,2020-04-04,1090,16,19,16,0
3824,0,112,2020-04-03 21:00:00,2020-04-03,267,15,27,15,0
3557,0,85,2020-04-02 21:00:00,2020-04-02,429,14,16,14,0
3128,0,69,2020-04-01 21:00:00,2020-04-01,557,13,33,13,0
2571,0,36,2020-03-31 21:00:00,2020-03-31,578,12,2,12,0
1993,0,34,2020-03-30 21:00:00,2020-03-30,469,11,1,11,0
1524,0,33,2020-03-29 21:00:00,2020-03-29,233,10,6,10,0
1291,0,27,2020-03-28 21:00:00,2020-03-28,279,9,6,9,0
1012,0,21,2020-03-27 21:10:00,2020-03-27,137,8,2,8,0
875,0,19,2020-03-26 22:20:00,2020-03-26,257,7,7,7,0
618,0,12,2020-03-25 23:20:00,2020-03-25,203,6,2,6,0
415,0,10,2020-03-24 21:20:00,2020-03-24,88,5,2,5,0
327,0,8,2020-03-23 21:40:00,2020-03-23,104,4,3,4,0
223,0,5,2020-03-22 21:00:00,2020-03-22,29,3,1,3,0
194,0,4,2020-03-21 21:00:00,2020-03-21,35,2,1,2,0
159,0,3,2020-03-20 21:20:00,2020-03-20,62,1,2,1,0
97,0,1,2020-03-19 21:30:00,2020-03-19,29,0,1,0,0
68,0,0,2020-03-18 22:00:00,2020-03-18,27,0,0,0,0
41,0,0,2020-03-17 21:00:00,2020-03-17,15,0,0,0,0
26,0,0,2020-03-16 21:00:00,2020-03-16,3,0,0,0,0
23,0,0,2020-03-15 21:00:00,2020-03-15,11,0,0,0,0
12,0,0,2020-03-14 21:00:00,2020-03-14,7,0,0,0,0
5,0,0,2020-03-13 21:00:00,2020-03-13,2,0,0,0,0
3,0,0,2020-03-12 21:00:00,2020-03-12,1,0,0,0,0
2,0,0,2020-03-11 21:00:00,2020-03-11,0,0,0,0,0
2,0,0,2020-03-10 21:00:00,2020-03-10,1,0,0,0,0
1,0,0,2020-03-09 21:00:00,2020-03-09,-1,0,0,0,0
2,0,0,2020-03-08 21:00:00,2020-03-08,1,0,0,0,0
1,0,0,2020-03-07 21:00:00,2020-03-07,1,0,0,0,0
0,0,0,2020-03-06 21:00:00,2020-03-06,0,0,0,0,0
0,0,0,2020-03-05 21:00:00,2020-03-05,0,0,0,0,0
0,0,0,2020-03-04 21:00:00,2020-03-04,0,0,0,0,0
0,0,0,2020-03-03 21:00:00,2020-03-03,0,0,0,0,0
0,0,0,2020-03-02 21:00:00,2020-03-02,0,0,0,0,0
0,0,0,2020-03-01 21:00:00,2020-03-01,0,0,0,0,0
0,0,0,2020-02-29 21:00:00,2020-02-29,0,0,0,0,0
0,0,0,2020-02-28 21:00:00,2020-02-28,0,0,0,0,0
0,0,0,2020-02-27 21:00:00,2020-02-27,0,0,0,0,0
0,0,0,2020-02-26 21:00:00,2020-02-26,0,0,0,0,0
0,0,0,2020-02-25 21:00:00,2020-02-25,0,0,0,0,0
0,0,0,2020-02-24 21:00:00,2020-02-24,0,0,0,0,0
0,0,0,2020-02-23 21:00:00,2020-02-23,0,0,0,0,0
0,0,0,2020-02-22 21:00:00,2020-02-22,0,0,0,0,0
0,0,0,2020-02-21 21:00:00,2020-02-21,0,0,0,0,0
0,0,0,2020-02-20 21:00:00,2020-02-20,0,0,0,0,0
0,0,0,2020-02-19 21:00:00,2020-02-19,0,0,0,0,0
0,0,0,2020-02-18 21:00:00,2020-02-18,0,0,0,0,0
0,0,0,2020-02-17 21:00:00,2020-02-17,0,0,0,0,0
0,0,0,2020-02-16 21:00:00,2020-02-16,0,0,0,0,0
0,0,0,2020-02-15 21:00:00,2020-02-15,0,0,0,0,0
0,0,0,2020-02-14 21:00:00,2020-02-14,0,0,0,0,0
0,0,0,2020-02-13 21:00:00,2020-02-13,0,0,0,0,0
0,0,0,2020-02-12 21:00:00,2020-02-12,0,0,0,0,0
0,0,0,2020-02-11 20:30:00,2020-02-11,0,0,0,0,0
0,0,0,2020-02-10 21:00:00,2020-02-10,0,0,0,0,0
0,0,0,2020-02-09 21:00:00,2020-02-09,0,0,0,0,0
0,0,0,2020-02-08 21:00:00,2020-02-08,0,0,0,0,0
0,0,0,2020-02-07 21:00:00,2020-02-07,0,0,0,0,0
0,0,0,2020-02-06 21:00:00,2020-02-06,0,0,0,0,0
0,0,0,2020-02-05 21:00:00,2020-02-05,0,0,0,0,0
0,0,0,2020-02-04 20:00:00,2020-02-04,0,0,0,0,0
0,0,0,2020-02-03 20:00:00,2020-02-03,0,0,0,0,0
0,0,0,2020-02-02 20:00:00,2020-02-02,0,0,0,0,0
0,0,0,2020-02-01 10:00:00,2020-02-01,0,0,0,0,0
0,0,0,2020-01-31 12:30:00,2020-01-31,0,0,0,0,0
0,0,0,2020-01-30 12:00:00,2020-01-30,0,0,0,0,0
0,0,0,2020-01-29 14:00:00,2020-01-29,0,0,0,0,0
0,0,0,2020-01-28 11:30:00,2020-01-28,0,0,0,0,0
0,0,0,2020-01-27 14:00:00,2020-01-27,0,0,0,0,0
0,0,0,2020-01-26 13:00:00,2020-01-26,0,0,0,0,0
0,0,0,2020-01-25 15:00:00,2020-01-25,0,0,0,0,0
0,0,0,2020-01-24 15:00:00,2020-01-24,0,0,0,0,0
0,0,0,2020-01-23 15:00:00,2020-01-23,0,0,0,0,0
0,0,0,2020-01-22 15:00:00,2020-01-22,0,0,0,0,0
0,0,0,2020-01-21 15:00:00,2020-01-21,0,0,0,0,0
