Confirmed,DayElapsed_death,Deaths,New,New_death,New_recover,Recovered,Date_last_updated_AEDT,date_day,DayElapsed
19068,37,969,986,54,761,4650,2020-04-17 17:00:00,2020-04-17,39
18082,36,915,1074,38,540,3889,2020-04-16 22:00:00,2020-04-16,38
17008,35,877,978,39,295,3349,2020-04-15 22:00:00,2020-04-15,37
16030,34,838,821,44,94,3054,2020-04-14 22:00:00,2020-04-14,36
15209,33,794,893,47,476,2960,2020-04-13 22:00:00,2020-04-13,35
14316,32,747,679,47,204,2484,2020-04-12 22:00:00,2020-04-12,34
13637,31,700,635,55,562,2280,2020-04-11 22:00:00,2020-04-11,33
13002,30,645,937,66,245,1718,2020-04-10 22:00:00,2020-04-10,32
12065,29,579,760,43,212,1473,2020-04-09 22:00:00,2020-04-09,31
11305,28,536,661,43,204,1261,2020-04-08 22:00:00,2020-04-08,30
10644,27,493,733,46,84,1057,2020-04-07 22:00:00,2020-04-07,29
9911,26,447,720,51,95,973,2020-04-06 22:00:00,2020-04-06,28
9191,25,396,742,58,124,878,2020-04-05 22:00:00,2020-04-05,27
8449,24,338,937,47,55,754,2020-04-04 21:00:00,2020-04-04,26
7512,23,291,666,51,133,699,2020-04-03 21:00:00,2020-04-03,25
6846,22,240,576,38,113,566,2020-04-02 21:00:00,2020-04-02,24
6270,21,202,573,27,100,453,2020-04-01 21:00:00,2020-04-01,23
5697,20,175,559,18,59,353,2020-03-31 21:00:00,2020-03-31,22
5138,19,157,545,21,30,294,2020-03-30 21:00:00,2020-03-30,21
4593,18,136,474,20,27,264,2020-03-29 21:00:00,2020-03-29,20
4119,17,116,529,22,47,237,2020-03-28 21:00:00,2020-03-28,19
3590,16,94,610,19,-23,190,2020-03-27 21:10:00,2020-03-27,18
2980,15,75,361,8,23,213,2020-03-26 22:20:00,2020-03-26,17
2619,14,67,486,9,25,190,2020-03-25 23:20:00,2020-03-25,16
2133,13,58,533,8,21,165,2020-03-24 21:20:00,2020-03-24,15
1600,12,50,342,13,17,144,2020-03-23 21:40:00,2020-03-23,14
1258,11,37,143,9,36,127,2020-03-22 21:00:00,2020-03-22,13
1115,10,28,173,4,4,91,2020-03-21 21:00:00,2020-03-21,12
942,9,24,232,6,21,87,2020-03-20 21:20:00,2020-03-20,11
710,8,18,96,3,24,66,2020-03-19 21:30:00,2020-03-19,10
614,7,15,157,4,-4,42,2020-03-18 22:00:00,2020-03-18,9
457,6,11,72,3,0,46,2020-03-17 21:00:00,2020-03-17,8
385,5,8,81,1,5,46,2020-03-16 21:00:00,2020-03-16,7
304,4,7,78,0,1,41,2020-03-15 21:00:00,2020-03-15,6
226,3,7,58,2,2,40,2020-03-14 21:00:00,2020-03-14,5
168,2,5,33,2,10,38,2020-03-13 21:00:00,2020-03-13,4
135,1,3,22,1,1,28,2020-03-12 21:00:00,2020-03-12,3
113,0,2,9,1,25,27,2020-03-11 21:00:00,2020-03-11,2
104,0,1,13,0,0,2,2020-03-10 21:00:00,2020-03-10,1
91,0,1,10,1,0,2,2020-03-09 21:00:00,2020-03-09,0
81,0,0,35,0,0,2,2020-03-08 21:00:00,2020-03-08,0
46,0,0,16,0,1,2,2020-03-07 21:00:00,2020-03-07,0
30,0,0,3,0,0,1,2020-03-06 21:00:00,2020-03-06,0
27,0,0,12,0,0,1,2020-03-05 21:00:00,2020-03-05,0
15,0,0,4,0,0,1,2020-03-04 21:00:00,2020-03-04,0
11,0,0,5,0,0,1,2020-03-03 21:00:00,2020-03-03,0
6,0,0,3,0,0,1,2020-03-02 21:00:00,2020-03-02,0
3,0,0,0,0,0,1,2020-03-01 21:00:00,2020-03-01,0
3,0,0,0,0,0,1,2020-02-29 21:00:00,2020-02-29,0
3,0,0,1,0,0,1,2020-02-28 21:00:00,2020-02-28,0
2,0,0,0,0,0,1,2020-02-27 21:00:00,2020-02-27,0
2,0,0,1,0,0,1,2020-02-26 21:00:00,2020-02-26,0
1,0,0,0,0,0,1,2020-02-25 21:00:00,2020-02-25,0
1,0,0,0,0,0,1,2020-02-24 21:00:00,2020-02-24,0
1,0,0,0,0,0,1,2020-02-23 21:00:00,2020-02-23,0
1,0,0,0,0,0,1,2020-02-22 21:00:00,2020-02-22,0
1,0,0,0,0,1,1,2020-02-21 21:00:00,2020-02-21,0
1,0,0,0,0,0,0,2020-02-20 21:00:00,2020-02-20,0
1,0,0,0,0,0,0,2020-02-19 21:00:00,2020-02-19,0
1,0,0,0,0,0,0,2020-02-18 21:00:00,2020-02-18,0
1,0,0,0,0,0,0,2020-02-17 21:00:00,2020-02-17,0
1,0,0,0,0,0,0,2020-02-16 21:00:00,2020-02-16,0
1,0,0,1,0,0,0,2020-02-15 21:00:00,2020-02-15,0
0,0,0,0,0,0,0,2020-02-14 21:00:00,2020-02-14,0
0,0,0,0,0,0,0,2020-02-13 21:00:00,2020-02-13,0
0,0,0,0,0,0,0,2020-02-12 21:00:00,2020-02-12,0
0,0,0,0,0,0,0,2020-02-11 20:30:00,2020-02-11,0
0,0,0,0,0,0,0,2020-02-10 21:00:00,2020-02-10,0
0,0,0,0,0,0,0,2020-02-09 21:00:00,2020-02-09,0
0,0,0,0,0,0,0,2020-02-08 21:00:00,2020-02-08,0
0,0,0,0,0,0,0,2020-02-07 21:00:00,2020-02-07,0
0,0,0,0,0,0,0,2020-02-06 21:00:00,2020-02-06,0
0,0,0,0,0,0,0,2020-02-05 21:00:00,2020-02-05,0
0,0,0,0,0,0,0,2020-02-04 20:00:00,2020-02-04,0
0,0,0,0,0,0,0,2020-02-03 20:00:00,2020-02-03,0
0,0,0,0,0,0,0,2020-02-02 20:00:00,2020-02-02,0
0,0,0,0,0,0,0,2020-02-01 10:00:00,2020-02-01,0
0,0,0,0,0,0,0,2020-01-31 12:30:00,2020-01-31,0
0,0,0,0,0,0,0,2020-01-30 12:00:00,2020-01-30,0
0,0,0,0,0,0,0,2020-01-29 14:00:00,2020-01-29,0
0,0,0,0,0,0,0,2020-01-28 11:30:00,2020-01-28,0
0,0,0,0,0,0,0,2020-01-27 14:00:00,2020-01-27,0
0,0,0,0,0,0,0,2020-01-26 13:00:00,2020-01-26,0
0,0,0,0,0,0,0,2020-01-25 15:00:00,2020-01-25,0
0,0,0,0,0,0,0,2020-01-24 15:00:00,2020-01-24,0
0,0,0,0,0,0,0,2020-01-23 15:00:00,2020-01-23,0
0,0,0,0,0,0,0,2020-01-22 15:00:00,2020-01-22,0
0,0,0,0,0,0,0,2020-01-21 15:00:00,2020-01-21,0
