Confirmed,Recovered,Deaths,Date_last_updated_AEDT,date_day,New,DayElapsed,New_death,DayElapsed_death,New_recover
1195,856,19,2020-08-06 22:00:00,2020-08-06,15,136,0,135,0
1180,856,19,2020-08-05 22:00:00,2020-08-05,25,135,0,134,0
1155,856,19,2020-08-04 22:00:00,2020-08-04,5,134,0,133,0
1150,856,19,2020-08-03 22:00:00,2020-08-03,11,133,0,132,4
1139,852,19,2020-08-02 22:00:00,2020-08-02,25,132,0,131,0
1114,852,19,2020-08-01 22:00:00,2020-08-01,24,131,0,130,0
1090,852,19,2020-07-31 22:00:00,2020-07-31,10,130,0,129,0
1080,852,19,2020-07-30 22:00:00,2020-07-30,13,129,0,128,0
1067,852,19,2020-07-29 22:00:00,2020-07-29,7,128,0,127,0
1060,852,19,2020-07-28 22:00:00,2020-07-28,3,127,0,126,0
1057,852,19,2020-07-27 22:00:00,2020-07-27,4,126,0,125,0
1053,852,19,2020-07-26 22:00:00,2020-07-26,6,125,0,124,5
1047,847,19,2020-07-25 22:00:00,2020-07-25,2,124,0,123,0
1045,847,19,2020-07-24 22:00:00,2020-07-24,5,123,0,122,0
1040,847,19,2020-07-23 22:00:00,2020-07-23,0,122,0,121,0
1040,847,19,2020-07-22 22:00:00,2020-07-22,2,121,0,120,0
1038,847,19,2020-07-21 22:00:00,2020-07-21,0,120,0,119,2
1038,845,19,2020-07-20 22:00:00,2020-07-20,1,119,0,118,0
1037,845,19,2020-07-19 22:00:00,2020-07-19,4,118,0,117,0
1033,845,19,2020-07-18 22:00:00,2020-07-18,2,117,0,116,0
1031,845,19,2020-07-17 22:00:00,2020-07-17,6,116,0,115,6
1025,839,19,2020-07-16 22:00:00,2020-07-16,2,115,0,114,0
1023,839,19,2020-07-15 22:00:00,2020-07-15,1,114,0,113,0
1022,839,19,2020-07-14 22:00:00,2020-07-14,1,113,0,112,0
1021,839,19,2020-07-13 22:00:00,2020-07-13,7,112,0,111,0
1014,839,19,2020-07-12 22:00:00,2020-07-12,1,111,0,110,0
1013,839,19,2020-07-11 22:00:00,2020-07-11,3,110,0,109,0
1010,839,19,2020-07-10 22:00:00,2020-07-10,2,109,0,108,0
1008,839,19,2020-07-09 22:00:00,2020-07-09,3,108,0,107,0
1005,839,19,2020-07-08 22:00:00,2020-07-08,1,107,0,106,0
1004,839,19,2020-07-07 22:00:00,2020-07-07,1,106,0,105,0
1003,839,19,2020-07-06 22:00:00,2020-07-06,1,105,0,104,0
1002,839,19,2020-07-05 22:00:00,2020-07-05,3,104,0,103,0
999,839,19,2020-07-04 22:00:00,2020-07-04,0,103,0,102,6
999,833,19,2020-07-03 22:00:00,2020-07-03,0,102,0,101,0
999,833,19,2020-07-02 22:00:00,2020-07-02,1,101,0,100,0
998,833,19,2020-07-01 22:00:00,2020-07-01,2,100,0,99,0
996,833,19,2020-06-30 22:00:00,2020-06-30,2,99,0,98,0
994,833,19,2020-06-29 22:00:00,2020-06-29,0,98,0,97,9
994,824,19,2020-06-28 22:00:00,2020-06-28,2,97,0,96,0
992,824,19,2020-06-27 22:00:00,2020-06-27,0,96,0,95,0
992,824,19,2020-06-26 22:00:00,2020-06-26,1,95,0,94,0
991,824,19,2020-06-25 22:00:00,2020-06-25,1,94,0,93,0
990,824,19,2020-06-24 22:00:00,2020-06-24,2,93,0,92,0
988,824,19,2020-06-23 22:00:00,2020-06-23,2,92,0,91,0
986,824,19,2020-06-22 22:00:00,2020-06-22,1,91,0,90,0
985,824,19,2020-06-21 22:00:00,2020-06-21,0,90,0,89,6
985,818,19,2020-06-20 22:00:00,2020-06-20,0,89,0,88,0
985,818,19,2020-06-19 22:00:00,2020-06-19,0,88,1,87,2
985,816,18,2020-06-18 22:00:00,2020-06-18,0,87,0,86,0
985,816,18,2020-06-17 22:00:00,2020-06-17,0,86,0,85,9
985,807,18,2020-06-16 22:00:00,2020-06-16,2,85,0,84,0
983,807,18,2020-06-15 22:00:00,2020-06-15,3,84,0,83,0
980,807,18,2020-06-14 22:00:00,2020-06-14,0,83,0,82,0
980,807,18,2020-06-13 22:00:00,2020-06-13,5,82,0,81,0
975,807,18,2020-06-12 22:00:00,2020-06-12,1,81,0,80,0
974,807,18,2020-06-11 22:00:00,2020-06-11,2,80,0,79,0
972,807,18,2020-06-10 22:00:00,2020-06-10,2,79,0,78,0
970,807,18,2020-06-09 22:00:00,2020-06-09,6,78,0,77,0
964,807,18,2020-06-08 22:00:00,2020-06-08,4,77,0,76,0
960,807,18,2020-06-07 22:00:00,2020-06-07,0,76,1,75,0
960,807,17,2020-06-06 22:00:00,2020-06-06,2,75,0,74,0
958,807,17,2020-06-05 22:00:00,2020-06-05,0,74,0,73,17
958,790,17,2020-06-04 22:00:00,2020-06-04,6,73,0,72,0
952,790,17,2020-06-03 22:00:00,2020-06-03,3,72,0,71,0
949,790,17,2020-06-02 22:00:00,2020-06-02,5,71,0,70,0
944,790,17,2020-06-01 22:00:00,2020-06-01,0,70,0,69,0
944,790,17,2020-05-31 22:00:00,2020-05-31,2,69,0,68,6
942,784,17,2020-05-30 22:00:00,2020-05-30,1,68,0,67,0
941,784,17,2020-05-29 22:00:00,2020-05-29,2,67,0,66,190
939,594,17,2020-05-28 22:00:00,2020-05-28,0,66,0,65,0
939,594,17,2020-05-27 22:00:00,2020-05-27,2,65,0,64,0
937,594,17,2020-05-26 22:00:00,2020-05-26,2,64,0,63,0
935,594,17,2020-05-25 22:00:00,2020-05-25,8,63,0,62,0
927,594,17,2020-05-24 22:00:00,2020-05-24,0,62,0,61,33
927,561,17,2020-05-23 22:00:00,2020-05-23,4,61,0,60,0
923,561,17,2020-05-22 22:00:00,2020-05-22,1,60,0,59,45
922,516,17,2020-05-21 22:00:00,2020-05-21,4,59,0,58,0
918,516,17,2020-05-20 22:00:00,2020-05-20,1,58,0,57,1
917,515,17,2020-05-19 22:00:00,2020-05-19,1,57,0,56,0
916,515,17,2020-05-18 22:00:00,2020-05-18,2,56,0,55,0
914,515,17,2020-05-17 22:00:00,2020-05-17,4,55,0,54,34
910,481,17,2020-05-16 22:00:00,2020-05-16,3,54,0,53,0
907,481,17,2020-05-15 22:00:00,2020-05-15,2,53,0,52,32
905,449,17,2020-05-14 22:00:00,2020-05-14,2,52,1,51,0
903,449,16,2020-05-13 22:00:00,2020-05-13,2,51,0,50,48
901,401,16,2020-05-12 22:00:00,2020-05-12,3,50,0,49,0
898,401,16,2020-05-11 22:00:00,2020-05-11,6,49,1,48,0
892,401,15,2020-05-10 22:00:00,2020-05-10,1,48,0,47,1
891,400,15,2020-05-09 22:00:00,2020-05-09,2,47,0,46,0
889,400,15,2020-05-08 22:00:00,2020-05-08,6,46,0,45,104
883,296,15,2020-05-07 22:00:00,2020-05-07,5,45,0,44,0
878,296,15,2020-05-06 22:00:00,2020-05-06,4,44,0,43,0
874,296,15,2020-05-05 22:00:00,2020-05-05,2,43,0,42,0
872,296,15,2020-05-04 22:00:00,2020-05-04,8,42,0,41,0
864,296,15,2020-05-03 22:00:00,2020-05-03,7,41,0,40,0
857,296,15,2020-05-02 22:00:00,2020-05-02,7,40,0,39,0
850,296,15,2020-05-01 22:00:00,2020-05-01,7,39,0,38,148
843,148,15,2020-04-30 22:00:00,2020-04-30,6,38,0,37,0
837,148,15,2020-04-29 22:00:00,2020-04-29,15,37,0,36,0
822,148,15,2020-04-28 22:00:00,2020-04-28,5,36,1,35,0
817,148,14,2020-04-27 22:00:00,2020-04-27,7,35,0,34,0
810,148,14,2020-04-26 22:00:00,2020-04-26,6,34,0,33,50
804,98,14,2020-04-25 22:00:00,2020-04-25,9,33,1,32,0
795,98,13,2020-04-24 22:00:00,2020-04-24,5,32,0,31,0
790,98,13,2020-04-23 22:00:00,2020-04-23,6,31,1,30,0
784,98,12,2020-04-22 22:00:00,2020-04-22,12,30,0,29,17
772,81,12,2020-04-21 22:00:00,2020-04-21,5,29,0,28,0
767,81,12,2020-04-20 22:00:00,2020-04-20,6,28,0,27,2
761,79,12,2020-04-19 22:00:00,2020-04-19,11,27,0,26,2
750,77,12,2020-04-18 22:00:00,2020-04-18,15,26,0,25,0
735,77,12,2020-04-17 22:00:00,2020-04-17,20,25,0,24,12
715,65,12,2020-04-16 22:00:00,2020-04-16,20,24,0,23,0
695,65,12,2020-04-15 22:00:00,2020-04-15,33,23,0,22,0
662,65,12,2020-04-14 22:00:00,2020-04-14,29,22,1,21,0
633,65,11,2020-04-13 22:00:00,2020-04-13,17,21,1,20,4
616,61,10,2020-04-12 22:00:00,2020-04-12,21,20,0,19,3
595,58,10,2020-04-11 22:00:00,2020-04-11,31,19,0,18,5
564,53,10,2020-04-10 22:00:00,2020-04-10,38,18,1,17,1
526,52,9,2020-04-09 22:00:00,2020-04-09,32,17,0,16,5
494,47,9,2020-04-08 22:00:00,2020-04-08,29,16,0,15,2
465,45,9,2020-04-07 22:00:00,2020-04-07,19,15,0,14,8
446,37,9,2020-04-06 22:00:00,2020-04-06,20,14,0,13,4
426,33,9,2020-04-05 22:00:00,2020-04-05,30,13,-2,12,5
396,28,11,2020-04-04 21:00:00,2020-04-04,40,12,1,11,0
356,28,10,2020-04-03 21:00:00,2020-04-03,36,11,1,10,0
320,28,9,2020-04-02 21:00:00,2020-04-02,58,10,1,9,5
262,23,8,2020-04-01 21:00:00,2020-04-01,32,9,1,8,1
230,22,7,2020-03-31 21:00:00,2020-03-31,16,8,1,7,7
214,15,6,2020-03-30 21:00:00,2020-03-30,35,7,1,6,0
179,15,5,2020-03-29 21:00:00,2020-03-29,17,6,0,5,0
162,15,5,2020-03-28 21:00:00,2020-03-28,16,5,2,4,11
146,4,3,2020-03-27 21:10:00,2020-03-27,14,4,0,3,0
132,4,3,2020-03-26 22:20:00,2020-03-26,8,3,0,2,1
124,3,3,2020-03-25 23:20:00,2020-03-25,8,2,2,1,0
116,3,1,2020-03-24 21:20:00,2020-03-24,21,1,0,0,0
95,3,1,2020-03-23 21:40:00,2020-03-23,11,0,0,0,0
84,3,1,2020-03-22 21:00:00,2020-03-22,9,0,1,0,3
75,0,0,2020-03-21 21:00:00,2020-03-21,8,0,0,0,0
67,0,0,2020-03-20 21:20:00,2020-03-20,9,0,0,0,0
58,0,0,2020-03-19 21:30:00,2020-03-19,9,0,0,0,0
49,0,0,2020-03-18 22:00:00,2020-03-18,3,0,0,0,0
46,0,0,2020-03-17 21:00:00,2020-03-17,13,0,0,0,0
33,0,0,2020-03-16 21:00:00,2020-03-16,7,0,0,0,0
26,0,0,2020-03-15 21:00:00,2020-03-15,5,0,0,0,0
21,0,0,2020-03-14 21:00:00,2020-03-14,2,0,0,0,0
19,0,0,2020-03-13 21:00:00,2020-03-13,13,0,0,0,0
6,0,0,2020-03-12 21:00:00,2020-03-12,4,0,0,0,0
2,0,0,2020-03-11 21:00:00,2020-03-11,0,0,0,0,0
2,0,0,2020-03-10 21:00:00,2020-03-10,2,0,0,0,0
0,0,0,2020-03-09 21:00:00,2020-03-09,0,0,0,0,0
0,0,0,2020-03-08 21:00:00,2020-03-08,0,0,0,0,0
0,0,0,2020-03-07 21:00:00,2020-03-07,0,0,0,0,0
0,0,0,2020-03-06 21:00:00,2020-03-06,0,0,0,0,0
0,0,0,2020-03-05 21:00:00,2020-03-05,0,0,0,0,0
0,0,0,2020-03-04 21:00:00,2020-03-04,0,0,0,0,0
0,0,0,2020-03-03 21:00:00,2020-03-03,0,0,0,0,0
0,0,0,2020-03-02 21:00:00,2020-03-02,0,0,0,0,0
0,0,0,2020-03-01 21:00:00,2020-03-01,0,0,0,0,0
0,0,0,2020-02-29 21:00:00,2020-02-29,0,0,0,0,0
0,0,0,2020-02-28 21:00:00,2020-02-28,0,0,0,0,0
0,0,0,2020-02-27 21:00:00,2020-02-27,0,0,0,0,0
0,0,0,2020-02-26 21:00:00,2020-02-26,0,0,0,0,0
0,0,0,2020-02-25 21:00:00,2020-02-25,0,0,0,0,0
0,0,0,2020-02-24 21:00:00,2020-02-24,0,0,0,0,0
0,0,0,2020-02-23 21:00:00,2020-02-23,0,0,0,0,0
0,0,0,2020-02-22 21:00:00,2020-02-22,0,0,0,0,0
0,0,0,2020-02-21 21:00:00,2020-02-21,0,0,0,0,0
0,0,0,2020-02-20 21:00:00,2020-02-20,0,0,0,0,0
0,0,0,2020-02-19 21:00:00,2020-02-19,0,0,0,0,0
0,0,0,2020-02-18 21:00:00,2020-02-18,0,0,0,0,0
0,0,0,2020-02-17 21:00:00,2020-02-17,0,0,0,0,0
0,0,0,2020-02-16 21:00:00,2020-02-16,0,0,0,0,0
0,0,0,2020-02-15 21:00:00,2020-02-15,0,0,0,0,0
0,0,0,2020-02-14 21:00:00,2020-02-14,0,0,0,0,0
0,0,0,2020-02-13 21:00:00,2020-02-13,0,0,0,0,0
0,0,0,2020-02-12 21:00:00,2020-02-12,0,0,0,0,0
0,0,0,2020-02-11 20:30:00,2020-02-11,0,0,0,0,0
0,0,0,2020-02-10 21:00:00,2020-02-10,0,0,0,0,0
0,0,0,2020-02-09 21:00:00,2020-02-09,0,0,0,0,0
0,0,0,2020-02-08 21:00:00,2020-02-08,0,0,0,0,0
0,0,0,2020-02-07 21:00:00,2020-02-07,0,0,0,0,0
0,0,0,2020-02-06 21:00:00,2020-02-06,0,0,0,0,0
0,0,0,2020-02-05 21:00:00,2020-02-05,0,0,0,0,0
0,0,0,2020-02-04 20:00:00,2020-02-04,0,0,0,0,0
0,0,0,2020-02-03 20:00:00,2020-02-03,0,0,0,0,0
0,0,0,2020-02-02 20:00:00,2020-02-02,0,0,0,0,0
0,0,0,2020-02-01 10:00:00,2020-02-01,0,0,0,0,0
0,0,0,2020-01-31 12:30:00,2020-01-31,0,0,0,0,0
0,0,0,2020-01-30 12:00:00,2020-01-30,0,0,0,0,0
0,0,0,2020-01-29 14:00:00,2020-01-29,0,0,0,0,0
0,0,0,2020-01-28 11:30:00,2020-01-28,0,0,0,0,0
0,0,0,2020-01-27 14:00:00,2020-01-27,0,0,0,0,0
0,0,0,2020-01-26 13:00:00,2020-01-26,0,0,0,0,0
0,0,0,2020-01-25 15:00:00,2020-01-25,0,0,0,0,0
0,0,0,2020-01-24 15:00:00,2020-01-24,0,0,0,0,0
0,0,0,2020-01-23 15:00:00,2020-01-23,0,0,0,0,0
0,0,0,2020-01-22 15:00:00,2020-01-22,0,0,0,0,0
0,0,0,2020-01-21 15:00:00,2020-01-21,0,0,0,0,0
