Confirmed,Recovered,Deaths,Date_last_updated_AEDT,date_day,New,DayElapsed,New_death,DayElapsed_death,New_recover
17529,11909,388,2020-08-06 22:00:00,2020-08-06,243,147,5,135,97
17286,11812,383,2020-08-05 22:00:00,2020-08-05,278,146,-3,134,104
17008,11708,386,2020-08-04 22:00:00,2020-08-04,208,145,2,133,103
16800,11605,384,2020-08-03 22:00:00,2020-08-03,101,144,1,132,18
16699,11587,383,2020-08-02 22:00:00,2020-08-02,125,143,1,131,18
16574,11569,382,2020-08-01 22:00:00,2020-08-01,203,142,3,130,87
16371,11482,379,2020-07-31 22:00:00,2020-07-31,278,141,1,129,53
16093,11429,378,2020-07-30 22:00:00,2020-07-30,294,140,4,128,1
15799,11428,374,2020-07-29 22:00:00,2020-07-29,283,139,1,127,0
15516,11428,373,2020-07-28 22:00:00,2020-07-28,192,138,2,126,0
15324,11428,371,2020-07-27 22:00:00,2020-07-27,112,137,2,125,1838
15212,9590,369,2020-07-26 22:00:00,2020-07-26,131,136,0,124,168
15081,9422,369,2020-07-25 22:00:00,2020-07-25,281,135,4,123,94
14800,9328,365,2020-07-24 22:00:00,2020-07-24,230,134,1,122,184
14570,9144,364,2020-07-23 22:00:00,2020-07-23,246,133,4,121,226
14324,8918,360,2020-07-22 22:00:00,2020-07-22,226,132,1,120,82
14098,8836,359,2020-07-21 22:00:00,2020-07-21,153,131,0,119,75
13945,8761,359,2020-07-20 22:00:00,2020-07-20,90,130,1,118,28
13855,8733,358,2020-07-19 22:00:00,2020-07-19,113,129,0,117,8
13742,8725,358,2020-07-18 22:00:00,2020-07-18,130,128,3,116,85
13612,8640,355,2020-07-17 22:00:00,2020-07-17,137,127,0,115,133
13475,8507,355,2020-07-16 22:00:00,2020-07-16,134,126,0,114,66
13341,8441,355,2020-07-15 22:00:00,2020-07-15,103,125,2,113,68
13238,8373,353,2020-07-14 22:00:00,2020-07-14,64,124,1,112,126
13174,8247,352,2020-07-13 22:00:00,2020-07-13,59,123,0,111,20
13115,8227,352,2020-07-12 22:00:00,2020-07-12,53,122,0,110,18
13062,8209,352,2020-07-11 22:00:00,2020-07-11,143,121,0,109,81
12919,8128,352,2020-07-10 22:00:00,2020-07-10,105,120,1,108,118
12814,8010,351,2020-07-09 22:00:00,2020-07-09,129,119,0,107,100
12685,7910,351,2020-07-08 22:00:00,2020-07-08,119,118,1,106,37
12566,7873,350,2020-07-07 22:00:00,2020-07-07,51,117,2,105,9
12515,7864,348,2020-07-06 22:00:00,2020-07-06,75,116,-3,104,12
12440,7852,351,2020-07-05 22:00:00,2020-07-05,121,115,-2,103,4
12319,7848,353,2020-07-04 22:00:00,2020-07-04,141,114,0,102,26
12178,7822,353,2020-07-03 22:00:00,2020-07-03,132,113,4,101,25
12046,7797,349,2020-07-02 22:00:00,2020-07-02,86,112,0,100,21
11960,7776,349,2020-07-01 22:00:00,2020-07-01,151,111,0,99,25
11809,7751,349,2020-06-30 22:00:00,2020-06-30,205,110,1,98,41
11604,7710,348,2020-06-29 22:00:00,2020-06-29,298,109,1,97,28
11306,7682,347,2020-06-28 22:00:00,2020-06-28,262,108,-2,96,13
11044,7669,349,2020-06-27 22:00:00,2020-06-27,174,107,4,95,20
10870,7649,345,2020-06-26 22:00:00,2020-06-26,90,106,1,94,57
10780,7592,344,2020-06-25 22:00:00,2020-06-25,129,105,4,93,33
10651,7559,340,2020-06-24 22:00:00,2020-06-24,90,104,3,92,16
10561,7543,337,2020-06-23 22:00:00,2020-06-23,63,103,1,91,38
10498,7505,336,2020-06-22 22:00:00,2020-06-22,50,102,0,90,28
10448,7477,336,2020-06-21 22:00:00,2020-06-21,42,101,1,89,4
10406,7473,335,2020-06-20 22:00:00,2020-06-20,123,100,1,88,27
10283,7446,334,2020-06-19 22:00:00,2020-06-19,107,99,1,87,45
10176,7401,333,2020-06-18 22:00:00,2020-06-18,64,98,1,86,41
10112,7360,332,2020-06-17 22:00:00,2020-06-17,46,97,2,85,60
10066,7300,330,2020-06-16 22:00:00,2020-06-16,39,96,0,84,55
10027,7245,330,2020-06-15 22:00:00,2020-06-15,36,95,2,83,26
9991,7219,328,2020-06-14 22:00:00,2020-06-14,49,94,-1,82,4
9942,7215,329,2020-06-13 22:00:00,2020-06-13,55,93,0,81,45
9887,7170,329,2020-06-12 22:00:00,2020-06-12,61,92,-1,80,46
9826,7124,330,2020-06-11 22:00:00,2020-06-11,63,91,0,79,67
9763,7057,330,2020-06-10 22:00:00,2020-06-10,64,90,2,78,48
9699,7009,328,2020-06-09 22:00:00,2020-06-09,70,89,0,77,113
9629,6896,328,2020-06-08 22:00:00,2020-06-08,55,88,1,76,11
9574,6885,327,2020-06-07 22:00:00,2020-06-07,44,87,0,75,4
9530,6881,327,2020-06-06 22:00:00,2020-06-06,36,86,1,74,72
9494,6809,326,2020-06-05 22:00:00,2020-06-05,53,85,2,73,57
9441,6752,324,2020-06-04 22:00:00,2020-06-04,67,84,1,72,59
9374,6693,323,2020-06-03 22:00:00,2020-06-03,66,83,2,71,51
9308,6642,321,2020-06-02 22:00:00,2020-06-02,35,82,1,70,80
9273,6562,320,2020-06-01 22:00:00,2020-06-01,40,81,1,69,16
9233,6546,319,2020-05-31 22:00:00,2020-05-31,33,80,0,68,44
9200,6502,319,2020-05-30 22:00:00,2020-05-30,57,79,0,67,38
9143,6464,319,2020-05-29 22:00:00,2020-05-29,40,78,2,66,87
9103,6377,317,2020-05-28 22:00:00,2020-05-28,51,77,0,65,98
9052,6279,317,2020-05-27 22:00:00,2020-05-27,50,76,0,64,97
9002,6182,317,2020-05-26 22:00:00,2020-05-26,45,75,2,63,99
8957,6083,315,2020-05-25 22:00:00,2020-05-25,67,74,1,62,39
8890,6044,314,2020-05-24 22:00:00,2020-05-24,77,73,2,61,19
8813,6025,312,2020-05-23 22:00:00,2020-05-23,56,72,6,60,93
8757,5932,306,2020-05-22 22:00:00,2020-05-22,36,71,2,59,102
8721,5830,304,2020-05-21 22:00:00,2020-05-21,38,70,1,58,99
8683,5731,303,2020-05-20 22:00:00,2020-05-20,89,69,4,57,90
8594,5641,299,2020-05-19 22:00:00,2020-05-19,114,68,1,56,173
8480,5468,298,2020-05-18 22:00:00,2020-05-18,23,67,1,55,46
8457,5422,297,2020-05-17 22:00:00,2020-05-17,51,66,2,54,41
8406,5381,295,2020-05-16 22:00:00,2020-05-16,54,65,2,53,132
8352,5249,293,2020-05-15 22:00:00,2020-05-15,77,64,3,52,191
8275,5058,290,2020-05-14 22:00:00,2020-05-14,52,63,6,51,159
8223,4899,284,2020-05-13 22:00:00,2020-05-13,46,62,1,50,161
8177,4738,283,2020-05-12 22:00:00,2020-05-12,54,61,3,49,256
8123,4482,280,2020-05-11 22:00:00,2020-05-11,28,60,4,48,34
8095,4448,276,2020-05-10 22:00:00,2020-05-10,17,59,3,47,34
8078,4414,273,2020-05-09 22:00:00,2020-05-09,44,58,3,46,42
8034,4372,270,2020-05-08 22:00:00,2020-05-08,55,57,7,45,158
7979,4214,263,2020-05-07 22:00:00,2020-05-07,80,56,5,44,197
7899,4017,258,2020-05-06 22:00:00,2020-05-06,58,55,6,43,201
7841,3816,252,2020-05-05 22:00:00,2020-05-05,60,54,3,42,224
7781,3592,249,2020-05-04 22:00:00,2020-05-04,26,53,4,41,121
7755,3471,245,2020-05-03 22:00:00,2020-05-03,15,52,4,40,93
7740,3378,241,2020-05-02 22:00:00,2020-05-02,51,51,4,39,64
7689,3314,237,2020-05-01 22:00:00,2020-05-01,108,50,10,38,194
7581,3120,227,2020-04-30 22:00:00,2020-04-30,77,49,0,37,160
7504,2960,227,2020-04-29 22:00:00,2020-04-29,55,48,4,36,118
7449,2842,223,2020-04-28 22:00:00,2020-04-28,41,47,2,35,242
7408,2600,221,2020-04-27 22:00:00,2020-04-27,56,46,2,34,129
7352,2471,219,2020-04-26 22:00:00,2020-04-26,79,45,4,33,82
7273,2389,215,2020-04-25 22:00:00,2020-04-25,85,44,2,32,203
7188,2186,213,2020-04-24 22:00:00,2020-04-24,52,43,3,31,184
7136,2002,210,2020-04-23 22:00:00,2020-04-23,95,42,6,30,202
7041,1800,204,2020-04-22 22:00:00,2020-04-22,127,41,8,29,203
6914,1597,196,2020-04-21 22:00:00,2020-04-21,127,40,8,28,286
6787,1311,188,2020-04-20 22:00:00,2020-04-20,130,39,7,27,76
6657,1235,181,2020-04-19 22:00:00,2020-04-19,104,38,5,26,52
6553,1183,176,2020-04-18 22:00:00,2020-04-18,116,37,6,25,204
6437,979,170,2020-04-17 22:00:00,2020-04-17,134,36,4,24,148
6303,831,166,2020-04-16 22:00:00,2020-04-16,152,35,3,23,155
6151,676,163,2020-04-15 22:00:00,2020-04-15,92,34,16,22,149
6059,527,147,2020-04-14 22:00:00,2020-04-14,68,33,8,21,60
5991,467,139,2020-04-13 22:00:00,2020-04-13,86,32,7,20,45
5905,422,132,2020-04-12 22:00:00,2020-04-12,170,31,9,19,52
5735,370,123,2020-04-11 22:00:00,2020-04-11,146,30,10,18,61
5589,309,113,2020-04-10 22:00:00,2020-04-10,254,29,9,17,66
5335,243,104,2020-04-09 22:00:00,2020-04-09,302,28,13,16,62
5033,181,91,2020-04-08 22:00:00,2020-04-08,205,27,11,15,54
4828,127,80,2020-04-07 22:00:00,2020-04-07,237,26,8,14,31
4591,96,72,2020-04-06 22:00:00,2020-04-06,116,25,10,13,18
4475,78,62,2020-04-05 22:00:00,2020-04-05,281,24,6,12,4
4194,74,56,2020-04-04 21:00:00,2020-04-04,325,23,10,11,3
3869,71,46,2020-04-03 21:00:00,2020-04-03,265,22,6,10,10
3604,61,40,2020-04-02 21:00:00,2020-04-02,274,21,8,9,16
3330,45,32,2020-04-01 21:00:00,2020-04-01,328,20,7,8,20
3002,25,25,2020-03-31 21:00:00,2020-03-31,143,19,8,7,14
2859,11,17,2020-03-30 21:00:00,2020-03-30,190,18,4,6,0
2669,11,13,2020-03-29 21:00:00,2020-03-29,247,17,4,5,0
2422,11,9,2020-03-28 21:00:00,2020-03-28,360,16,0,4,1
2062,10,9,2020-03-27 21:10:00,2020-03-27,287,15,3,3,0
1775,10,6,2020-03-26 22:20:00,2020-03-26,278,14,1,2,0
1497,10,5,2020-03-25 23:20:00,2020-03-25,208,13,3,1,3
1289,7,2,2020-03-24 21:20:00,2020-03-24,124,12,1,0,1
1165,6,1,2020-03-23 21:40:00,2020-03-23,170,11,1,0,0
995,6,0,2020-03-22 21:00:00,2020-03-22,91,10,0,0,2
904,4,0,2020-03-21 21:00:00,2020-03-21,130,9,0,0,1
774,3,0,2020-03-20 21:20:00,2020-03-20,202,8,0,0,0
572,3,0,2020-03-19 21:30:00,2020-03-19,108,7,0,0,0
464,3,0,2020-03-18 22:00:00,2020-03-18,81,6,0,0,0
383,3,0,2020-03-17 21:00:00,2020-03-17,85,5,0,0,3
298,0,0,2020-03-16 21:00:00,2020-03-16,67,4,0,0,0
231,0,0,2020-03-15 21:00:00,2020-03-15,81,3,0,0,0
150,0,0,2020-03-14 21:00:00,2020-03-14,33,2,0,0,0
117,0,0,2020-03-13 21:00:00,2020-03-13,23,1,0,0,0
94,0,0,2020-03-12 21:00:00,2020-03-12,30,0,0,0,0
64,0,0,2020-03-11 21:00:00,2020-03-11,24,0,0,0,0
40,0,0,2020-03-10 21:00:00,2020-03-10,8,0,0,0,0
32,0,0,2020-03-09 21:00:00,2020-03-09,6,0,0,0,0
26,0,0,2020-03-08 21:00:00,2020-03-08,7,0,0,0,0
19,0,0,2020-03-07 21:00:00,2020-03-07,7,0,0,0,0
12,0,0,2020-03-06 21:00:00,2020-03-06,4,0,0,0,0
8,0,0,2020-03-05 21:00:00,2020-03-05,3,0,0,0,0
5,0,0,2020-03-04 21:00:00,2020-03-04,0,0,0,0,0
5,0,0,2020-03-03 21:00:00,2020-03-03,2,0,0,0,0
3,0,0,2020-03-02 21:00:00,2020-03-02,3,0,0,0,0
0,0,0,2020-03-01 21:00:00,2020-03-01,0,0,0,0,0
0,0,0,2020-02-29 21:00:00,2020-02-29,0,0,0,0,0
0,0,0,2020-02-28 21:00:00,2020-02-28,0,0,0,0,0
0,0,0,2020-02-27 21:00:00,2020-02-27,0,0,0,0,0
0,0,0,2020-02-26 21:00:00,2020-02-26,0,0,0,0,0
0,0,0,2020-02-25 21:00:00,2020-02-25,0,0,0,0,0
0,0,0,2020-02-24 21:00:00,2020-02-24,0,0,0,0,0
0,0,0,2020-02-23 21:00:00,2020-02-23,0,0,0,0,0
0,0,0,2020-02-22 21:00:00,2020-02-22,0,0,0,0,0
0,0,0,2020-02-21 21:00:00,2020-02-21,0,0,0,0,0
0,0,0,2020-02-20 21:00:00,2020-02-20,0,0,0,0,0
0,0,0,2020-02-19 21:00:00,2020-02-19,0,0,0,0,0
0,0,0,2020-02-18 21:00:00,2020-02-18,0,0,0,0,0
0,0,0,2020-02-17 21:00:00,2020-02-17,0,0,0,0,0
0,0,0,2020-02-16 21:00:00,2020-02-16,0,0,0,0,0
0,0,0,2020-02-15 21:00:00,2020-02-15,0,0,0,0,0
0,0,0,2020-02-14 21:00:00,2020-02-14,0,0,0,0,0
0,0,0,2020-02-13 21:00:00,2020-02-13,0,0,0,0,0
0,0,0,2020-02-12 21:00:00,2020-02-12,0,0,0,0,0
0,0,0,2020-02-11 20:30:00,2020-02-11,0,0,0,0,0
0,0,0,2020-02-10 21:00:00,2020-02-10,0,0,0,0,0
0,0,0,2020-02-09 21:00:00,2020-02-09,0,0,0,0,0
0,0,0,2020-02-08 21:00:00,2020-02-08,0,0,0,0,0
0,0,0,2020-02-07 21:00:00,2020-02-07,0,0,0,0,0
0,0,0,2020-02-06 21:00:00,2020-02-06,0,0,0,0,0
0,0,0,2020-02-05 21:00:00,2020-02-05,0,0,0,0,0
0,0,0,2020-02-04 20:00:00,2020-02-04,0,0,0,0,0
0,0,0,2020-02-03 20:00:00,2020-02-03,0,0,0,0,0
0,0,0,2020-02-02 20:00:00,2020-02-02,0,0,0,0,0
0,0,0,2020-02-01 10:00:00,2020-02-01,0,0,0,0,0
0,0,0,2020-01-31 12:30:00,2020-01-31,0,0,0,0,0
0,0,0,2020-01-30 12:00:00,2020-01-30,0,0,0,0,0
0,0,0,2020-01-29 14:00:00,2020-01-29,0,0,0,0,0
0,0,0,2020-01-28 11:30:00,2020-01-28,0,0,0,0,0
0,0,0,2020-01-27 14:00:00,2020-01-27,0,0,0,0,0
0,0,0,2020-01-26 13:00:00,2020-01-26,0,0,0,0,0
0,0,0,2020-01-25 15:00:00,2020-01-25,0,0,0,0,0
0,0,0,2020-01-24 15:00:00,2020-01-24,0,0,0,0,0
0,0,0,2020-01-23 15:00:00,2020-01-23,0,0,0,0,0
0,0,0,2020-01-22 15:00:00,2020-01-22,0,0,0,0,0
0,0,0,2020-01-21 15:00:00,2020-01-21,0,0,0,0,0
