Confirmed,Recovered,Deaths,Date_last_updated_AEDT,date_day,New,DayElapsed,New_death,DayElapsed_death,New_recover
9309,8048,215,2020-08-06 22:00:00,2020-08-06,131,128,0,134,321
9178,7727,215,2020-08-05 22:00:00,2020-08-05,0,127,0,133,0
9178,7727,215,2020-08-04 22:00:00,2020-08-04,45,126,0,132,303
9133,7424,215,2020-08-03 22:00:00,2020-08-03,18,125,0,131,105
9115,7319,215,2020-08-02 22:00:00,2020-08-02,31,124,0,130,289
9084,7030,215,2020-08-01 22:00:00,2020-08-01,14,123,0,129,234
9070,6796,215,2020-07-31 22:00:00,2020-07-31,60,122,0,128,359
9010,6437,215,2020-07-30 22:00:00,2020-07-30,79,121,5,127,342
8931,6095,210,2020-07-29 22:00:00,2020-07-29,58,120,2,126,165
8873,5930,208,2020-07-28 22:00:00,2020-07-28,29,119,0,125,230
8844,5700,208,2020-07-27 22:00:00,2020-07-27,43,118,4,124,395
8801,5305,204,2020-07-26 22:00:00,2020-07-26,0,117,0,123,0
8801,5305,204,2020-07-25 22:00:00,2020-07-25,34,116,3,122,196
8767,5109,201,2020-07-24 22:00:00,2020-07-24,47,115,0,121,4
8720,5105,201,2020-07-23 22:00:00,2020-07-23,94,114,4,120,315
8626,4790,197,2020-07-22 22:00:00,2020-07-22,183,113,3,119,455
8443,4335,194,2020-07-21 22:00:00,2020-07-21,0,112,0,118,0
8443,4335,194,2020-07-20 22:00:00,2020-07-20,40,111,0,117,0
8403,4335,194,2020-07-19 22:00:00,2020-07-19,79,110,1,116,22
8324,4313,193,2020-07-18 22:00:00,2020-07-18,75,109,0,115,65
8249,4248,193,2020-07-17 22:00:00,2020-07-17,50,108,0,114,0
8199,4248,193,2020-07-16 22:00:00,2020-07-16,64,107,3,113,300
8135,3948,190,2020-07-15 22:00:00,2020-07-15,0,106,0,112,0
8135,3948,190,2020-07-14 22:00:00,2020-07-14,102,105,1,111,333
8033,3615,189,2020-07-13 22:00:00,2020-07-13,0,104,0,110,0
8033,3615,189,2020-07-12 22:00:00,2020-07-12,128,103,0,109,102
7905,3513,189,2020-07-11 22:00:00,2020-07-11,0,102,0,108,0
7905,3513,189,2020-07-10 22:00:00,2020-07-10,59,101,0,107,0
7846,3513,189,2020-07-09 22:00:00,2020-07-09,414,100,7,106,287
7432,3226,182,2020-07-08 22:00:00,2020-07-08,0,99,0,105,0
7432,3226,182,2020-07-07 22:00:00,2020-07-07,0,98,0,104,0
7432,3226,182,2020-07-06 22:00:00,2020-07-06,53,97,0,103,265
7379,2961,182,2020-07-05 22:00:00,2020-07-05,0,96,0,102,0
7379,2961,182,2020-07-04 22:00:00,2020-07-04,68,95,3,101,277
7311,2684,179,2020-07-03 22:00:00,2020-07-03,122,94,3,100,367
7189,2317,176,2020-07-02 22:00:00,2020-07-02,67,93,1,99,532
7122,1785,175,2020-07-01 22:00:00,2020-07-01,183,92,8,98,735
6939,1050,167,2020-06-30 22:00:00,2020-06-30,112,91,10,97,65
6827,985,157,2020-06-29 22:00:00,2020-06-29,137,90,4,96,48
6690,937,153,2020-06-28 22:00:00,2020-06-28,138,89,4,95,37
6552,900,149,2020-06-27 22:00:00,2020-06-27,0,88,0,94,0
6552,900,149,2020-06-26 22:00:00,2020-06-26,339,87,7,93,30
6213,870,142,2020-06-25 22:00:00,2020-06-25,186,86,7,92,9
6027,861,135,2020-06-24 22:00:00,2020-06-24,0,85,0,91,0
6027,861,135,2020-06-23 22:00:00,2020-06-23,103,84,0,90,5
5924,856,135,2020-06-22 22:00:00,2020-06-22,98,83,5,89,15
5826,841,130,2020-06-21 22:00:00,2020-06-21,154,82,5,88,34
5672,807,125,2020-06-20 22:00:00,2020-06-20,195,81,3,87,88
5477,719,122,2020-06-19 22:00:00,2020-06-19,194,80,5,86,34
5283,685,117,2020-06-18 22:00:00,2020-06-18,183,79,2,85,45
5100,640,115,2020-06-17 22:00:00,2020-06-17,263,78,3,84,27
4837,613,112,2020-06-16 22:00:00,2020-06-16,0,77,0,83,0
4837,613,112,2020-06-15 22:00:00,2020-06-15,113,76,6,82,18
4724,595,106,2020-06-14 22:00:00,2020-06-14,0,75,0,81,0
4724,595,106,2020-06-13 22:00:00,2020-06-13,209,74,8,80,28
4515,567,98,2020-06-12 22:00:00,2020-06-12,125,73,2,79,2
4390,565,96,2020-06-11 22:00:00,2020-06-11,0,72,0,78,0
4390,565,96,2020-06-10 22:00:00,2020-06-10,131,71,6,77,26
4259,539,90,2020-06-09 22:00:00,2020-06-09,153,70,2,76,2
4106,537,88,2020-06-08 22:00:00,2020-06-08,90,69,3,75,0
4016,537,85,2020-06-07 22:00:00,2020-06-07,138,68,3,74,0
3878,537,82,2020-06-06 22:00:00,2020-06-06,114,67,1,73,25
3764,512,81,2020-06-05 22:00:00,2020-06-05,120,66,3,72,17
3644,495,78,2020-06-04 22:00:00,2020-06-04,149,65,3,71,3
3495,492,75,2020-06-03 22:00:00,2020-06-03,169,64,3,70,10
3326,482,72,2020-06-02 22:00:00,2020-06-02,131,63,0,69,28
3195,454,72,2020-06-01 22:00:00,2020-06-01,125,62,0,68,6
3070,448,72,2020-05-31 22:00:00,2020-05-31,104,61,3,67,20
2966,428,69,2020-05-30 22:00:00,2020-05-30,133,60,0,66,28
2833,400,69,2020-05-29 22:00:00,2020-05-29,173,59,0,65,19
2660,381,69,2020-05-28 22:00:00,2020-05-28,114,58,1,64,16
2546,365,68,2020-05-27 22:00:00,2020-05-27,143,57,0,63,25
2403,340,68,2020-05-26 22:00:00,2020-05-26,262,56,5,62,23
2141,317,63,2020-05-25 22:00:00,2020-05-25,0,55,0,61,0
2141,317,63,2020-05-24 22:00:00,2020-05-24,116,54,0,60,5
2025,312,63,2020-05-23 22:00:00,2020-05-23,80,53,0,59,0
1945,312,63,2020-05-22 22:00:00,2020-05-22,110,52,2,58,9
1835,303,61,2020-05-21 22:00:00,2020-05-21,104,51,0,57,1
1731,302,61,2020-05-20 22:00:00,2020-05-20,193,50,0,56,30
1538,272,61,2020-05-19 22:00:00,2020-05-19,83,49,0,55,2
1455,270,61,2020-05-18 22:00:00,2020-05-18,0,48,0,54,0
1455,270,61,2020-05-17 22:00:00,2020-05-17,85,47,0,53,41
1370,229,61,2020-05-16 22:00:00,2020-05-16,72,46,11,52,17
1298,212,50,2020-05-15 22:00:00,2020-05-15,129,45,0,51,64
1169,148,50,2020-05-14 22:00:00,2020-05-14,67,44,6,50,2
1102,146,44,2020-05-13 22:00:00,2020-05-13,78,43,3,49,5
1024,141,41,2020-05-12 22:00:00,2020-05-12,33,42,0,48,5
991,136,41,2020-05-11 22:00:00,2020-05-11,54,41,2,47,6
937,130,39,2020-05-10 22:00:00,2020-05-10,0,40,0,46,0
937,130,39,2020-05-09 22:00:00,2020-05-09,40,39,3,45,11
897,119,36,2020-05-08 22:00:00,2020-05-08,34,38,0,44,16
863,103,36,2020-05-07 22:00:00,2020-05-07,66,37,1,43,11
797,92,35,2020-05-06 22:00:00,2020-05-06,115,36,1,42,12
682,80,34,2020-05-05 22:00:00,2020-05-05,0,35,0,41,0
682,80,34,2020-05-04 22:00:00,2020-05-04,8,34,1,40,5
674,75,33,2020-05-03 22:00:00,2020-05-03,70,33,1,39,0
604,75,32,2020-05-02 22:00:00,2020-05-02,32,32,1,38,2
572,73,31,2020-05-01 22:00:00,2020-05-01,72,31,0,37,8
500,65,31,2020-04-30 22:00:00,2020-04-30,9,30,1,36,6
491,59,30,2020-04-29 22:00:00,2020-04-29,20,29,0,35,3
471,56,30,2020-04-28 22:00:00,2020-04-28,12,28,2,34,6
459,50,28,2020-04-27 22:00:00,2020-04-27,17,27,0,33,0
442,50,28,2020-04-26 22:00:00,2020-04-26,26,26,0,32,1
416,49,28,2020-04-25 22:00:00,2020-04-25,22,25,3,31,1
394,48,25,2020-04-24 22:00:00,2020-04-24,17,24,0,30,1
377,47,25,2020-04-23 22:00:00,2020-04-23,18,23,0,29,2
359,45,25,2020-04-22 22:00:00,2020-04-22,9,22,0,28,10
350,35,25,2020-04-21 22:00:00,2020-04-21,23,21,0,27,8
327,27,25,2020-04-20 22:00:00,2020-04-20,0,20,0,26,1
327,26,25,2020-04-19 22:00:00,2020-04-19,20,19,0,25,0
307,26,25,2020-04-18 22:00:00,2020-04-18,20,18,2,24,1
287,25,23,2020-04-17 22:00:00,2020-04-17,20,17,1,23,2
267,23,22,2020-04-16 22:00:00,2020-04-16,26,16,2,22,3
241,20,20,2020-04-15 22:00:00,2020-04-15,6,15,0,21,3
235,17,20,2020-04-14 22:00:00,2020-04-14,0,14,0,20,0
235,17,20,2020-04-13 22:00:00,2020-04-13,1,13,0,19,1
234,16,20,2020-04-12 22:00:00,2020-04-12,11,12,0,18,0
223,16,20,2020-04-11 22:00:00,2020-04-11,8,11,0,17,3
215,13,20,2020-04-10 22:00:00,2020-04-10,35,10,2,16,4
180,9,18,2020-04-09 22:00:00,2020-04-09,0,9,0,15,0
180,9,18,2020-04-08 22:00:00,2020-04-08,19,8,0,14,4
161,5,18,2020-04-07 22:00:00,2020-04-07,7,7,0,13,2
154,3,18,2020-04-06 22:00:00,2020-04-06,0,6,0,12,0
154,3,18,2020-04-05 22:00:00,2020-04-05,6,5,2,11,0
148,3,16,2020-04-04 21:00:00,2020-04-04,14,4,3,10,0
134,3,13,2020-04-03 21:00:00,2020-04-03,11,3,2,9,0
123,3,11,2020-04-02 21:00:00,2020-04-02,14,2,3,8,1
109,2,8,2020-04-01 21:00:00,2020-04-01,11,1,0,7,0
98,2,8,2020-03-31 21:00:00,2020-03-31,17,0,0,6,0
81,2,8,2020-03-30 21:00:00,2020-03-30,16,0,2,5,0
65,2,6,2020-03-29 21:00:00,2020-03-29,14,0,3,4,0
51,2,3,2020-03-28 21:00:00,2020-03-28,0,0,0,3,0
51,2,3,2020-03-27 21:10:00,2020-03-27,0,0,0,2,2
51,0,3,2020-03-26 22:20:00,2020-03-26,3,0,1,1,0
48,0,2,2020-03-25 23:20:00,2020-03-25,3,0,0,0,0
45,0,2,2020-03-24 21:20:00,2020-03-24,15,0,1,0,0
30,0,1,2020-03-23 21:40:00,2020-03-23,7,0,0,0,0
23,0,1,2020-03-22 21:00:00,2020-03-22,0,0,0,0,0
23,0,1,2020-03-21 21:00:00,2020-03-21,5,0,1,0,0
18,0,0,2020-03-20 21:20:00,2020-03-20,4,0,0,0,0
14,0,0,2020-03-19 21:30:00,2020-03-19,7,0,0,0,0
7,0,0,2020-03-18 22:00:00,2020-03-18,4,0,0,0,0
3,0,0,2020-03-17 21:00:00,2020-03-17,1,0,0,0,0
2,0,0,2020-03-16 21:00:00,2020-03-16,0,0,0,0,0
2,0,0,2020-03-15 21:00:00,2020-03-15,0,0,0,0,0
2,0,0,2020-03-14 21:00:00,2020-03-14,1,0,0,0,0
1,0,0,2020-03-13 21:00:00,2020-03-13,0,0,0,0,0
1,0,0,2020-03-12 21:00:00,2020-03-12,0,0,0,0,0
1,0,0,2020-03-11 21:00:00,2020-03-11,1,0,0,0,0
0,0,0,2020-03-10 21:00:00,2020-03-10,0,0,0,0,0
0,0,0,2020-03-09 21:00:00,2020-03-09,0,0,0,0,0
0,0,0,2020-03-08 21:00:00,2020-03-08,0,0,0,0,0
0,0,0,2020-03-07 21:00:00,2020-03-07,0,0,0,0,0
0,0,0,2020-03-06 21:00:00,2020-03-06,0,0,0,0,0
0,0,0,2020-03-05 21:00:00,2020-03-05,0,0,0,0,0
0,0,0,2020-03-04 21:00:00,2020-03-04,0,0,0,0,0
0,0,0,2020-03-03 21:00:00,2020-03-03,0,0,0,0,0
0,0,0,2020-03-02 21:00:00,2020-03-02,0,0,0,0,0
0,0,0,2020-03-01 21:00:00,2020-03-01,0,0,0,0,0
0,0,0,2020-02-29 21:00:00,2020-02-29,0,0,0,0,0
0,0,0,2020-02-28 21:00:00,2020-02-28,0,0,0,0,0
0,0,0,2020-02-27 21:00:00,2020-02-27,0,0,0,0,0
0,0,0,2020-02-26 21:00:00,2020-02-26,0,0,0,0,0
0,0,0,2020-02-25 21:00:00,2020-02-25,0,0,0,0,0
0,0,0,2020-02-24 21:00:00,2020-02-24,0,0,0,0,0
0,0,0,2020-02-23 21:00:00,2020-02-23,0,0,0,0,0
0,0,0,2020-02-22 21:00:00,2020-02-22,0,0,0,0,0
0,0,0,2020-02-21 21:00:00,2020-02-21,0,0,0,0,0
0,0,0,2020-02-20 21:00:00,2020-02-20,0,0,0,0,0
0,0,0,2020-02-19 21:00:00,2020-02-19,0,0,0,0,0
0,0,0,2020-02-18 21:00:00,2020-02-18,0,0,0,0,0
0,0,0,2020-02-17 21:00:00,2020-02-17,0,0,0,0,0
0,0,0,2020-02-16 21:00:00,2020-02-16,0,0,0,0,0
0,0,0,2020-02-15 21:00:00,2020-02-15,0,0,0,0,0
0,0,0,2020-02-14 21:00:00,2020-02-14,0,0,0,0,0
0,0,0,2020-02-13 21:00:00,2020-02-13,0,0,0,0,0
0,0,0,2020-02-12 21:00:00,2020-02-12,0,0,0,0,0
0,0,0,2020-02-11 20:30:00,2020-02-11,0,0,0,0,0
0,0,0,2020-02-10 21:00:00,2020-02-10,0,0,0,0,0
0,0,0,2020-02-09 21:00:00,2020-02-09,0,0,0,0,0
0,0,0,2020-02-08 21:00:00,2020-02-08,0,0,0,0,0
0,0,0,2020-02-07 21:00:00,2020-02-07,0,0,0,0,0
0,0,0,2020-02-06 21:00:00,2020-02-06,0,0,0,0,0
0,0,0,2020-02-05 21:00:00,2020-02-05,0,0,0,0,0
0,0,0,2020-02-04 20:00:00,2020-02-04,0,0,0,0,0
0,0,0,2020-02-03 20:00:00,2020-02-03,0,0,0,0,0
0,0,0,2020-02-02 20:00:00,2020-02-02,0,0,0,0,0
0,0,0,2020-02-01 10:00:00,2020-02-01,0,0,0,0,0
0,0,0,2020-01-31 12:30:00,2020-01-31,0,0,0,0,0
0,0,0,2020-01-30 12:00:00,2020-01-30,0,0,0,0,0
0,0,0,2020-01-29 14:00:00,2020-01-29,0,0,0,0,0
0,0,0,2020-01-28 11:30:00,2020-01-28,0,0,0,0,0
0,0,0,2020-01-27 14:00:00,2020-01-27,0,0,0,0,0
0,0,0,2020-01-26 13:00:00,2020-01-26,0,0,0,0,0
0,0,0,2020-01-25 15:00:00,2020-01-25,0,0,0,0,0
0,0,0,2020-01-24 15:00:00,2020-01-24,0,0,0,0,0
0,0,0,2020-01-23 15:00:00,2020-01-23,0,0,0,0,0
0,0,0,2020-01-22 15:00:00,2020-01-22,0,0,0,0,0
0,0,0,2020-01-21 15:00:00,2020-01-21,0,0,0,0,0
