Confirmed,Recovered,Deaths,Date_last_updated_AEDT,date_day,New,DayElapsed,New_death,DayElapsed_death,New_recover
88866,71168,5847,2020-08-06 22:00:00,2020-08-06,903,142,39,141,183
87963,70985,5808,2020-08-05 22:00:00,2020-08-05,922,141,41,140,11641
87041,59344,5767,2020-08-04 22:00:00,2020-08-04,517,140,17,139,23131
86524,36213,5750,2020-08-03 22:00:00,2020-08-03,292,139,14,138,0
86232,36213,5736,2020-08-02 22:00:00,2020-08-02,877,138,34,137,169
85355,36044,5702,2020-08-01 22:00:00,2020-08-01,985,137,45,136,220
84370,35824,5657,2020-07-31 22:00:00,2020-07-31,1177,136,34,135,252
83193,35572,5623,2020-07-30 22:00:00,2020-07-30,914,135,39,134,289
82279,35283,5584,2020-07-29 22:00:00,2020-07-29,1118,134,52,133,387
81161,34896,5532,2020-07-28 22:00:00,2020-07-28,467,133,17,132,0
80694,34896,5515,2020-07-27 22:00:00,2020-07-27,658,132,8,131,352
80036,34544,5507,2020-07-26 22:00:00,2020-07-26,987,131,39,130,0
79049,34544,5468,2020-07-25 22:00:00,2020-07-25,901,130,29,129,1089
78148,33455,5439,2020-07-24 22:00:00,2020-07-24,891,129,21,128,330
77257,33125,5418,2020-07-23 22:00:00,2020-07-23,1040,128,52,127,400
76217,32725,5366,2020-07-22 22:00:00,2020-07-22,1597,127,48,126,770
74620,31955,5318,2020-07-21 22:00:00,2020-07-21,607,126,5,125,54
74013,31901,5313,2020-07-20 22:00:00,2020-07-20,631,125,31,124,144
73382,31757,5282,2020-07-19 22:00:00,2020-07-19,938,124,32,123,353
72444,31404,5250,2020-07-18 22:00:00,2020-07-18,1079,123,43,122,144
71365,31260,5207,2020-07-17 22:00:00,2020-07-17,1036,122,49,121,619
70329,30641,5158,2020-07-16 22:00:00,2020-07-16,759,121,28,120,157
69570,30484,5130,2020-07-15 22:00:00,2020-07-15,1111,120,67,119,115
68459,30369,5063,2020-07-14 22:00:00,2020-07-14,589,119,16,118,86
67870,30283,5047,2020-07-13 22:00:00,2020-07-13,661,118,16,117,176
67209,30107,5031,2020-07-12 22:00:00,2020-07-12,2191,117,92,116,530
65018,29577,4939,2020-07-11 22:00:00,2020-07-11,797,116,39,115,393
64221,29184,4900,2020-07-10 22:00:00,2020-07-10,976,115,27,114,113
63245,29071,4873,2020-07-09 22:00:00,2020-07-09,0,114,0,113,0
63245,29071,4873,2020-07-08 22:00:00,2020-07-08,865,113,52,112,199
62380,28872,4821,2020-07-07 22:00:00,2020-07-07,422,112,40,111,150
61958,28722,4781,2020-07-06 22:00:00,2020-07-06,423,111,12,110,215
61535,28507,4769,2020-07-05 22:00:00,2020-07-05,878,110,69,109,116
60657,28391,4700,2020-07-04 22:00:00,2020-07-04,1189,109,61,108,359
59468,28032,4639,2020-07-03 22:00:00,2020-07-03,1211,108,63,107,145
58257,27887,4576,2020-07-02 22:00:00,2020-07-02,1825,107,49,106,293
56432,27594,4527,2020-07-01 22:00:00,2020-07-01,767,106,25,105,164
55665,27430,4502,2020-06-30 22:00:00,2020-06-30,410,105,73,104,372
55255,27058,4429,2020-06-29 22:00:00,2020-06-29,681,104,5,103,138
54574,26920,4424,2020-06-28 22:00:00,2020-06-28,718,103,18,102,427
53856,26493,4406,2020-06-27 22:00:00,2020-06-27,700,102,63,101,396
53156,26097,4343,2020-06-26 22:00:00,2020-06-26,1513,101,69,100,1106
51643,24991,4274,2020-06-25 22:00:00,2020-06-25,0,100,0,99,0
51643,24991,4274,2020-06-24 22:00:00,2020-06-24,1003,99,51,98,0
50640,24991,4223,2020-06-23 22:00:00,2020-06-23,0,98,0,97,0
50640,24991,4223,2020-06-22 22:00:00,2020-06-22,909,97,67,96,545
49731,24446,4156,2020-06-21 22:00:00,2020-06-21,0,96,0,95,0
49731,24446,4156,2020-06-20 22:00:00,2020-06-20,634,95,69,94,323
49097,24123,4087,2020-06-19 22:00:00,2020-06-19,607,94,80,93,242
48490,23881,4007,2020-06-18 22:00:00,2020-06-18,547,93,37,92,197
47943,23684,3970,2020-06-17 22:00:00,2020-06-17,621,92,41,91,335
47322,23349,3929,2020-06-16 22:00:00,2020-06-16,571,91,33,90,285
46751,23064,3896,2020-06-15 22:00:00,2020-06-15,395,90,22,89,199
46356,22865,3874,2020-06-14 22:00:00,2020-06-14,578,89,46,88,186
45778,22679,3828,2020-06-13 22:00:00,2020-06-13,1338,88,108,87,817
44440,21862,3720,2020-06-12 22:00:00,2020-06-12,0,87,0,86,0
44440,21862,3720,2020-06-11 22:00:00,2020-06-11,523,86,30,85,842
43917,21020,3690,2020-06-10 22:00:00,2020-06-10,539,85,48,84,0
43378,21020,3642,2020-06-09 22:00:00,2020-06-09,258,84,21,83,0
43120,21020,3621,2020-06-08 22:00:00,2020-06-08,392,83,13,82,0
42728,21020,3608,2020-06-07 22:00:00,2020-06-07,1153,82,74,81,452
41575,20568,3534,2020-06-06 22:00:00,2020-06-06,609,81,48,80,549
40966,20019,3486,2020-06-05 22:00:00,2020-06-05,0,80,0,79,0
40966,20019,3486,2020-06-04 22:00:00,2020-06-04,552,79,48,78,0
40414,20019,3438,2020-06-03 22:00:00,2020-06-03,420,78,44,77,196
39994,19823,3394,2020-06-02 22:00:00,2020-06-02,896,77,36,76,231
39098,19592,3358,2020-06-01 22:00:00,2020-06-01,527,76,24,75,402
38571,19190,3334,2020-05-31 22:00:00,2020-05-31,0,75,0,74,0
38571,19190,3334,2020-05-30 22:00:00,2020-05-30,100,74,21,73,765
38471,18425,3313,2020-05-29 22:00:00,2020-05-29,368,73,38,72,0
38103,18425,3275,2020-05-28 22:00:00,2020-05-28,748,72,72,71,422
37355,18003,3203,2020-05-27 22:00:00,2020-05-27,0,71,0,70,0
37355,18003,3203,2020-05-26 22:00:00,2020-05-26,599,70,95,69,14443
36756,3560,3108,2020-05-25 22:00:00,2020-05-25,498,69,12,68,3
36258,3557,3096,2020-05-24 22:00:00,2020-05-24,430,68,40,67,0
35828,3557,3056,2020-05-23 22:00:00,2020-05-23,522,67,117,66,0
35306,3557,2939,2020-05-22 22:00:00,2020-05-22,452,66,51,65,0
34854,3557,2888,2020-05-21 22:00:00,2020-05-21,703,65,49,64,100
34151,3457,2839,2020-05-20 22:00:00,2020-05-20,569,64,40,63,24
33582,3433,2799,2020-05-19 22:00:00,2020-05-19,400,63,63,62,0
33182,3433,2736,2020-05-18 22:00:00,2020-05-18,419,62,48,61,0
32763,3433,2688,2020-05-17 22:00:00,2020-05-17,1296,61,94,60,0
31467,3433,2594,2020-05-16 22:00:00,2020-05-16,965,60,256,59,0
30502,3433,2338,2020-05-15 22:00:00,2020-05-15,16,59,4,58,0
30486,3433,2334,2020-05-14 22:00:00,2020-05-14,67,58,7,57,0
30419,3433,2327,2020-05-13 22:00:00,2020-05-13,910,57,182,56,0
29509,3433,2145,2020-05-12 22:00:00,2020-05-12,-50,56,18,55,0
29559,3433,2127,2020-05-11 22:00:00,2020-05-11,488,55,410,54,0
29071,3433,1717,2020-05-10 22:00:00,2020-05-10,253,54,13,53,0
28818,3433,1704,2020-05-09 22:00:00,2020-05-09,-1480,53,50,52,0
30298,3433,1654,2020-05-08 22:00:00,2020-05-08,878,52,36,51,0
29420,3433,1618,2020-05-07 22:00:00,2020-05-07,-2461,51,49,50,0
31881,3433,1569,2020-05-06 22:00:00,2020-05-06,0,50,0,49,0
31881,3433,1569,2020-05-05 22:00:00,2020-05-05,2343,49,5,48,133
29538,3300,1564,2020-05-04 22:00:00,2020-05-04,2074,48,193,47,1168
27464,2132,1371,2020-05-03 22:00:00,2020-05-03,1128,47,308,46,219
26336,1913,1063,2020-05-02 22:00:00,2020-05-02,1402,46,163,45,355
24934,1558,900,2020-05-01 22:00:00,2020-05-01,259,45,17,44,1
24675,1557,883,2020-04-30 22:00:00,2020-04-30,417,44,12,43,0
24258,1557,871,2020-04-29 22:00:00,2020-04-29,1018,43,208,42,0
23240,1557,663,2020-04-28 22:00:00,2020-04-28,521,42,87,41,191
22719,1366,576,2020-04-27 22:00:00,2020-04-27,0,41,0,40,0
22719,1366,576,2020-04-26 22:00:00,2020-04-26,0,40,0,39,0
22719,1366,576,2020-04-25 22:00:00,2020-04-25,11536,39,16,38,38
11183,1328,560,2020-04-24 22:00:00,2020-04-24,333,38,23,37,66
10850,1262,537,2020-04-23 22:00:00,2020-04-23,452,37,17,36,55
10398,1207,520,2020-04-22 22:00:00,2020-04-22,270,36,13,35,57
10128,1150,507,2020-04-21 22:00:00,2020-04-21,660,35,33,34,89
9468,1061,474,2020-04-20 22:00:00,2020-04-20,446,34,18,33,53
9022,1008,456,2020-04-19 22:00:00,2020-04-19,572,33,35,32,170
8450,838,421,2020-04-18 22:00:00,2020-04-18,225,32,18,31,0
8225,838,403,2020-04-17 22:00:00,2020-04-17,367,31,15,30,58
7858,780,388,2020-04-16 22:00:00,2020-04-16,255,30,19,29,84
7603,696,369,2020-04-15 22:00:00,2020-04-15,74,29,14,28,99
7529,597,355,2020-04-14 22:00:00,2020-04-14,63,28,22,27,96
7466,501,333,2020-04-13 22:00:00,2020-04-13,209,27,18,26,90
7257,411,315,2020-04-12 22:00:00,2020-04-12,96,26,18,25,43
7161,368,297,2020-04-11 22:00:00,2020-04-11,2196,25,25,24,29
4965,339,272,2020-04-10 22:00:00,2020-04-10,515,24,30,23,199
4450,140,242,2020-04-09 22:00:00,2020-04-09,455,23,22,22,0
3995,140,220,2020-04-08 22:00:00,2020-04-08,248,22,29,21,40
3747,100,191,2020-04-07 22:00:00,2020-04-07,101,21,11,20,0
3646,100,180,2020-04-06 22:00:00,2020-04-06,181,20,8,19,0
3465,100,172,2020-04-05 22:00:00,2020-04-05,97,19,27,18,35
3368,65,145,2020-04-04 21:00:00,2020-04-04,205,18,25,17,0
3163,65,120,2020-04-03 21:00:00,2020-04-03,405,17,22,16,7
2758,58,98,2020-04-02 21:00:00,2020-04-02,456,16,19,15,0
2302,58,79,2020-04-01 21:00:00,2020-04-01,336,15,17,14,4
1966,54,62,2020-03-31 21:00:00,2020-03-31,42,14,4,13,51
1924,3,58,2020-03-30 21:00:00,2020-03-30,101,13,10,12,0
1823,3,48,2020-03-29 21:00:00,2020-03-29,196,12,7,11,0
1627,3,41,2020-03-28 21:00:00,2020-03-28,224,11,7,10,0
1403,3,34,2020-03-27 21:10:00,2020-03-27,192,10,5,9,0
1211,3,29,2020-03-26 22:20:00,2020-03-26,129,9,2,8,0
1082,3,27,2020-03-25 23:20:00,2020-03-25,101,8,9,7,0
981,3,18,2020-03-24 21:20:00,2020-03-24,192,7,4,6,0
789,3,14,2020-03-23 21:40:00,2020-03-23,257,6,7,5,0
532,3,7,2020-03-22 21:00:00,2020-03-22,106,5,0,4,0
426,3,7,2020-03-21 21:00:00,2020-03-21,166,4,3,3,2
260,1,4,2020-03-20 21:20:00,2020-03-20,92,3,1,2,0
168,1,3,2020-03-19 21:30:00,2020-03-19,57,2,1,1,1
111,0,2,2020-03-18 22:00:00,2020-03-18,53,1,0,0,0
58,0,2,2020-03-17 21:00:00,2020-03-17,21,0,0,0,0
37,0,2,2020-03-16 21:00:00,2020-03-16,9,0,0,0,0
28,0,2,2020-03-15 21:00:00,2020-03-15,2,0,1,0,0
26,0,1,2020-03-14 21:00:00,2020-03-14,7,0,1,0,0
19,0,0,2020-03-13 21:00:00,2020-03-13,2,0,0,0,0
17,0,0,2020-03-12 21:00:00,2020-03-12,0,0,0,0,0
17,0,0,2020-03-11 21:00:00,2020-03-11,2,0,0,0,0
15,0,0,2020-03-10 21:00:00,2020-03-10,0,0,0,0,0
15,0,0,2020-03-09 21:00:00,2020-03-09,1,0,0,0,0
14,0,0,2020-03-08 21:00:00,2020-03-08,0,0,0,0,0
14,0,0,2020-03-07 21:00:00,2020-03-07,1,0,0,0,0
13,0,0,2020-03-06 21:00:00,2020-03-06,3,0,0,0,0
10,0,0,2020-03-05 21:00:00,2020-03-05,3,0,0,0,0
7,0,0,2020-03-04 21:00:00,2020-03-04,0,0,0,0,0
7,0,0,2020-03-03 21:00:00,2020-03-03,1,0,0,0,0
6,0,0,2020-03-02 21:00:00,2020-03-02,5,0,0,0,0
1,0,0,2020-03-01 21:00:00,2020-03-01,1,0,0,0,0
0,0,0,2020-02-29 21:00:00,2020-02-29,0,0,0,0,0
0,0,0,2020-02-28 21:00:00,2020-02-28,0,0,0,0,0
0,0,0,2020-02-27 21:00:00,2020-02-27,0,0,0,0,0
0,0,0,2020-02-26 21:00:00,2020-02-26,0,0,0,0,0
0,0,0,2020-02-25 21:00:00,2020-02-25,0,0,0,0,0
0,0,0,2020-02-24 21:00:00,2020-02-24,0,0,0,0,0
0,0,0,2020-02-23 21:00:00,2020-02-23,0,0,0,0,0
0,0,0,2020-02-22 21:00:00,2020-02-22,0,0,0,0,0
0,0,0,2020-02-21 21:00:00,2020-02-21,0,0,0,0,0
0,0,0,2020-02-20 21:00:00,2020-02-20,0,0,0,0,0
0,0,0,2020-02-19 21:00:00,2020-02-19,0,0,0,0,0
0,0,0,2020-02-18 21:00:00,2020-02-18,0,0,0,0,0
0,0,0,2020-02-17 21:00:00,2020-02-17,0,0,0,0,0
0,0,0,2020-02-16 21:00:00,2020-02-16,0,0,0,0,0
0,0,0,2020-02-15 21:00:00,2020-02-15,0,0,0,0,0
0,0,0,2020-02-14 21:00:00,2020-02-14,0,0,0,0,0
0,0,0,2020-02-13 21:00:00,2020-02-13,0,0,0,0,0
0,0,0,2020-02-12 21:00:00,2020-02-12,0,0,0,0,0
0,0,0,2020-02-11 20:30:00,2020-02-11,0,0,0,0,0
0,0,0,2020-02-10 21:00:00,2020-02-10,0,0,0,0,0
0,0,0,2020-02-09 21:00:00,2020-02-09,0,0,0,0,0
0,0,0,2020-02-08 21:00:00,2020-02-08,0,0,0,0,0
0,0,0,2020-02-07 21:00:00,2020-02-07,0,0,0,0,0
0,0,0,2020-02-06 21:00:00,2020-02-06,0,0,0,0,0
0,0,0,2020-02-05 21:00:00,2020-02-05,0,0,0,0,0
0,0,0,2020-02-04 20:00:00,2020-02-04,0,0,0,0,0
0,0,0,2020-02-03 20:00:00,2020-02-03,0,0,0,0,0
0,0,0,2020-02-02 20:00:00,2020-02-02,0,0,0,0,0
0,0,0,2020-02-01 10:00:00,2020-02-01,0,0,0,0,0
0,0,0,2020-01-31 12:30:00,2020-01-31,0,0,0,0,0
0,0,0,2020-01-30 12:00:00,2020-01-30,0,0,0,0,0
0,0,0,2020-01-29 14:00:00,2020-01-29,0,0,0,0,0
0,0,0,2020-01-28 11:30:00,2020-01-28,0,0,0,0,0
0,0,0,2020-01-27 14:00:00,2020-01-27,0,0,0,0,0
0,0,0,2020-01-26 13:00:00,2020-01-26,0,0,0,0,0
0,0,0,2020-01-25 15:00:00,2020-01-25,0,0,0,0,0
0,0,0,2020-01-24 15:00:00,2020-01-24,0,0,0,0,0
0,0,0,2020-01-23 15:00:00,2020-01-23,0,0,0,0,0
0,0,0,2020-01-22 15:00:00,2020-01-22,0,0,0,0,0
0,0,0,2020-01-21 15:00:00,2020-01-21,0,0,0,0,0
