Confirmed,Recovered,Deaths,Date_last_updated_AEDT,date_day,New,DayElapsed,New_death,DayElapsed_death,New_recover
1687,1661,8,2020-08-06 22:00:00,2020-08-06,0,193,0,172,0
1687,1661,8,2020-08-05 22:00:00,2020-08-05,0,192,0,171,2
1687,1659,8,2020-08-04 22:00:00,2020-08-04,4,191,0,170,2
1683,1657,8,2020-08-03 22:00:00,2020-08-03,1,190,0,169,3
1682,1654,8,2020-08-02 22:00:00,2020-08-02,2,189,0,168,1
1680,1653,8,2020-08-01 22:00:00,2020-08-01,2,188,0,167,0
1678,1653,8,2020-07-31 22:00:00,2020-07-31,3,187,0,166,2
1675,1651,8,2020-07-30 22:00:00,2020-07-30,1,186,0,165,3
1674,1648,8,2020-07-29 22:00:00,2020-07-29,2,185,0,164,3
1672,1645,8,2020-07-28 22:00:00,2020-07-28,0,184,0,163,0
1672,1645,8,2020-07-27 22:00:00,2020-07-27,0,183,0,162,3
1672,1642,8,2020-07-26 22:00:00,2020-07-26,3,182,0,161,1
1669,1641,8,2020-07-25 22:00:00,2020-07-25,2,181,0,160,2
1667,1639,8,2020-07-24 22:00:00,2020-07-24,5,180,0,159,2
1662,1637,8,2020-07-23 22:00:00,2020-07-23,1,179,0,158,0
1661,1637,8,2020-07-22 22:00:00,2020-07-22,2,178,0,157,0
1659,1637,8,2020-07-21 22:00:00,2020-07-21,0,177,0,156,0
1659,1637,8,2020-07-20 22:00:00,2020-07-20,0,176,0,155,1
1659,1636,8,2020-07-19 22:00:00,2020-07-19,2,175,0,154,0
1657,1636,8,2020-07-18 22:00:00,2020-07-18,3,174,0,153,0
1654,1636,8,2020-07-17 22:00:00,2020-07-17,4,173,0,152,0
1650,1636,8,2020-07-16 22:00:00,2020-07-16,0,172,0,151,0
1650,1636,8,2020-07-15 22:00:00,2020-07-15,0,171,0,150,1
1650,1635,8,2020-07-14 22:00:00,2020-07-14,0,170,0,149,1
1650,1634,8,2020-07-13 22:00:00,2020-07-13,2,169,0,148,0
1648,1634,8,2020-07-12 22:00:00,2020-07-12,0,168,0,147,0
1648,1634,8,2020-07-11 22:00:00,2020-07-11,1,167,0,146,0
1647,1634,8,2020-07-10 22:00:00,2020-07-10,0,166,0,145,3
1647,1631,8,2020-07-09 22:00:00,2020-07-09,2,165,0,144,0
1645,1631,8,2020-07-08 22:00:00,2020-07-08,1,164,0,143,0
1644,1631,8,2020-07-07 22:00:00,2020-07-07,1,163,0,142,0
1643,1631,8,2020-07-06 22:00:00,2020-07-06,0,162,0,141,0
1643,1631,8,2020-07-05 22:00:00,2020-07-05,0,161,0,140,2
1643,1629,8,2020-07-04 22:00:00,2020-07-04,1,160,0,139,0
1642,1629,8,2020-07-03 22:00:00,2020-07-03,0,159,0,138,2
1642,1627,8,2020-07-02 22:00:00,2020-07-02,1,158,0,137,0
1641,1627,8,2020-07-01 22:00:00,2020-07-01,0,157,0,136,0
1641,1627,8,2020-06-30 22:00:00,2020-06-30,4,156,0,135,2
1637,1625,8,2020-06-29 22:00:00,2020-06-29,0,155,0,134,3
1637,1622,8,2020-06-28 22:00:00,2020-06-28,0,154,0,133,0
1637,1622,8,2020-06-27 22:00:00,2020-06-27,2,153,0,132,1
1635,1621,8,2020-06-26 22:00:00,2020-06-26,0,152,0,131,0
1635,1621,8,2020-06-25 22:00:00,2020-06-25,1,151,0,130,1
1634,1620,8,2020-06-24 22:00:00,2020-06-24,0,150,0,129,1
1634,1619,8,2020-06-23 22:00:00,2020-06-23,0,149,0,128,5
1634,1614,8,2020-06-22 22:00:00,2020-06-22,0,148,0,127,0
1634,1614,8,2020-06-21 22:00:00,2020-06-21,0,147,0,126,1
1634,1613,8,2020-06-20 22:00:00,2020-06-20,3,146,0,125,9
1631,1604,8,2020-06-19 22:00:00,2020-06-19,3,145,0,124,1
1628,1603,8,2020-06-18 22:00:00,2020-06-18,0,144,0,123,10
1628,1593,8,2020-06-17 22:00:00,2020-06-17,0,143,0,122,1
1628,1592,8,2020-06-16 22:00:00,2020-06-16,3,142,0,121,2
1625,1590,8,2020-06-15 22:00:00,2020-06-15,0,141,0,120,0
1625,1590,8,2020-06-14 22:00:00,2020-06-14,17,140,0,119,0
1608,1590,8,2020-06-13 22:00:00,2020-06-13,1,139,0,118,1
1607,1589,8,2020-06-12 22:00:00,2020-06-12,0,138,0,117,1
1607,1588,8,2020-06-11 22:00:00,2020-06-11,3,137,0,116,1
1604,1587,8,2020-06-10 22:00:00,2020-06-10,0,136,0,115,1
1604,1586,8,2020-06-09 22:00:00,2020-06-09,2,135,0,114,1
1602,1585,8,2020-06-08 22:00:00,2020-06-08,0,134,0,113,1
1602,1584,8,2020-06-07 22:00:00,2020-06-07,1,133,0,112,0
1601,1584,8,2020-06-06 22:00:00,2020-06-06,3,132,0,111,0
1598,1584,8,2020-06-05 22:00:00,2020-06-05,0,131,0,110,1
1598,1583,8,2020-06-04 22:00:00,2020-06-04,1,130,0,109,0
1597,1583,8,2020-06-03 22:00:00,2020-06-03,1,129,0,108,0
1596,1583,8,2020-06-02 22:00:00,2020-06-02,1,128,0,107,0
1595,1583,8,2020-06-01 22:00:00,2020-06-01,2,127,0,106,0
1593,1583,8,2020-05-31 22:00:00,2020-05-31,0,126,0,105,0
1593,1583,8,2020-05-30 22:00:00,2020-05-30,1,125,0,104,1
1592,1582,8,2020-05-29 22:00:00,2020-05-29,0,124,0,103,0
1592,1582,8,2020-05-28 22:00:00,2020-05-28,0,123,0,102,1
1592,1581,8,2020-05-27 22:00:00,2020-05-27,0,122,0,101,0
1592,1581,8,2020-05-26 22:00:00,2020-05-26,0,121,0,100,0
1592,1581,8,2020-05-25 22:00:00,2020-05-25,0,120,0,99,1
1592,1580,8,2020-05-24 22:00:00,2020-05-24,1,119,0,98,0
1591,1580,8,2020-05-23 22:00:00,2020-05-23,0,118,0,97,0
1591,1580,8,2020-05-22 22:00:00,2020-05-22,0,117,0,96,1
1591,1579,8,2020-05-21 22:00:00,2020-05-21,1,116,0,95,0
1590,1579,8,2020-05-20 22:00:00,2020-05-20,0,115,0,94,0
1590,1579,8,2020-05-19 22:00:00,2020-05-19,0,114,0,93,0
1590,1579,8,2020-05-18 22:00:00,2020-05-18,0,113,0,92,0
1590,1579,8,2020-05-17 22:00:00,2020-05-17,1,112,0,91,0
1589,1579,8,2020-05-16 22:00:00,2020-05-16,0,111,0,90,0
1589,1579,8,2020-05-15 22:00:00,2020-05-15,0,110,0,89,0
1589,1579,8,2020-05-14 22:00:00,2020-05-14,0,109,0,88,1
1589,1578,8,2020-05-13 22:00:00,2020-05-13,0,108,0,87,0
1589,1578,8,2020-05-12 22:00:00,2020-05-12,0,107,0,86,1
1589,1577,8,2020-05-11 22:00:00,2020-05-11,0,106,0,85,1
1589,1576,8,2020-05-10 22:00:00,2020-05-10,0,105,0,84,0
1589,1576,8,2020-05-09 22:00:00,2020-05-09,0,104,0,83,1
1589,1575,8,2020-05-08 22:00:00,2020-05-08,0,103,0,82,0
1589,1575,8,2020-05-07 22:00:00,2020-05-07,1,102,0,81,0
1588,1575,8,2020-05-06 22:00:00,2020-05-06,0,101,0,80,4
1588,1571,8,2020-05-05 22:00:00,2020-05-05,0,100,0,79,2
1588,1569,8,2020-05-04 22:00:00,2020-05-04,0,99,0,78,2
1588,1567,8,2020-05-03 22:00:00,2020-05-03,0,98,0,77,0
1588,1567,8,2020-05-02 22:00:00,2020-05-02,0,97,0,76,2
1588,1565,8,2020-05-01 22:00:00,2020-05-01,0,96,0,75,8
1588,1557,8,2020-04-30 22:00:00,2020-04-30,0,95,0,74,3
1588,1554,8,2020-04-29 22:00:00,2020-04-29,1,94,0,73,7
1587,1547,8,2020-04-28 22:00:00,2020-04-28,0,93,0,72,5
1587,1542,8,2020-04-27 22:00:00,2020-04-27,2,92,0,71,8
1585,1534,8,2020-04-26 22:00:00,2020-04-26,0,91,0,70,0
1585,1534,8,2020-04-25 22:00:00,2020-04-25,0,90,0,69,6
1585,1528,8,2020-04-24 22:00:00,2020-04-24,1,89,0,68,10
1584,1518,8,2020-04-23 22:00:00,2020-04-23,2,88,0,67,7
1582,1511,8,2020-04-22 22:00:00,2020-04-22,0,87,0,66,10
1582,1501,8,2020-04-21 22:00:00,2020-04-21,1,86,0,65,7
1581,1494,8,2020-04-20 22:00:00,2020-04-20,1,85,0,64,4
1580,1490,8,2020-04-19 22:00:00,2020-04-19,1,84,0,63,8
1579,1482,8,2020-04-18 22:00:00,2020-04-18,2,83,0,62,7
1577,1475,8,2020-04-17 22:00:00,2020-04-17,6,82,0,61,4
1571,1471,8,2020-04-16 22:00:00,2020-04-16,5,81,0,60,9
1566,1462,8,2020-04-15 22:00:00,2020-04-15,2,80,0,59,4
1564,1458,8,2020-04-14 22:00:00,2020-04-14,9,79,0,58,4
1555,1454,8,2020-04-13 22:00:00,2020-04-13,3,78,0,57,11
1552,1443,8,2020-04-12 22:00:00,2020-04-12,4,77,0,56,6
1548,1437,8,2020-04-11 22:00:00,2020-04-11,4,76,0,55,3
1544,1434,8,2020-04-10 22:00:00,2020-04-10,5,75,0,54,11
1539,1423,8,2020-04-09 22:00:00,2020-04-09,3,74,0,53,12
1536,1411,8,2020-04-08 22:00:00,2020-04-08,3,73,0,52,10
1533,1401,8,2020-04-07 22:00:00,2020-04-07,1,72,0,51,6
1532,1395,8,2020-04-06 22:00:00,2020-04-06,8,71,0,50,8
1524,1387,8,2020-04-05 22:00:00,2020-04-05,8,70,0,49,9
1516,1378,8,2020-04-04 21:00:00,2020-04-04,9,69,0,48,13
1507,1365,8,2020-04-03 21:00:00,2020-04-03,0,68,0,47,0
1507,1365,8,2020-04-02 21:00:00,2020-04-02,13,67,0,46,9
1494,1356,8,2020-04-01 21:00:00,2020-04-01,10,66,0,45,0
1484,1356,8,2020-03-31 21:00:00,2020-03-31,0,65,0,44,5
1484,1351,8,2020-03-30 21:00:00,2020-03-30,9,64,0,43,2
1475,1349,8,2020-03-29 21:00:00,2020-03-29,8,63,0,42,8
1467,1341,8,2020-03-28 21:00:00,2020-03-28,11,62,0,41,4
1456,1337,8,2020-03-27 21:10:00,2020-03-27,23,61,0,40,1
1433,1336,8,2020-03-26 22:20:00,2020-03-26,0,60,0,39,2
1433,1334,8,2020-03-25 23:20:00,2020-03-25,5,59,0,38,1
1428,1333,8,2020-03-24 21:20:00,2020-03-24,13,58,0,37,1
1415,1332,8,2020-03-23 21:40:00,2020-03-23,8,57,0,36,3
1407,1329,8,2020-03-22 21:00:00,2020-03-22,8,56,0,35,4
1399,1325,8,2020-03-21 21:00:00,2020-03-21,4,55,0,34,2
1395,1323,8,2020-03-20 21:20:00,2020-03-20,17,54,0,33,5
1378,1318,8,2020-03-19 21:30:00,2020-03-19,8,53,0,32,5
1370,1313,8,2020-03-18 22:00:00,2020-03-18,6,52,0,31,6
1364,1307,8,2020-03-17 21:00:00,2020-03-17,3,51,0,30,1
1361,1306,8,2020-03-16 21:00:00,2020-03-16,5,50,0,29,2
1356,1304,8,2020-03-15 21:00:00,2020-03-15,0,49,0,28,5
1356,1299,8,2020-03-14 21:00:00,2020-03-14,0,48,0,27,3
1356,1296,8,2020-03-13 21:00:00,2020-03-13,0,47,0,26,7
1356,1289,8,2020-03-12 21:00:00,2020-03-12,3,46,0,25,7
1353,1282,8,2020-03-11 21:00:00,2020-03-11,0,45,0,24,8
1353,1274,8,2020-03-10 21:00:00,2020-03-10,1,44,0,23,14
1352,1260,8,2020-03-09 21:00:00,2020-03-09,0,43,1,22,8
1352,1252,7,2020-03-08 21:00:00,2020-03-08,0,42,0,21,18
1352,1234,7,2020-03-07 21:00:00,2020-03-07,1,41,0,20,22
1351,1212,7,2020-03-06 21:00:00,2020-03-06,1,40,0,19,31
1350,1181,7,2020-03-05 21:00:00,2020-03-05,0,39,0,18,48
1350,1133,7,2020-03-04 21:00:00,2020-03-04,0,38,0,17,32
1350,1101,7,2020-03-03 21:00:00,2020-03-03,0,37,0,16,50
1350,1051,7,2020-03-02 21:00:00,2020-03-02,1,36,0,15,38
1349,1013,7,2020-03-01 21:00:00,2020-03-01,0,35,0,14,40
1349,973,7,2020-02-29 21:00:00,2020-02-29,1,34,0,13,38
1348,935,7,2020-02-28 21:00:00,2020-02-28,1,33,0,12,45
1347,890,7,2020-02-27 21:00:00,2020-02-27,0,32,0,11,39
1347,851,7,2020-02-26 21:00:00,2020-02-26,0,31,0,10,29
1347,822,7,2020-02-25 21:00:00,2020-02-25,2,30,1,9,36
1345,786,6,2020-02-24 21:00:00,2020-02-24,3,29,0,8,31
1342,755,6,2020-02-23 21:00:00,2020-02-23,3,28,1,7,27
1339,728,5,2020-02-22 21:00:00,2020-02-22,6,27,0,6,38
1333,690,5,2020-02-21 21:00:00,2020-02-21,1,26,0,5,49
1332,641,5,2020-02-20 21:00:00,2020-02-20,1,25,0,4,35
1331,606,5,2020-02-19 21:00:00,2020-02-19,3,24,1,3,46
1328,560,4,2020-02-18 21:00:00,2020-02-18,6,23,0,2,63
1322,497,4,2020-02-17 21:00:00,2020-02-17,6,22,2,1,43
1316,454,2,2020-02-16 21:00:00,2020-02-16,22,21,0,0,54
1294,400,2,2020-02-15 21:00:00,2020-02-15,33,20,0,0,56
1261,344,2,2020-02-14 21:00:00,2020-02-14,20,19,0,0,43
1241,301,2,2020-02-13 21:00:00,2020-02-13,22,18,1,0,29
1219,272,1,2020-02-12 21:00:00,2020-02-12,42,17,0,0,64
1177,208,1,2020-02-11 20:30:00,2020-02-11,18,16,0,0,45
1159,163,1,2020-02-10 21:00:00,2020-02-10,28,15,0,0,35
1131,128,1,2020-02-09 21:00:00,2020-02-09,36,14,0,0,15
1095,113,1,2020-02-08 21:00:00,2020-02-08,77,13,0,0,25
1018,88,1,2020-02-07 21:00:00,2020-02-07,48,12,1,0,30
970,58,0,2020-02-06 21:00:00,2020-02-06,75,11,0,0,16
895,42,0,2020-02-05 21:00:00,2020-02-05,82,10,0,0,18
813,24,0,2020-02-04 20:00:00,2020-02-04,88,9,0,0,9
725,15,0,2020-02-03 20:00:00,2020-02-03,93,8,0,0,1
632,14,0,2020-02-02 20:00:00,2020-02-02,196,7,0,0,4
436,10,0,2020-02-01 10:00:00,2020-02-01,43,6,0,0,-1
393,11,0,2020-01-31 12:30:00,2020-01-31,82,5,0,0,5
311,6,0,2020-01-30 12:00:00,2020-01-30,70,4,0,0,1
241,5,0,2020-01-29 14:00:00,2020-01-29,90,3,0,0,1
151,4,0,2020-01-28 11:30:00,2020-01-28,5,2,0,0,2
146,2,0,2020-01-27 14:00:00,2020-01-27,48,1,0,0,0
98,2,0,2020-01-26 13:00:00,2020-01-26,20,0,0,0,0
78,2,0,2020-01-25 15:00:00,2020-01-25,25,0,0,0,0
53,2,0,2020-01-24 15:00:00,2020-01-24,21,0,0,0,0
32,2,0,2020-01-23 15:00:00,2020-01-23,6,0,0,0,2
26,0,0,2020-01-22 15:00:00,2020-01-22,9,0,0,0,0
17,0,0,2020-01-21 15:00:00,2020-01-21,0,0,0,0,0
