Confirmed,Deaths,date_day,New,DayElapsed,New_death,DayElapsed_death,Recovered,New_recover
0,0,2020-01-21,0,0,0,0,0,0
0,0,2020-01-22,0,0,0,0,0,0
0,0,2020-01-23,0,0,0,0,0,0
0,0,2020-01-24,0,0,0,0,0,0
0,0,2020-01-25,0,0,0,0,0,0
0,0,2020-01-26,0,0,0,0,0,0
0,0,2020-01-27,0,0,0,0,0,0
0,0,2020-01-28,0,0,0,0,0,0
0,0,2020-01-29,0,0,0,0,0,0
0,0,2020-01-30,0,0,0,0,0,0
0,0,2020-01-31,0,0,0,0,0,0
0,0,2020-02-01,0,0,0,0,0,0
0,0,2020-02-02,0,0,0,0,0,0
0,0,2020-02-03,0,0,0,0,0,0
0,0,2020-02-04,0,0,0,0,0,0
0,0,2020-02-05,0,0,0,0,0,0
0,0,2020-02-06,0,0,0,0,0,0
0,0,2020-02-07,0,0,0,0,0,0
0,0,2020-02-08,0,0,0,0,0,0
0,0,2020-02-09,0,0,0,0,0,0
0,0,2020-02-10,0,0,0,0,0,0
0,0,2020-02-11,0,0,0,0,0,0
0,0,2020-02-12,0,0,0,0,0,0
0,0,2020-02-13,0,0,0,0,0,0
0,0,2020-02-14,0,0,0,0,0,0
0,0,2020-02-15,0,0,0,0,0,0
0,0,2020-02-16,0,0,0,0,0,0
0,0,2020-02-17,0,0,0,0,0,0
0,0,2020-02-18,0,0,0,0,0,0
0,0,2020-02-19,0,0,0,0,0,0
0,0,2020-02-20,0,0,0,0,0,0
0,0,2020-02-21,0,0,0,0,0,0
0,0,2020-02-22,0,0,0,0,0,0
0,0,2020-02-23,0,0,0,0,0,0
0,0,2020-02-24,0,0,0,0,0,0
0,0,2020-02-25,0,0,0,0,0,0
0,0,2020-02-26,0,0,0,0,0,0
0,0,2020-02-27,0,0,0,0,0,0
0,0,2020-02-28,0,0,0,0,0,0
3,0,2020-02-29,3,0,0,0,0,0
8,0,2020-03-01,5,0,0,0,0,0
10,0,2020-03-02,2,0,0,0,0,0
10,0,2020-03-03,0,0,0,0,0,0
12,0,2020-03-04,2,0,0,0,0,0
14,0,2020-03-05,2,0,0,0,0,0
15,0,2020-03-06,1,0,0,0,0,0
16,0,2020-03-07,1,0,0,0,0,0
17,0,2020-03-08,1,0,0,0,0,0
20,0,2020-03-09,3,0,0,0,0,0
35,0,2020-03-10,15,0,0,0,0,0
48,0,2020-03-11,13,0,0,0,0,0
99,0,2020-03-12,51,0,0,0,0,0
148,0,2020-03-13,49,1,0,0,0,0
203,0,2020-03-14,55,2,0,0,0,0
286,0,2020-03-15,83,3,0,0,0,0
342,0,2020-03-16,56,4,0,0,0,0
373,0,2020-03-17,31,5,0,0,0,0
432,0,2020-03-18,59,6,0,0,0,0
682,0,2020-03-19,250,7,0,0,0,0
813,1,2020-03-20,131,8,1,0,0,0
1080,2,2020-03-21,267,9,1,0,0,0
1175,2,2020-03-22,95,10,0,0,0,0
1347,3,2020-03-23,172,11,1,1,0,0
1620,4,2020-03-24,273,12,1,2,0,0
1754,4,2020-03-25,134,13,0,3,0,0
2157,6,2020-03-26,403,14,2,4,0,0
2323,7,2020-03-27,166,15,1,5,0,0
2604,9,2020-03-28,281,16,2,6,0,0
2605,9,2020-03-29,1,17,0,7,0,0
3091,13,2020-03-30,486,18,4,8,0,0
3283,17,2020-03-31,192,19,4,9,0,0
3445,21,2020-04-01,162,20,4,10,0,0
3707,27,2020-04-02,262,21,6,11,0,0
3993,33,2020-04-03,286,22,6,12,0,0
4279,42,2020-04-04,286,23,9,13,0,0
4575,56,2020-04-05,296,24,14,14,0,0
4674,61,2020-04-06,99,25,5,15,0,0
4837,73,2020-04-07,163,26,12,16,0,0
4965,84,2020-04-08,128,27,11,17,0,0
5242,100,2020-04-09,277,28,16,18,0,0
5694,111,2020-04-10,452,29,11,19,0,0
5808,120,2020-04-11,114,30,9,20,0,0
5859,123,2020-04-12,51,31,3,21,0,0
6114,135,2020-04-13,255,32,12,22,0,0
6183,147,2020-04-14,69,33,12,23,0,0
6347,173,2020-04-15,164,34,26,24,0,0
6470,187,2020-04-16,123,35,14,25,0,0
6705,197,2020-04-17,235,36,10,26,0,0
6916,212,2020-04-18,211,37,15,27,0,0
7108,230,2020-04-19,192,38,18,28,0,0
7177,240,2020-04-20,69,39,10,29,0,0
7231,251,2020-04-21,54,40,11,30,0,0
7380,265,2020-04-22,149,41,14,31,0,0
7593,286,2020-04-23,213,42,21,32,0,0
7712,296,2020-04-24,119,43,10,33,0,0
7837,305,2020-04-25,125,44,9,34,0,0
7946,315,2020-04-26,109,45,10,35,0,0
7979,320,2020-04-27,33,46,5,36,0,0
8026,333,2020-04-28,47,47,13,37,0,0
8184,346,2020-04-29,158,48,13,38,0,0
8304,353,2020-04-30,120,49,7,39,0,0
8376,360,2020-05-01,72,50,7,40,0,0
8486,364,2020-05-02,110,51,4,41,0,0
8524,370,2020-05-03,38,52,6,42,0,0
8549,372,2020-05-04,25,53,2,43,0,0
8585,381,2020-05-05,36,54,9,44,0,0
8642,386,2020-05-06,57,55,5,45,0,0
8736,396,2020-05-07,94,56,10,46,0,0
8850,403,2020-05-08,114,57,7,47,0,0
8916,408,2020-05-09,66,58,5,48,0,0
8998,411,2020-05-10,82,59,3,49,0,0
9012,412,2020-05-11,14,60,1,50,0,0
9031,415,2020-05-12,19,61,3,51,0,0
9087,419,2020-05-13,56,62,4,52,0,0
9169,423,2020-05-14,82,63,4,53,0,0
9204,429,2020-05-15,35,64,6,54,0,0
9261,432,2020-05-16,57,65,3,55,0,0
9317,435,2020-05-17,56,66,3,56,0,0
9337,439,2020-05-18,20,67,4,57,0,0
9368,442,2020-05-19,31,68,3,58,0,0
9483,446,2020-05-20,115,69,4,59,0,0
9574,451,2020-05-21,91,70,5,60,0,0
9656,457,2020-05-22,82,71,6,61,0,0
9670,458,2020-05-23,14,72,1,62,0,0
9762,460,2020-05-24,92,73,2,63,0,0
9770,460,2020-05-25,8,74,0,64,0,0
9804,462,2020-05-26,34,75,2,65,0,0
9860,466,2020-05-27,56,76,4,66,0,0
9915,471,2020-05-28,55,77,5,67,0,0
9962,476,2020-05-29,47,78,5,68,0,0
10003,476,2020-05-30,41,79,0,69,0,0
10033,477,2020-05-31,30,80,1,70,0,0
10047,480,2020-06-01,14,81,3,71,0,0
10060,480,2020-06-02,13,82,0,72,0,0
10080,480,2020-06-03,20,83,0,73,0,0
10129,482,2020-06-04,49,84,2,74,0,0
10163,482,2020-06-05,34,85,0,75,0,0
10171,483,2020-06-06,8,86,1,76,0,0
10203,484,2020-06-07,32,87,1,77,0,0
10207,484,2020-06-08,4,88,0,78,0,0
10237,484,2020-06-09,30,89,0,79,0,0
10256,485,2020-06-10,19,90,1,80,0,0
10296,489,2020-06-11,40,91,4,81,0,0
10313,489,2020-06-12,17,92,0,82,0,0
10321,491,2020-06-13,8,93,2,83,0,0
10324,491,2020-06-14,3,94,0,84,0,0
10324,491,2020-06-15,0,95,0,85,0,0
10371,495,2020-06-16,47,96,4,86,0,0
10386,496,2020-06-17,15,97,1,87,0,0
10440,498,2020-06-18,54,98,2,88,0,0
10503,499,2020-06-19,63,99,1,89,0,0
10556,500,2020-06-20,53,100,1,90,0,0
10575,500,2020-06-21,19,101,0,91,0,0
10578,501,2020-06-22,3,102,1,92,0,0
10613,501,2020-06-23,35,103,0,93,0,0
10645,503,2020-06-24,32,104,2,94,0,0
10666,505,2020-06-25,21,105,2,95,0,0
10707,505,2020-06-26,41,106,0,96,0,0
10731,506,2020-06-27,24,107,1,97,0,0
10761,506,2020-06-28,30,108,0,98,0,0
10762,506,2020-06-29,1,109,0,99,0,0
10795,508,2020-06-30,33,110,2,100,0,0
10811,507,2020-07-01,16,111,-1,101,0,0
10869,507,2020-07-02,58,112,0,102,0,0
10894,509,2020-07-03,25,113,2,103,0,0
10918,511,2020-07-04,24,114,2,104,0,0
10939,512,2020-07-05,21,115,1,105,0,0
10955,512,2020-07-06,16,116,0,106,0,0
10985,512,2020-07-07,30,117,0,107,0,0
11012,512,2020-07-08,27,118,0,108,0,0
11062,514,2020-07-09,50,119,2,109,0,0
11104,514,2020-07-10,42,120,0,110,0,0
11122,514,2020-07-11,18,121,0,111,0,0
11162,514,2020-07-12,40,122,0,112,0,0
11169,514,2020-07-13,7,123,0,113,0,0
11206,514,2020-07-14,37,124,0,114,0,0
11217,514,2020-07-15,11,125,0,115,0,0
11283,514,2020-07-16,66,126,0,116,0,0
11324,514,2020-07-17,41,127,0,117,0,0
11371,514,2020-07-18,47,128,0,118,0,0
11386,514,2020-07-19,15,129,0,119,0,0
11409,514,2020-07-20,23,130,0,120,0,0
11430,515,2020-07-21,21,131,1,121,0,0
11458,515,2020-07-22,28,132,0,122,0,0
11534,516,2020-07-23,76,133,1,123,0,0
11591,517,2020-07-24,57,134,1,124,0,0
11649,518,2020-07-25,58,135,1,125,0,0
11680,518,2020-07-26,31,136,0,126,0,0
11685,518,2020-07-27,5,137,0,127,0,0
11743,518,2020-07-28,58,138,0,128,0,0
11806,518,2020-07-29,63,139,0,129,0,0
11806,518,2020-07-30,0,140,0,130,0,0
11965,520,2020-07-31,159,141,2,131,0,0
12029,520,2020-08-01,64,142,0,132,0,0
12117,520,2020-08-02,88,143,0,133,0,0
12142,520,2020-08-03,25,144,0,134,0,0
12199,521,2020-08-04,57,145,1,135,0,0
12254,523,2020-08-05,55,146,2,136,0,0
12310,523,2020-08-06,56,147,0,137,0,0
