Confirmed,Recovered,Deaths,Date_last_updated_AEDT,date_day,New,DayElapsed,New_death,DayElapsed_death,New_recover
16349,12191,103,2020-08-06 22:00:00,2020-08-06,56,132,0,123,236
16293,11955,103,2020-08-05 22:00:00,2020-08-05,73,131,1,122,68
16220,11887,102,2020-08-04 22:00:00,2020-08-04,38,130,0,121,86
16182,11801,102,2020-08-03 22:00:00,2020-08-03,73,129,0,120,51
16109,11750,102,2020-08-02 22:00:00,2020-08-02,62,128,0,119,322
16047,11428,102,2020-08-01 22:00:00,2020-08-01,69,127,2,118,268
15978,11160,100,2020-07-31 22:00:00,2020-07-31,165,126,1,117,367
15813,10793,99,2020-07-30 22:00:00,2020-07-30,100,125,1,116,256
15713,10537,98,2020-07-29 22:00:00,2020-07-29,58,124,2,115,176
15655,10361,96,2020-07-28 22:00:00,2020-07-28,59,123,0,114,183
15596,10178,96,2020-07-27 22:00:00,2020-07-27,102,122,2,113,298
15494,9880,94,2020-07-26 22:00:00,2020-07-26,241,121,0,112,381
15253,9499,94,2020-07-25 22:00:00,2020-07-25,252,120,1,111,217
15001,9282,93,2020-07-24 22:00:00,2020-07-24,268,119,0,110,287
14733,8995,93,2020-07-23 22:00:00,2020-07-23,202,118,0,109,138
14531,8857,93,2020-07-22 22:00:00,2020-07-22,219,117,1,108,198
14312,8659,92,2020-07-21 22:00:00,2020-07-21,193,116,0,107,293
14119,8366,92,2020-07-20 22:00:00,2020-07-20,207,115,1,106,366
13912,8000,91,2020-07-19 22:00:00,2020-07-19,216,114,4,105,393
13696,7607,87,2020-07-18 22:00:00,2020-07-18,142,113,0,104,244
13554,7363,87,2020-07-17 22:00:00,2020-07-17,151,112,0,103,217
13403,7146,87,2020-07-16 22:00:00,2020-07-16,366,111,0,102,238
13037,6908,87,2020-07-15 22:00:00,2020-07-15,165,110,3,101,98
12872,6810,84,2020-07-14 22:00:00,2020-07-14,106,109,0,100,156
12766,6654,84,2020-07-13 22:00:00,2020-07-13,323,108,2,99,297
12443,6357,82,2020-07-12 22:00:00,2020-07-12,391,107,1,98,277
12052,6080,81,2020-07-11 22:00:00,2020-07-11,302,106,2,97,328
11750,5752,79,2020-07-10 22:00:00,2020-07-10,246,105,1,96,181
11504,5571,78,2020-07-09 22:00:00,2020-07-09,310,104,2,95,84
11194,5487,76,2020-07-08 22:00:00,2020-07-08,228,103,1,94,103
10966,5384,75,2020-07-07 22:00:00,2020-07-07,194,102,1,93,317
10772,5067,74,2020-07-06 22:00:00,2020-07-06,310,101,2,92,260
10462,4807,72,2020-07-05 22:00:00,2020-07-05,218,100,2,91,81
10244,4726,70,2020-07-04 22:00:00,2020-07-04,252,99,2,90,66
9992,4660,68,2020-07-03 22:00:00,2020-07-03,290,98,0,89,279
9702,4381,68,2020-07-02 22:00:00,2020-07-02,203,97,0,88,108
9499,4273,68,2020-07-01 22:00:00,2020-07-01,285,96,2,87,277
9214,3996,66,2020-06-30 22:00:00,2020-06-30,113,95,0,86,188
9101,3808,66,2020-06-29 22:00:00,2020-06-29,157,94,0,85,86
8944,3722,66,2020-06-28 22:00:00,2020-06-28,205,93,2,84,135
8739,3587,64,2020-06-27 22:00:00,2020-06-27,405,92,4,83,100
8334,3487,60,2020-06-26 22:00:00,2020-06-26,170,91,2,82,68
8164,3419,58,2020-06-25 22:00:00,2020-06-25,260,90,0,81,237
7904,3182,58,2020-06-24 22:00:00,2020-06-24,227,89,2,80,-311
7677,3493,56,2020-06-23 22:00:00,2020-06-23,185,88,2,79,425
7492,3068,54,2020-06-22 22:00:00,2020-06-22,216,87,2,78,76
7276,2992,52,2020-06-21 22:00:00,2020-06-21,402,86,3,77,50
6874,2942,49,2020-06-20 22:00:00,2020-06-20,430,85,0,76,79
6444,2863,49,2020-06-19 22:00:00,2020-06-19,381,84,1,75,114
6063,2749,48,2020-06-18 22:00:00,2020-06-18,384,83,2,74,112
5679,2637,46,2020-06-17 22:00:00,2020-06-17,240,82,0,73,47
5439,2590,46,2020-06-16 22:00:00,2020-06-16,355,81,1,72,85
5084,2505,45,2020-06-15 22:00:00,2020-06-15,236,80,0,71,108
4848,2397,45,2020-06-14 22:00:00,2020-06-14,164,79,0,70,134
4684,2263,45,2020-06-13 22:00:00,2020-06-13,280,78,4,69,51
4404,2212,41,2020-06-12 22:00:00,2020-06-12,223,77,0,68,38
4181,2174,41,2020-06-11 22:00:00,2020-06-11,186,76,3,67,129
3995,2045,38,2020-06-10 22:00:00,2020-06-10,114,75,0,66,176
3881,1869,38,2020-06-09 22:00:00,2020-06-09,142,74,2,65,51
3739,1818,36,2020-06-08 22:00:00,2020-06-08,182,73,0,64,68
3557,1750,36,2020-06-07 22:00:00,2020-06-07,126,72,0,63,146
3431,1604,36,2020-06-06 22:00:00,2020-06-06,169,71,1,62,20
3262,1584,35,2020-06-05 22:00:00,2020-06-05,152,70,0,61,54
3110,1530,35,2020-06-04 22:00:00,2020-06-04,86,69,2,60,29
3024,1501,33,2020-06-03 22:00:00,2020-06-03,73,68,0,59,34
2951,1467,33,2020-06-02 22:00:00,2020-06-02,118,67,0,58,32
2833,1435,33,2020-06-01 22:00:00,2020-06-01,34,66,0,57,50
2799,1385,33,2020-05-31 22:00:00,2020-05-31,49,65,1,56,15
2750,1370,32,2020-05-30 22:00:00,2020-05-30,109,64,0,55,44
2641,1326,32,2020-05-29 22:00:00,2020-05-29,85,63,1,54,24
2556,1302,31,2020-05-28 22:00:00,2020-05-28,79,62,1,53,16
2477,1286,30,2020-05-27 22:00:00,2020-05-27,54,61,0,52,29
2423,1257,30,2020-05-26 22:00:00,2020-05-26,47,60,0,51,38
2376,1219,30,2020-05-25 22:00:00,2020-05-25,10,59,0,50,31
2366,1188,30,2020-05-24 22:00:00,2020-05-24,25,58,1,49,42
2341,1146,29,2020-05-23 22:00:00,2020-05-23,40,57,0,48,46
2301,1100,29,2020-05-22 22:00:00,2020-05-22,70,56,0,47,17
2231,1083,29,2020-05-21 22:00:00,2020-05-21,78,55,1,46,33
2153,1050,28,2020-05-20 22:00:00,2020-05-20,34,54,0,45,10
2119,1040,28,2020-05-19 22:00:00,2020-05-19,10,53,1,44,36
2109,1004,27,2020-05-18 22:00:00,2020-05-18,48,52,2,43,17
2061,987,25,2020-05-17 22:00:00,2020-05-17,44,51,1,42,45
2017,942,24,2020-05-16 22:00:00,2020-05-16,46,50,0,41,12
1971,930,24,2020-05-15 22:00:00,2020-05-15,59,49,0,40,28
1912,902,24,2020-05-14 22:00:00,2020-05-14,55,48,3,39,82
1857,820,21,2020-05-13 22:00:00,2020-05-13,127,47,0,38,2
1730,818,21,2020-05-12 22:00:00,2020-05-12,30,46,0,37,24
1700,794,21,2020-05-11 22:00:00,2020-05-11,33,45,0,36,25
1667,769,21,2020-05-10 22:00:00,2020-05-10,65,44,1,35,15
1602,754,20,2020-05-09 22:00:00,2020-05-09,31,43,0,34,12
1571,742,20,2020-05-08 22:00:00,2020-05-08,55,42,2,33,21
1516,721,18,2020-05-07 22:00:00,2020-05-07,52,41,0,32,20
1464,701,18,2020-05-06 22:00:00,2020-05-06,32,40,1,31,8
1432,693,17,2020-05-05 22:00:00,2020-05-05,34,39,0,30,40
1398,653,17,2020-05-04 22:00:00,2020-05-04,36,38,2,29,31
1362,622,15,2020-05-03 22:00:00,2020-05-03,29,37,0,28,25
1333,597,15,2020-05-02 22:00:00,2020-05-02,58,36,1,27,23
1275,574,14,2020-05-01 22:00:00,2020-05-01,37,35,0,26,17
1238,557,14,2020-04-30 22:00:00,2020-04-30,55,34,0,25,32
1183,525,14,2020-04-29 22:00:00,2020-04-29,19,33,0,24,26
1164,499,14,2020-04-28 22:00:00,2020-04-28,14,32,0,23,31
1150,468,14,2020-04-27 22:00:00,2020-04-27,39,31,0,22,19
1111,449,14,2020-04-26 22:00:00,2020-04-26,34,30,0,21,30
1077,419,14,2020-04-25 22:00:00,2020-04-25,73,29,0,20,60
1004,359,14,2020-04-24 22:00:00,2020-04-24,52,28,0,19,49
952,310,14,2020-04-23 22:00:00,2020-04-23,36,27,1,18,7
916,303,13,2020-04-22 22:00:00,2020-04-22,37,26,3,17,16
879,287,10,2020-04-21 22:00:00,2020-04-21,32,25,1,16,27
847,260,9,2020-04-20 22:00:00,2020-04-20,46,24,1,15,21
801,239,8,2020-04-19 22:00:00,2020-04-19,59,23,2,14,19
742,220,6,2020-04-18 22:00:00,2020-04-18,54,22,0,13,27
688,193,6,2020-04-17 22:00:00,2020-04-17,34,21,0,12,47
654,146,6,2020-04-16 22:00:00,2020-04-16,16,20,0,11,32
638,114,6,2020-04-15 22:00:00,2020-04-15,12,19,0,10,25
626,89,6,2020-04-14 22:00:00,2020-04-14,52,18,1,9,4
574,85,5,2020-04-13 22:00:00,2020-04-13,41,17,1,8,27
533,58,4,2020-04-12 22:00:00,2020-04-12,53,16,1,7,4
480,54,3,2020-04-11 22:00:00,2020-04-11,36,15,0,6,2
444,52,3,2020-04-10 22:00:00,2020-04-10,60,14,0,5,4
384,48,3,2020-04-09 22:00:00,2020-04-09,35,13,0,4,7
349,41,3,2020-04-08 22:00:00,2020-04-08,26,12,0,3,0
323,41,3,2020-04-07 22:00:00,2020-04-07,62,11,0,2,4
261,37,3,2020-04-06 22:00:00,2020-04-06,16,10,2,1,12
245,25,1,2020-04-05 22:00:00,2020-04-05,27,9,0,0,6
218,19,1,2020-04-04 21:00:00,2020-04-04,24,8,0,0,4
194,15,1,2020-04-03 21:00:00,2020-04-03,4,7,0,0,6
190,9,1,2020-04-02 21:00:00,2020-04-02,11,6,0,0,2
179,7,1,2020-04-01 21:00:00,2020-04-01,11,5,0,0,1
168,6,1,2020-03-31 21:00:00,2020-03-31,3,4,0,0,2
165,4,1,2020-03-30 21:00:00,2020-03-30,25,3,1,0,1
140,3,0,2020-03-29 21:00:00,2020-03-29,39,2,0,0,0
101,3,0,2020-03-28 21:00:00,2020-03-28,5,1,0,0,0
96,3,0,2020-03-27 21:10:00,2020-03-27,16,0,0,0,0
80,3,0,2020-03-26 22:20:00,2020-03-26,7,0,0,0,1
73,2,0,2020-03-25 23:20:00,2020-03-25,48,0,0,0,0
25,2,0,2020-03-24 21:20:00,2020-03-24,0,0,0,0,0
25,2,0,2020-03-23 21:40:00,2020-03-23,11,0,0,0,1
14,1,0,2020-03-22 21:00:00,2020-03-22,0,0,0,0,0
14,1,0,2020-03-21 21:00:00,2020-03-21,5,0,0,0,0
9,1,0,2020-03-20 21:20:00,2020-03-20,0,0,0,0,0
9,1,0,2020-03-19 21:30:00,2020-03-19,3,0,0,0,0
6,1,0,2020-03-18 22:00:00,2020-03-18,2,0,0,0,1
4,0,0,2020-03-17 21:00:00,2020-03-17,0,0,0,0,0
4,0,0,2020-03-16 21:00:00,2020-03-16,0,0,0,0,0
4,0,0,2020-03-15 21:00:00,2020-03-15,3,0,0,0,0
1,0,0,2020-03-14 21:00:00,2020-03-14,0,0,0,0,0
1,0,0,2020-03-13 21:00:00,2020-03-13,0,0,0,0,0
1,0,0,2020-03-12 21:00:00,2020-03-12,1,0,0,0,0
0,0,0,2020-03-11 21:00:00,2020-03-11,0,0,0,0,0
0,0,0,2020-03-10 21:00:00,2020-03-10,0,0,0,0,0
0,0,0,2020-03-09 21:00:00,2020-03-09,0,0,0,0,0
0,0,0,2020-03-08 21:00:00,2020-03-08,0,0,0,0,0
0,0,0,2020-03-07 21:00:00,2020-03-07,0,0,0,0,0
0,0,0,2020-03-06 21:00:00,2020-03-06,0,0,0,0,0
0,0,0,2020-03-05 21:00:00,2020-03-05,0,0,0,0,0
0,0,0,2020-03-04 21:00:00,2020-03-04,0,0,0,0,0
0,0,0,2020-03-03 21:00:00,2020-03-03,0,0,0,0,0
0,0,0,2020-03-02 21:00:00,2020-03-02,0,0,0,0,0
0,0,0,2020-03-01 21:00:00,2020-03-01,0,0,0,0,0
0,0,0,2020-02-29 21:00:00,2020-02-29,0,0,0,0,0
0,0,0,2020-02-28 21:00:00,2020-02-28,0,0,0,0,0
0,0,0,2020-02-27 21:00:00,2020-02-27,0,0,0,0,0
0,0,0,2020-02-26 21:00:00,2020-02-26,0,0,0,0,0
0,0,0,2020-02-25 21:00:00,2020-02-25,0,0,0,0,0
0,0,0,2020-02-24 21:00:00,2020-02-24,0,0,0,0,0
0,0,0,2020-02-23 21:00:00,2020-02-23,0,0,0,0,0
0,0,0,2020-02-22 21:00:00,2020-02-22,0,0,0,0,0
0,0,0,2020-02-21 21:00:00,2020-02-21,0,0,0,0,0
0,0,0,2020-02-20 21:00:00,2020-02-20,0,0,0,0,0
0,0,0,2020-02-19 21:00:00,2020-02-19,0,0,0,0,0
0,0,0,2020-02-18 21:00:00,2020-02-18,0,0,0,0,0
0,0,0,2020-02-17 21:00:00,2020-02-17,0,0,0,0,0
0,0,0,2020-02-16 21:00:00,2020-02-16,0,0,0,0,0
0,0,0,2020-02-15 21:00:00,2020-02-15,0,0,0,0,0
0,0,0,2020-02-14 21:00:00,2020-02-14,0,0,0,0,0
0,0,0,2020-02-13 21:00:00,2020-02-13,0,0,0,0,0
0,0,0,2020-02-12 21:00:00,2020-02-12,0,0,0,0,0
0,0,0,2020-02-11 20:30:00,2020-02-11,0,0,0,0,0
0,0,0,2020-02-10 21:00:00,2020-02-10,0,0,0,0,0
0,0,0,2020-02-09 21:00:00,2020-02-09,0,0,0,0,0
0,0,0,2020-02-08 21:00:00,2020-02-08,0,0,0,0,0
0,0,0,2020-02-07 21:00:00,2020-02-07,0,0,0,0,0
0,0,0,2020-02-06 21:00:00,2020-02-06,0,0,0,0,0
0,0,0,2020-02-05 21:00:00,2020-02-05,0,0,0,0,0
0,0,0,2020-02-04 20:00:00,2020-02-04,0,0,0,0,0
0,0,0,2020-02-03 20:00:00,2020-02-03,0,0,0,0,0
0,0,0,2020-02-02 20:00:00,2020-02-02,0,0,0,0,0
0,0,0,2020-02-01 10:00:00,2020-02-01,0,0,0,0,0
0,0,0,2020-01-31 12:30:00,2020-01-31,0,0,0,0,0
0,0,0,2020-01-30 12:00:00,2020-01-30,0,0,0,0,0
0,0,0,2020-01-29 14:00:00,2020-01-29,0,0,0,0,0
0,0,0,2020-01-28 11:30:00,2020-01-28,0,0,0,0,0
0,0,0,2020-01-27 14:00:00,2020-01-27,0,0,0,0,0
0,0,0,2020-01-26 13:00:00,2020-01-26,0,0,0,0,0
0,0,0,2020-01-25 15:00:00,2020-01-25,0,0,0,0,0
0,0,0,2020-01-24 15:00:00,2020-01-24,0,0,0,0,0
0,0,0,2020-01-23 15:00:00,2020-01-23,0,0,0,0,0
0,0,0,2020-01-22 15:00:00,2020-01-22,0,0,0,0,0
0,0,0,2020-01-21 15:00:00,2020-01-21,0,0,0,0,0
