Confirmed,Recovered,Deaths,Date_last_updated_AEDT,date_day,New,DayElapsed,New_death,DayElapsed_death,New_recover
23873,9930,391,2020-08-06 22:00:00,2020-08-06,671,126,3,126,603
23202,9327,388,2020-08-05 22:00:00,2020-08-05,605,125,6,125,587
22597,8740,382,2020-08-04 22:00:00,2020-08-04,544,124,13,124,263
22053,8477,369,2020-08-03 22:00:00,2020-08-03,690,123,5,123,58
21363,8419,364,2020-08-02 22:00:00,2020-08-02,727,122,23,122,254
20636,8165,341,2020-08-01 22:00:00,2020-08-01,723,121,16,121,44
19913,8121,325,2020-07-31 22:00:00,2020-07-31,788,120,14,120,100
19125,8021,311,2020-07-30 22:00:00,2020-07-30,544,119,12,119,113
18581,7908,299,2020-07-29 22:00:00,2020-07-29,606,118,14,118,75
17975,7833,285,2020-07-28 22:00:00,2020-07-28,372,117,5,117,90
17603,7743,280,2020-07-27 22:00:00,2020-07-27,960,116,2,116,169
16643,7574,278,2020-07-26 22:00:00,2020-07-26,375,115,4,115,128
16268,7446,274,2020-07-25 22:00:00,2020-07-25,667,114,11,114,311
15601,7135,263,2020-07-24 22:00:00,2020-07-24,796,113,3,113,378
14805,6757,260,2020-07-23 22:00:00,2020-07-23,637,112,10,112,499
14168,6258,250,2020-07-22 22:00:00,2020-07-22,397,111,12,111,642
13771,5616,238,2020-07-21 22:00:00,2020-07-21,418,110,4,110,494
13353,5122,234,2020-07-20 22:00:00,2020-07-20,603,109,9,109,682
12750,4440,225,2020-07-19 22:00:00,2020-07-19,688,108,3,108,457
12062,3983,222,2020-07-18 22:00:00,2020-07-18,389,107,5,107,345
11673,3638,217,2020-07-17 22:00:00,2020-07-17,421,106,8,106,570
11252,3068,209,2020-07-16 22:00:00,2020-07-16,461,105,7,105,51
10791,3017,202,2020-07-15 22:00:00,2020-07-15,497,104,5,104,71
10294,2946,197,2020-07-14 22:00:00,2020-07-14,189,103,12,103,65
10105,2881,185,2020-07-13 22:00:00,2020-07-13,379,102,1,102,49
9726,2832,184,2020-07-12 22:00:00,2020-07-12,278,101,3,101,99
9448,2733,181,2020-07-11 22:00:00,2020-07-11,473,100,8,100,76
8975,2657,173,2020-07-10 22:00:00,2020-07-10,447,99,4,99,64
8528,2593,169,2020-07-09 22:00:00,2020-07-09,0,98,0,98,0
8528,2593,169,2020-07-08 22:00:00,2020-07-08,461,97,5,97,179
8067,2414,164,2020-07-07 22:00:00,2020-07-07,181,96,4,96,127
7886,2287,160,2020-07-06 22:00:00,2020-07-06,309,95,1,95,51
7577,2236,159,2020-07-05 22:00:00,2020-07-05,389,94,5,94,88
7188,2148,154,2020-07-04 22:00:00,2020-07-04,247,93,2,93,39
6941,2109,152,2020-07-03 22:00:00,2020-07-03,268,92,3,92,20
6673,2089,149,2020-07-02 22:00:00,2020-07-02,307,91,1,91,50
6366,2039,148,2020-07-01 22:00:00,2020-07-01,176,90,4,90,26
6190,2013,144,2020-06-30 22:00:00,2020-06-30,120,89,1,89,42
6070,1971,143,2020-06-29 22:00:00,2020-06-29,259,88,2,88,35
5811,1936,141,2020-06-28 22:00:00,2020-06-28,278,87,4,87,31
5533,1905,137,2020-06-27 22:00:00,2020-06-27,149,86,5,86,48
5384,1857,132,2020-06-26 22:00:00,2020-06-26,178,85,2,85,34
5206,1823,130,2020-06-25 22:00:00,2020-06-25,254,84,2,84,41
4952,1782,128,2020-06-24 22:00:00,2020-06-24,155,83,3,83,102
4797,1680,125,2020-06-23 22:00:00,2020-06-23,59,82,2,82,73
4738,1607,123,2020-06-22 22:00:00,2020-06-22,260,81,2,81,21
4478,1586,121,2020-06-21 22:00:00,2020-06-21,104,80,2,80,36
4374,1550,119,2020-06-20 22:00:00,2020-06-20,117,79,2,79,91
4257,1459,117,2020-06-19 22:00:00,2020-06-19,213,78,10,78,106
4044,1353,107,2020-06-18 22:00:00,2020-06-18,184,77,2,77,25
3860,1328,105,2020-06-17 22:00:00,2020-06-17,133,76,1,76,42
3727,1286,104,2020-06-16 22:00:00,2020-06-16,133,75,1,75,33
3594,1253,103,2020-06-15 22:00:00,2020-06-15,137,74,3,74,32
3457,1221,100,2020-06-14 22:00:00,2020-06-14,152,73,4,73,57
3305,1164,96,2020-06-13 22:00:00,2020-06-13,90,72,4,72,72
3215,1092,92,2020-06-12 22:00:00,2020-06-12,121,71,3,71,44
3094,1048,89,2020-06-11 22:00:00,2020-06-11,105,70,1,70,175
2989,873,88,2020-06-10 22:00:00,2020-06-10,127,69,3,69,24
2862,849,85,2020-06-09 22:00:00,2020-06-09,95,68,1,68,97
2767,752,84,2020-06-08 22:00:00,2020-06-08,167,67,1,67,46
2600,706,83,2020-06-07 22:00:00,2020-06-07,126,66,4,66,63
2474,643,79,2020-06-06 22:00:00,2020-06-06,134,65,1,65,51
2340,592,78,2020-06-05 22:00:00,2020-06-05,124,64,4,64,39
2216,553,74,2020-06-04 22:00:00,2020-06-04,123,63,3,63,54
2093,499,71,2020-06-03 22:00:00,2020-06-03,72,62,2,62,17
2021,482,69,2020-06-02 22:00:00,2020-06-02,59,61,5,61,4
1962,478,64,2020-06-01 22:00:00,2020-06-01,74,60,1,60,14
1888,464,63,2020-05-31 22:00:00,2020-05-31,143,59,1,59,26
1745,438,62,2020-05-30 22:00:00,2020-05-30,127,58,4,58,17
1618,421,58,2020-05-29 22:00:00,2020-05-29,147,57,3,57,13
1471,408,55,2020-05-28 22:00:00,2020-05-28,123,56,3,56,3
1348,405,52,2020-05-27 22:00:00,2020-05-27,62,55,0,55,3
1286,402,52,2020-05-26 22:00:00,2020-05-26,72,54,1,54,19
1214,383,51,2020-05-25 22:00:00,2020-05-25,22,53,1,53,3
1192,380,50,2020-05-24 22:00:00,2020-05-24,0,52,0,52,0
1192,380,50,2020-05-23 22:00:00,2020-05-23,83,51,0,51,5
1109,375,50,2020-05-22 22:00:00,2020-05-22,80,50,0,50,9
1029,366,50,2020-05-21 22:00:00,2020-05-21,66,49,0,49,8
963,358,50,2020-05-20 22:00:00,2020-05-20,51,48,0,48,22
912,336,50,2020-05-19 22:00:00,2020-05-19,25,47,0,47,23
887,313,50,2020-05-18 22:00:00,2020-05-18,57,46,0,46,12
830,301,50,2020-05-17 22:00:00,2020-05-17,49,45,5,45,17
781,284,45,2020-05-16 22:00:00,2020-05-16,23,44,3,44,0
758,284,42,2020-05-15 22:00:00,2020-05-15,21,43,2,43,3
737,281,40,2020-05-14 22:00:00,2020-05-14,22,42,4,42,22
715,259,36,2020-05-13 22:00:00,2020-05-13,15,41,3,41,8
700,251,33,2020-05-12 22:00:00,2020-05-12,28,40,1,40,12
672,239,32,2020-05-11 22:00:00,2020-05-11,23,39,2,39,32
649,207,30,2020-05-10 22:00:00,2020-05-10,28,38,1,38,5
621,202,29,2020-05-09 22:00:00,2020-05-09,14,37,0,37,5
607,197,29,2020-05-08 22:00:00,2020-05-08,25,36,3,36,7
582,190,26,2020-05-07 22:00:00,2020-05-07,47,35,2,35,8
535,182,24,2020-05-06 22:00:00,2020-05-06,45,34,0,34,9
490,173,24,2020-05-05 22:00:00,2020-05-05,25,33,0,33,6
465,167,24,2020-05-04 22:00:00,2020-05-04,30,32,2,32,15
435,152,22,2020-05-03 22:00:00,2020-05-03,24,31,1,31,2
411,150,21,2020-05-02 22:00:00,2020-05-02,15,30,4,30,6
396,144,17,2020-05-01 22:00:00,2020-05-01,12,29,2,29,15
384,129,15,2020-04-30 22:00:00,2020-04-30,10,28,1,28,5
374,124,14,2020-04-29 22:00:00,2020-04-29,11,27,0,27,10
363,114,14,2020-04-28 22:00:00,2020-04-28,0,26,0,26,0
363,114,14,2020-04-27 22:00:00,2020-04-27,20,25,0,25,16
343,98,14,2020-04-26 22:00:00,2020-04-26,7,24,0,24,4
336,94,14,2020-04-25 22:00:00,2020-04-25,16,23,0,23,5
320,89,14,2020-04-24 22:00:00,2020-04-24,17,22,0,22,6
303,83,14,2020-04-23 22:00:00,2020-04-23,7,21,0,21,9
296,74,14,2020-04-22 22:00:00,2020-04-22,15,20,0,20,5
281,69,14,2020-04-21 22:00:00,2020-04-21,11,19,0,19,2
270,67,14,2020-04-20 22:00:00,2020-04-20,8,18,2,18,7
262,60,12,2020-04-19 22:00:00,2020-04-19,16,17,1,17,7
246,53,11,2020-04-18 22:00:00,2020-04-18,0,16,0,16,0
246,53,11,2020-04-17 22:00:00,2020-04-17,21,15,1,15,0
225,53,10,2020-04-16 22:00:00,2020-04-16,9,14,1,14,12
216,41,9,2020-04-15 22:00:00,2020-04-15,8,13,0,13,1
208,40,9,2020-04-14 22:00:00,2020-04-14,11,12,1,12,15
197,25,8,2020-04-13 22:00:00,2020-04-13,6,11,1,11,1
191,24,7,2020-04-12 22:00:00,2020-04-12,2,10,0,10,2
189,22,7,2020-04-11 22:00:00,2020-04-11,5,9,0,9,10
184,12,7,2020-04-10 22:00:00,2020-04-10,5,8,1,8,3
179,9,6,2020-04-09 22:00:00,2020-04-09,7,7,0,7,2
172,7,6,2020-04-08 22:00:00,2020-04-08,14,6,0,6,3
158,4,6,2020-04-07 22:00:00,2020-04-07,16,5,2,5,0
142,4,4,2020-04-06 22:00:00,2020-04-06,16,4,0,4,0
126,4,4,2020-04-05 22:00:00,2020-04-05,4,3,0,3,0
122,4,4,2020-04-04 21:00:00,2020-04-04,12,2,1,2,0
110,4,3,2020-04-03 21:00:00,2020-04-03,29,1,2,1,1
81,3,1,2020-04-02 21:00:00,2020-04-02,22,0,0,0,0
59,3,1,2020-04-01 21:00:00,2020-04-01,9,0,0,0,2
50,1,1,2020-03-31 21:00:00,2020-03-31,8,0,0,0,0
42,1,1,2020-03-30 21:00:00,2020-03-30,4,0,0,0,0
38,1,1,2020-03-29 21:00:00,2020-03-29,7,0,0,0,0
31,1,1,2020-03-28 21:00:00,2020-03-28,0,0,0,0,0
31,1,1,2020-03-27 21:10:00,2020-03-27,3,0,1,0,0
28,1,0,2020-03-26 22:20:00,2020-03-26,3,0,0,0,1
25,0,0,2020-03-25 23:20:00,2020-03-25,9,0,0,0,0
16,0,0,2020-03-24 21:20:00,2020-03-24,1,0,0,0,0
15,0,0,2020-03-23 21:40:00,2020-03-23,8,0,0,0,0
7,0,0,2020-03-22 21:00:00,2020-03-22,0,0,0,0,0
7,0,0,2020-03-21 21:00:00,2020-03-21,0,0,0,0,0
7,0,0,2020-03-20 21:20:00,2020-03-20,0,0,0,0,0
7,0,0,2020-03-19 21:30:00,2020-03-19,0,0,0,0,0
7,0,0,2020-03-18 22:00:00,2020-03-18,4,0,0,0,0
3,0,0,2020-03-17 21:00:00,2020-03-17,0,0,0,0,0
3,0,0,2020-03-16 21:00:00,2020-03-16,2,0,0,0,0
1,0,0,2020-03-15 21:00:00,2020-03-15,0,0,0,0,0
1,0,0,2020-03-14 21:00:00,2020-03-14,1,0,0,0,0
0,0,0,2020-03-13 21:00:00,2020-03-13,0,0,0,0,0
0,0,0,2020-03-12 21:00:00,2020-03-12,0,0,0,0,0
0,0,0,2020-03-11 21:00:00,2020-03-11,0,0,0,0,0
0,0,0,2020-03-10 21:00:00,2020-03-10,0,0,0,0,0
0,0,0,2020-03-09 21:00:00,2020-03-09,0,0,0,0,0
0,0,0,2020-03-08 21:00:00,2020-03-08,0,0,0,0,0
0,0,0,2020-03-07 21:00:00,2020-03-07,0,0,0,0,0
0,0,0,2020-03-06 21:00:00,2020-03-06,0,0,0,0,0
0,0,0,2020-03-05 21:00:00,2020-03-05,0,0,0,0,0
0,0,0,2020-03-04 21:00:00,2020-03-04,0,0,0,0,0
0,0,0,2020-03-03 21:00:00,2020-03-03,0,0,0,0,0
0,0,0,2020-03-02 21:00:00,2020-03-02,0,0,0,0,0
0,0,0,2020-03-01 21:00:00,2020-03-01,0,0,0,0,0
0,0,0,2020-02-29 21:00:00,2020-02-29,0,0,0,0,0
0,0,0,2020-02-28 21:00:00,2020-02-28,0,0,0,0,0
0,0,0,2020-02-27 21:00:00,2020-02-27,0,0,0,0,0
0,0,0,2020-02-26 21:00:00,2020-02-26,0,0,0,0,0
0,0,0,2020-02-25 21:00:00,2020-02-25,0,0,0,0,0
0,0,0,2020-02-24 21:00:00,2020-02-24,0,0,0,0,0
0,0,0,2020-02-23 21:00:00,2020-02-23,0,0,0,0,0
0,0,0,2020-02-22 21:00:00,2020-02-22,0,0,0,0,0
0,0,0,2020-02-21 21:00:00,2020-02-21,0,0,0,0,0
0,0,0,2020-02-20 21:00:00,2020-02-20,0,0,0,0,0
0,0,0,2020-02-19 21:00:00,2020-02-19,0,0,0,0,0
0,0,0,2020-02-18 21:00:00,2020-02-18,0,0,0,0,0
0,0,0,2020-02-17 21:00:00,2020-02-17,0,0,0,0,0
0,0,0,2020-02-16 21:00:00,2020-02-16,0,0,0,0,0
0,0,0,2020-02-15 21:00:00,2020-02-15,0,0,0,0,0
0,0,0,2020-02-14 21:00:00,2020-02-14,0,0,0,0,0
0,0,0,2020-02-13 21:00:00,2020-02-13,0,0,0,0,0
0,0,0,2020-02-12 21:00:00,2020-02-12,0,0,0,0,0
0,0,0,2020-02-11 20:30:00,2020-02-11,0,0,0,0,0
0,0,0,2020-02-10 21:00:00,2020-02-10,0,0,0,0,0
0,0,0,2020-02-09 21:00:00,2020-02-09,0,0,0,0,0
0,0,0,2020-02-08 21:00:00,2020-02-08,0,0,0,0,0
0,0,0,2020-02-07 21:00:00,2020-02-07,0,0,0,0,0
0,0,0,2020-02-06 21:00:00,2020-02-06,0,0,0,0,0
0,0,0,2020-02-05 21:00:00,2020-02-05,0,0,0,0,0
0,0,0,2020-02-04 20:00:00,2020-02-04,0,0,0,0,0
0,0,0,2020-02-03 20:00:00,2020-02-03,0,0,0,0,0
0,0,0,2020-02-02 20:00:00,2020-02-02,0,0,0,0,0
0,0,0,2020-02-01 10:00:00,2020-02-01,0,0,0,0,0
0,0,0,2020-01-31 12:30:00,2020-01-31,0,0,0,0,0
0,0,0,2020-01-30 12:00:00,2020-01-30,0,0,0,0,0
0,0,0,2020-01-29 14:00:00,2020-01-29,0,0,0,0,0
0,0,0,2020-01-28 11:30:00,2020-01-28,0,0,0,0,0
0,0,0,2020-01-27 14:00:00,2020-01-27,0,0,0,0,0
0,0,0,2020-01-26 13:00:00,2020-01-26,0,0,0,0,0
0,0,0,2020-01-25 15:00:00,2020-01-25,0,0,0,0,0
0,0,0,2020-01-24 15:00:00,2020-01-24,0,0,0,0,0
0,0,0,2020-01-23 15:00:00,2020-01-23,0,0,0,0,0
0,0,0,2020-01-22 15:00:00,2020-01-22,0,0,0,0,0
0,0,0,2020-01-21 15:00:00,2020-01-21,0,0,0,0,0
