Confirmed,Recovered,Deaths,Date_last_updated_AEDT,date_day,New,DayElapsed,New_death,DayElapsed_death,New_recover
4475,640,99,2020-08-06 22:00:00,2020-08-06,251,70,3,98,7
4224,633,96,2020-08-05 22:00:00,2020-08-05,161,69,3,97,8
4063,625,93,2020-08-04 22:00:00,2020-08-04,226,68,10,96,2
3837,623,83,2020-08-03 22:00:00,2020-08-03,146,67,3,95,4
3691,619,80,2020-08-02 22:00:00,2020-08-02,70,66,6,94,1
3621,618,74,2020-08-01 22:00:00,2020-08-01,183,65,1,93,14
3438,604,73,2020-07-31 22:00:00,2020-07-31,216,64,-3,92,8
3222,596,76,2020-07-30 22:00:00,2020-07-30,205,63,9,91,17
3017,579,67,2020-07-29 22:00:00,2020-07-29,190,62,3,90,2
2827,577,64,2020-07-28 22:00:00,2020-07-28,158,61,4,89,24
2669,553,60,2020-07-27 22:00:00,2020-07-27,122,60,2,88,43
2547,510,58,2020-07-26 22:00:00,2020-07-26,123,59,1,87,6
2424,504,57,2020-07-25 22:00:00,2020-07-25,110,58,1,86,3
2314,501,56,2020-07-24 22:00:00,2020-07-24,138,57,3,85,12
2176,489,53,2020-07-23 22:00:00,2020-07-23,88,56,3,84,10
2088,479,50,2020-07-22 22:00:00,2020-07-22,108,55,1,83,38
1980,441,49,2020-07-21 22:00:00,2020-07-21,114,54,1,82,23
1866,418,48,2020-07-20 22:00:00,2020-07-20,75,53,0,81,33
1791,385,48,2020-07-19 22:00:00,2020-07-19,87,52,1,80,5
1704,380,47,2020-07-18 22:00:00,2020-07-18,52,51,1,79,1
1652,379,46,2020-07-17 22:00:00,2020-07-17,63,50,3,78,6
1589,373,43,2020-07-16 22:00:00,2020-07-16,26,49,1,77,3
1563,370,42,2020-07-15 22:00:00,2020-07-15,51,48,2,76,3
1512,367,40,2020-07-14 22:00:00,2020-07-14,79,47,1,75,26
1433,341,39,2020-07-13 22:00:00,2020-07-13,44,46,1,74,1
1389,340,38,2020-07-12 22:00:00,2020-07-12,47,45,0,73,33
1342,307,38,2020-07-11 22:00:00,2020-07-11,0,44,0,72,0
1342,307,38,2020-07-10 22:00:00,2020-07-10,74,43,2,71,1
1268,306,36,2020-07-09 22:00:00,2020-07-09,86,42,1,70,11
1182,295,35,2020-07-08 22:00:00,2020-07-08,65,41,1,69,26
1117,269,34,2020-07-07 22:00:00,2020-07-07,71,40,2,68,8
1046,261,32,2020-07-06 22:00:00,2020-07-06,57,39,5,67,3
989,258,27,2020-07-05 22:00:00,2020-07-05,71,38,0,66,28
918,230,27,2020-07-04 22:00:00,2020-07-04,27,37,1,65,6
891,224,26,2020-07-03 22:00:00,2020-07-03,17,36,1,64,1
874,223,25,2020-07-02 22:00:00,2020-07-02,50,35,1,63,14
824,209,24,2020-07-01 22:00:00,2020-07-01,22,34,1,62,3
802,206,23,2020-06-30 22:00:00,2020-06-30,40,33,2,61,10
762,196,21,2020-06-29 22:00:00,2020-06-29,35,32,3,60,25
727,171,18,2020-06-28 22:00:00,2020-06-28,14,31,0,59,29
713,142,18,2020-06-27 22:00:00,2020-06-27,15,30,0,58,2
698,140,18,2020-06-26 22:00:00,2020-06-26,28,29,0,57,2
670,138,18,2020-06-25 22:00:00,2020-06-25,31,28,1,56,6
639,132,17,2020-06-24 22:00:00,2020-06-24,44,27,7,55,16
595,116,10,2020-06-23 22:00:00,2020-06-23,24,26,0,54,13
571,103,10,2020-06-22 22:00:00,2020-06-22,27,25,0,53,5
544,98,10,2020-06-21 22:00:00,2020-06-21,24,24,0,52,15
520,83,10,2020-06-20 22:00:00,2020-06-20,10,23,0,51,2
510,81,10,2020-06-19 22:00:00,2020-06-19,10,22,0,50,3
500,78,10,2020-06-18 22:00:00,2020-06-18,16,21,0,49,2
484,76,10,2020-06-17 22:00:00,2020-06-17,17,20,0,48,6
467,70,10,2020-06-16 22:00:00,2020-06-16,13,19,0,47,7
454,63,10,2020-06-15 22:00:00,2020-06-15,36,18,2,46,1
418,62,8,2020-06-14 22:00:00,2020-06-14,9,17,2,45,3
409,59,6,2020-06-13 22:00:00,2020-06-13,16,16,1,44,0
393,59,5,2020-06-12 22:00:00,2020-06-12,15,15,0,43,0
378,59,5,2020-06-11 22:00:00,2020-06-11,19,14,0,42,1
359,58,5,2020-06-10 22:00:00,2020-06-10,27,13,0,41,1
332,57,5,2020-06-09 22:00:00,2020-06-09,76,12,0,40,5
256,52,5,2020-06-08 22:00:00,2020-06-08,0,11,0,39,0
256,52,5,2020-06-07 22:00:00,2020-06-07,17,10,0,38,0
239,52,5,2020-06-06 22:00:00,2020-06-06,30,9,0,37,0
209,52,5,2020-06-05 22:00:00,2020-06-05,13,8,0,36,0
196,52,5,2020-06-04 22:00:00,2020-06-04,14,7,0,35,0
182,52,5,2020-06-03 22:00:00,2020-06-03,14,6,0,34,0
168,52,5,2020-06-02 22:00:00,2020-06-02,12,5,0,33,0
156,52,5,2020-06-01 22:00:00,2020-06-01,26,4,0,32,2
130,50,5,2020-05-31 22:00:00,2020-05-31,12,3,0,31,9
118,41,5,2020-05-30 22:00:00,2020-05-30,13,2,0,30,0
105,41,5,2020-05-29 22:00:00,2020-05-29,6,1,1,29,1
99,40,4,2020-05-28 22:00:00,2020-05-28,22,0,1,28,0
77,40,3,2020-05-27 22:00:00,2020-05-27,2,0,0,27,0
75,40,3,2020-05-26 22:00:00,2020-05-26,0,0,0,26,1
75,39,3,2020-05-25 22:00:00,2020-05-25,0,0,0,25,0
75,39,3,2020-05-24 22:00:00,2020-05-24,3,0,0,24,1
72,38,3,2020-05-23 22:00:00,2020-05-23,1,0,0,23,3
71,35,3,2020-05-22 22:00:00,2020-05-22,2,0,0,22,0
69,35,3,2020-05-21 22:00:00,2020-05-21,1,0,0,21,0
68,35,3,2020-05-20 22:00:00,2020-05-20,3,0,0,20,0
65,35,3,2020-05-19 22:00:00,2020-05-19,0,0,0,19,0
65,35,3,2020-05-18 22:00:00,2020-05-18,0,0,0,18,7
65,28,3,2020-05-17 22:00:00,2020-05-17,1,0,0,17,0
64,28,3,2020-05-16 22:00:00,2020-05-16,0,0,0,16,0
64,28,3,2020-05-15 22:00:00,2020-05-15,0,0,0,15,0
64,28,3,2020-05-14 22:00:00,2020-05-14,0,0,0,14,0
64,28,3,2020-05-13 22:00:00,2020-05-13,0,0,0,13,0
64,28,3,2020-05-12 22:00:00,2020-05-12,0,0,0,12,4
64,24,3,2020-05-11 22:00:00,2020-05-11,0,0,0,11,0
64,24,3,2020-05-10 22:00:00,2020-05-10,0,0,0,10,0
64,24,3,2020-05-09 22:00:00,2020-05-09,0,0,0,9,0
64,24,3,2020-05-08 22:00:00,2020-05-08,0,0,0,8,0
64,24,3,2020-05-07 22:00:00,2020-05-07,1,0,0,7,0
63,24,3,2020-05-06 22:00:00,2020-05-06,0,0,0,6,1
63,23,3,2020-05-05 22:00:00,2020-05-05,0,0,0,5,1
63,22,3,2020-05-04 22:00:00,2020-05-04,0,0,0,4,0
63,22,3,2020-05-03 22:00:00,2020-05-03,0,0,0,3,4
63,18,3,2020-05-02 22:00:00,2020-05-02,2,0,0,2,0
61,18,3,2020-05-01 22:00:00,2020-05-01,0,0,1,1,0
61,18,2,2020-04-30 22:00:00,2020-04-30,0,0,0,0,0
61,18,2,2020-04-29 22:00:00,2020-04-29,0,0,0,0,0
61,18,2,2020-04-28 22:00:00,2020-04-28,0,0,0,0,0
61,18,2,2020-04-27 22:00:00,2020-04-27,0,0,0,0,0
61,18,2,2020-04-26 22:00:00,2020-04-26,0,0,0,0,0
61,18,2,2020-04-25 22:00:00,2020-04-25,1,0,0,0,0
60,18,2,2020-04-24 22:00:00,2020-04-24,0,0,1,0,3
60,15,1,2020-04-23 22:00:00,2020-04-23,1,0,0,0,0
59,15,1,2020-04-22 22:00:00,2020-04-22,8,0,0,0,0
51,15,1,2020-04-21 22:00:00,2020-04-21,0,0,0,0,4
51,11,1,2020-04-20 22:00:00,2020-04-20,2,0,0,0,0
49,11,1,2020-04-19 22:00:00,2020-04-19,0,0,0,0,0
49,11,1,2020-04-18 22:00:00,2020-04-18,0,0,0,0,0
49,11,1,2020-04-17 22:00:00,2020-04-17,1,0,0,0,0
48,11,1,2020-04-16 22:00:00,2020-04-16,13,0,0,0,2
35,9,1,2020-04-15 22:00:00,2020-04-15,9,0,0,0,0
26,9,1,2020-04-14 22:00:00,2020-04-14,1,0,0,0,0
25,9,1,2020-04-13 22:00:00,2020-04-13,0,0,0,0,1
25,8,1,2020-04-12 22:00:00,2020-04-12,1,0,0,0,0
24,8,1,2020-04-11 22:00:00,2020-04-11,0,0,0,0,0
24,8,1,2020-04-10 22:00:00,2020-04-10,3,0,0,0,0
21,8,1,2020-04-09 22:00:00,2020-04-09,0,0,0,0,6
21,2,1,2020-04-08 22:00:00,2020-04-08,2,0,0,0,1
19,1,1,2020-04-07 22:00:00,2020-04-07,1,0,0,0,1
18,0,1,2020-04-06 22:00:00,2020-04-06,0,0,0,0,0
18,0,1,2020-04-05 22:00:00,2020-04-05,1,0,0,0,0
17,0,1,2020-04-04 21:00:00,2020-04-04,6,0,0,0,0
11,0,1,2020-04-03 21:00:00,2020-04-03,1,0,1,0,0
10,0,0,2020-04-02 21:00:00,2020-04-02,0,0,0,0,-1
10,1,0,2020-04-01 21:00:00,2020-04-01,2,0,0,0,1
8,0,0,2020-03-31 21:00:00,2020-03-31,0,0,0,0,0
8,0,0,2020-03-30 21:00:00,2020-03-30,5,0,0,0,0
3,0,0,2020-03-29 21:00:00,2020-03-29,2,0,0,0,0
1,0,0,2020-03-28 21:00:00,2020-03-28,0,0,0,0,0
1,0,0,2020-03-27 21:10:00,2020-03-27,0,0,0,0,0
1,0,0,2020-03-26 22:20:00,2020-03-26,0,0,0,0,0
1,0,0,2020-03-25 23:20:00,2020-03-25,1,0,0,0,0
0,0,0,2020-03-24 21:20:00,2020-03-24,0,0,0,0,0
0,0,0,2020-03-23 21:40:00,2020-03-23,0,0,0,0,0
0,0,0,2020-03-22 21:00:00,2020-03-22,0,0,0,0,0
0,0,0,2020-03-21 21:00:00,2020-03-21,0,0,0,0,0
0,0,0,2020-03-20 21:20:00,2020-03-20,0,0,0,0,0
0,0,0,2020-03-19 21:30:00,2020-03-19,0,0,0,0,0
0,0,0,2020-03-18 22:00:00,2020-03-18,0,0,0,0,0
0,0,0,2020-03-17 21:00:00,2020-03-17,0,0,0,0,0
0,0,0,2020-03-16 21:00:00,2020-03-16,0,0,0,0,0
0,0,0,2020-03-15 21:00:00,2020-03-15,0,0,0,0,0
0,0,0,2020-03-14 21:00:00,2020-03-14,0,0,0,0,0
0,0,0,2020-03-13 21:00:00,2020-03-13,0,0,0,0,0
0,0,0,2020-03-12 21:00:00,2020-03-12,0,0,0,0,0
0,0,0,2020-03-11 21:00:00,2020-03-11,0,0,0,0,0
0,0,0,2020-03-10 21:00:00,2020-03-10,0,0,0,0,0
0,0,0,2020-03-09 21:00:00,2020-03-09,0,0,0,0,0
0,0,0,2020-03-08 21:00:00,2020-03-08,0,0,0,0,0
0,0,0,2020-03-07 21:00:00,2020-03-07,0,0,0,0,0
0,0,0,2020-03-06 21:00:00,2020-03-06,0,0,0,0,0
0,0,0,2020-03-05 21:00:00,2020-03-05,0,0,0,0,0
0,0,0,2020-03-04 21:00:00,2020-03-04,0,0,0,0,0
0,0,0,2020-03-03 21:00:00,2020-03-03,0,0,0,0,0
0,0,0,2020-03-02 21:00:00,2020-03-02,0,0,0,0,0
0,0,0,2020-03-01 21:00:00,2020-03-01,0,0,0,0,0
0,0,0,2020-02-29 21:00:00,2020-02-29,0,0,0,0,0
0,0,0,2020-02-28 21:00:00,2020-02-28,0,0,0,0,0
0,0,0,2020-02-27 21:00:00,2020-02-27,0,0,0,0,0
0,0,0,2020-02-26 21:00:00,2020-02-26,0,0,0,0,0
0,0,0,2020-02-25 21:00:00,2020-02-25,0,0,0,0,0
0,0,0,2020-02-24 21:00:00,2020-02-24,0,0,0,0,0
0,0,0,2020-02-23 21:00:00,2020-02-23,0,0,0,0,0
0,0,0,2020-02-22 21:00:00,2020-02-22,0,0,0,0,0
0,0,0,2020-02-21 21:00:00,2020-02-21,0,0,0,0,0
0,0,0,2020-02-20 21:00:00,2020-02-20,0,0,0,0,0
0,0,0,2020-02-19 21:00:00,2020-02-19,0,0,0,0,0
0,0,0,2020-02-18 21:00:00,2020-02-18,0,0,0,0,0
0,0,0,2020-02-17 21:00:00,2020-02-17,0,0,0,0,0
0,0,0,2020-02-16 21:00:00,2020-02-16,0,0,0,0,0
0,0,0,2020-02-15 21:00:00,2020-02-15,0,0,0,0,0
0,0,0,2020-02-14 21:00:00,2020-02-14,0,0,0,0,0
0,0,0,2020-02-13 21:00:00,2020-02-13,0,0,0,0,0
0,0,0,2020-02-12 21:00:00,2020-02-12,0,0,0,0,0
0,0,0,2020-02-11 20:30:00,2020-02-11,0,0,0,0,0
0,0,0,2020-02-10 21:00:00,2020-02-10,0,0,0,0,0
0,0,0,2020-02-09 21:00:00,2020-02-09,0,0,0,0,0
0,0,0,2020-02-08 21:00:00,2020-02-08,0,0,0,0,0
0,0,0,2020-02-07 21:00:00,2020-02-07,0,0,0,0,0
0,0,0,2020-02-06 21:00:00,2020-02-06,0,0,0,0,0
0,0,0,2020-02-05 21:00:00,2020-02-05,0,0,0,0,0
0,0,0,2020-02-04 20:00:00,2020-02-04,0,0,0,0,0
0,0,0,2020-02-03 20:00:00,2020-02-03,0,0,0,0,0
0,0,0,2020-02-02 20:00:00,2020-02-02,0,0,0,0,0
0,0,0,2020-02-01 10:00:00,2020-02-01,0,0,0,0,0
0,0,0,2020-01-31 12:30:00,2020-01-31,0,0,0,0,0
0,0,0,2020-01-30 12:00:00,2020-01-30,0,0,0,0,0
0,0,0,2020-01-29 14:00:00,2020-01-29,0,0,0,0,0
0,0,0,2020-01-28 11:30:00,2020-01-28,0,0,0,0,0
0,0,0,2020-01-27 14:00:00,2020-01-27,0,0,0,0,0
0,0,0,2020-01-26 13:00:00,2020-01-26,0,0,0,0,0
0,0,0,2020-01-25 15:00:00,2020-01-25,0,0,0,0,0
0,0,0,2020-01-24 15:00:00,2020-01-24,0,0,0,0,0
0,0,0,2020-01-23 15:00:00,2020-01-23,0,0,0,0,0
0,0,0,2020-01-22 15:00:00,2020-01-22,0,0,0,0,0
0,0,0,2020-01-21 15:00:00,2020-01-21,0,0,0,0,0
