Confirmed,Recovered,Deaths,Date_last_updated_AEDT,date_day,New,DayElapsed,New_death,DayElapsed_death,New_recover
12222,9798,127,2020-08-06 22:00:00,2020-08-06,327,117,4,70,512
11895,9286,123,2020-08-05 22:00:00,2020-08-05,0,116,0,69,0
11895,9286,123,2020-08-04 22:00:00,2020-08-04,367,115,9,68,842
11528,8444,114,2020-08-03 22:00:00,2020-08-03,0,114,0,67,0
11528,8444,114,2020-08-02 22:00:00,2020-08-02,255,113,7,66,335
11273,8109,107,2020-08-01 22:00:00,2020-08-01,405,112,1,65,302
10868,7807,106,2020-07-31 22:00:00,2020-07-31,551,111,7,64,690
10317,7117,99,2020-07-30 22:00:00,2020-07-30,213,110,6,63,504
10104,6613,93,2020-07-29 22:00:00,2020-07-29,0,109,0,62,0
10104,6613,93,2020-07-28 22:00:00,2020-07-28,809,108,8,61,1034
9295,5579,85,2020-07-27 22:00:00,2020-07-27,429,107,7,60,0
8866,5579,78,2020-07-26 22:00:00,2020-07-26,125,106,2,59,57
8741,5522,76,2020-07-25 22:00:00,2020-07-25,0,105,0,58,0
8741,5522,76,2020-07-24 22:00:00,2020-07-24,360,104,6,57,362
8381,5160,70,2020-07-23 22:00:00,2020-07-23,219,103,1,56,498
8162,4662,69,2020-07-22 22:00:00,2020-07-22,1009,102,7,55,874
7153,3788,62,2020-07-21 22:00:00,2020-07-21,104,101,3,54,290
7049,3498,59,2020-07-20 22:00:00,2020-07-20,200,100,4,53,159
6849,3339,55,2020-07-19 22:00:00,2020-07-19,382,99,1,52,231
6467,3108,54,2020-07-18 22:00:00,2020-07-18,378,98,1,51,157
6089,2951,53,2020-07-17 22:00:00,2020-07-17,484,97,10,50,140
5605,2811,43,2020-07-16 22:00:00,2020-07-16,0,96,0,49,0
5605,2811,43,2020-07-15 22:00:00,2020-07-15,262,95,4,48,165
5343,2646,39,2020-07-14 22:00:00,2020-07-14,476,94,4,47,268
4867,2378,35,2020-07-13 22:00:00,2020-07-13,289,93,1,46,91
4578,2287,34,2020-07-12 22:00:00,2020-07-12,0,92,0,45,0
4578,2287,34,2020-07-11 22:00:00,2020-07-11,435,91,0,44,104
4143,2183,34,2020-07-10 22:00:00,2020-07-10,361,90,1,43,233
3782,1950,33,2020-07-09 22:00:00,2020-07-09,209,89,0,42,189
3573,1761,33,2020-07-08 22:00:00,2020-07-08,101,88,0,41,574
3472,1187,33,2020-07-07 22:00:00,2020-07-07,531,87,1,40,79
2941,1108,32,2020-07-06 22:00:00,2020-07-06,0,86,0,39,0
2941,1108,32,2020-07-05 22:00:00,2020-07-05,429,85,6,38,51
2512,1057,26,2020-07-04 22:00:00,2020-07-04,0,84,0,37,0
2512,1057,26,2020-07-03 22:00:00,2020-07-03,109,83,2,36,17
2403,1040,24,2020-07-02 22:00:00,2020-07-02,100,82,2,35,34
2303,1006,22,2020-07-01 22:00:00,2020-07-01,165,81,2,34,40
2138,966,20,2020-06-30 22:00:00,2020-06-30,0,80,0,33,0
2138,966,20,2020-06-29 22:00:00,2020-06-29,60,79,2,32,22
2078,944,18,2020-06-28 22:00:00,2020-06-28,73,78,2,31,37
2005,907,16,2020-06-27 22:00:00,2020-06-27,83,77,0,30,45
1922,862,16,2020-06-26 22:00:00,2020-06-26,93,76,0,29,39
1829,823,16,2020-06-25 22:00:00,2020-06-25,42,75,0,28,44
1787,779,16,2020-06-24 22:00:00,2020-06-24,63,74,1,27,47
1724,732,15,2020-06-23 22:00:00,2020-06-23,84,73,0,26,40
1640,692,15,2020-06-22 22:00:00,2020-06-22,44,72,1,25,37
1596,655,14,2020-06-21 22:00:00,2020-06-21,93,71,1,24,37
1503,618,13,2020-06-20 22:00:00,2020-06-20,60,70,0,23,120
1443,498,13,2020-06-19 22:00:00,2020-06-19,40,69,1,22,48
1403,450,12,2020-06-18 22:00:00,2020-06-18,25,68,0,21,0
1378,450,12,2020-06-17 22:00:00,2020-06-17,61,67,0,20,33
1317,417,12,2020-06-16 22:00:00,2020-06-16,27,66,2,19,33
1290,384,10,2020-06-15 22:00:00,2020-06-15,18,65,0,18,17
1272,367,10,2020-06-14 22:00:00,2020-06-14,20,64,0,17,5
1252,362,10,2020-06-13 22:00:00,2020-06-13,12,63,0,16,18
1240,344,10,2020-06-12 22:00:00,2020-06-12,37,62,0,15,32
1203,312,10,2020-06-11 22:00:00,2020-06-11,41,61,0,14,16
1162,296,10,2020-06-10 22:00:00,2020-06-10,24,60,1,13,22
1138,274,9,2020-06-09 22:00:00,2020-06-09,44,59,0,12,20
1094,254,9,2020-06-08 22:00:00,2020-06-08,42,58,0,11,21
1052,233,9,2020-06-07 22:00:00,2020-06-07,26,57,1,10,21
1026,212,8,2020-06-06 22:00:00,2020-06-06,51,56,1,9,11
975,201,7,2020-06-05 22:00:00,2020-06-05,18,55,0,8,1
957,200,7,2020-06-04 22:00:00,2020-06-04,49,54,1,7,5
908,195,6,2020-06-03 22:00:00,2020-06-03,82,53,0,6,21
826,174,6,2020-06-02 22:00:00,2020-06-02,0,52,0,5,0
826,174,6,2020-06-01 22:00:00,2020-06-01,68,51,0,4,9
758,165,6,2020-05-31 22:00:00,2020-05-31,0,50,0,3,0
758,165,6,2020-05-30 22:00:00,2020-05-30,60,49,1,2,1
698,164,5,2020-05-29 22:00:00,2020-05-29,42,48,3,1,10
656,154,2,2020-05-28 22:00:00,2020-05-28,44,47,0,0,3
612,151,2,2020-05-27 22:00:00,2020-05-27,70,46,0,0,4
542,147,2,2020-05-26 22:00:00,2020-05-26,0,45,0,0,0
542,147,2,2020-05-25 22:00:00,2020-05-25,54,44,0,0,9
488,138,2,2020-05-24 22:00:00,2020-05-24,0,43,0,0,0
488,138,2,2020-05-23 22:00:00,2020-05-23,40,42,0,0,3
448,135,2,2020-05-22 22:00:00,2020-05-22,43,41,0,0,4
405,131,2,2020-05-21 22:00:00,2020-05-21,34,40,0,0,0
371,131,2,2020-05-20 22:00:00,2020-05-20,45,39,0,0,12
326,119,2,2020-05-19 22:00:00,2020-05-19,22,38,1,0,5
304,114,1,2020-05-18 22:00:00,2020-05-18,21,37,1,0,0
283,114,0,2020-05-17 22:00:00,2020-05-17,45,36,0,0,2
238,112,0,2020-05-16 22:00:00,2020-05-16,8,35,0,0,4
230,108,0,2020-05-15 22:00:00,2020-05-15,18,34,0,0,1
212,107,0,2020-05-14 22:00:00,2020-05-14,26,33,0,0,6
186,101,0,2020-05-13 22:00:00,2020-05-13,0,32,0,0,0
186,101,0,2020-05-12 22:00:00,2020-05-12,-7,31,0,0,0
193,101,0,2020-05-11 22:00:00,2020-05-11,0,30,0,0,0
193,101,0,2020-05-10 22:00:00,2020-05-10,0,29,0,0,0
193,101,0,2020-05-09 22:00:00,2020-05-09,0,28,0,0,0
193,101,0,2020-05-08 22:00:00,2020-05-08,35,27,0,0,0
158,101,0,2020-05-07 22:00:00,2020-05-07,7,26,0,0,0
151,101,0,2020-05-06 22:00:00,2020-05-06,2,25,0,0,2
149,99,0,2020-05-05 22:00:00,2020-05-05,0,24,0,0,0
149,99,0,2020-05-04 22:00:00,2020-05-04,0,23,0,0,1
149,98,0,2020-05-03 22:00:00,2020-05-03,14,22,0,0,1
135,97,0,2020-05-02 22:00:00,2020-05-02,7,21,0,0,5
128,92,0,2020-05-01 22:00:00,2020-05-01,0,20,0,0,0
128,92,0,2020-04-30 22:00:00,2020-04-30,0,19,0,0,2
128,90,0,2020-04-29 22:00:00,2020-04-29,0,18,0,0,15
128,75,0,2020-04-28 22:00:00,2020-04-28,4,17,0,0,4
124,71,0,2020-04-27 22:00:00,2020-04-27,1,16,0,0,9
123,62,0,2020-04-26 22:00:00,2020-04-26,1,15,0,0,1
122,61,0,2020-04-25 22:00:00,2020-04-25,0,14,0,0,0
122,61,0,2020-04-24 22:00:00,2020-04-24,1,13,0,0,3
121,58,0,2020-04-23 22:00:00,2020-04-23,0,12,0,0,14
121,44,0,2020-04-22 22:00:00,2020-04-22,0,11,0,0,0
121,44,0,2020-04-21 22:00:00,2020-04-21,0,10,0,0,3
121,41,0,2020-04-20 22:00:00,2020-04-20,1,9,0,0,6
120,35,0,2020-04-19 22:00:00,2020-04-19,3,8,0,0,2
117,33,0,2020-04-18 22:00:00,2020-04-18,6,7,0,0,0
111,33,0,2020-04-17 22:00:00,2020-04-17,0,6,0,0,0
111,33,0,2020-04-16 22:00:00,2020-04-16,3,5,0,0,10
108,23,0,2020-04-15 22:00:00,2020-04-15,0,4,0,0,0
108,23,0,2020-04-14 22:00:00,2020-04-14,2,3,0,0,3
106,20,0,2020-04-13 22:00:00,2020-04-13,4,2,0,0,9
102,11,0,2020-04-12 22:00:00,2020-04-12,9,1,0,0,0
93,11,0,2020-04-11 22:00:00,2020-04-11,0,0,0,0,0
93,11,0,2020-04-10 22:00:00,2020-04-10,0,0,0,0,0
93,11,0,2020-04-09 22:00:00,2020-04-09,0,0,0,0,0
93,11,0,2020-04-08 22:00:00,2020-04-08,11,0,0,0,9
82,2,0,2020-04-07 22:00:00,2020-04-07,10,0,0,0,0
72,2,0,2020-04-06 22:00:00,2020-04-06,2,0,0,0,2
70,0,0,2020-04-05 22:00:00,2020-04-05,0,0,0,0,0
70,0,0,2020-04-04 21:00:00,2020-04-04,11,0,0,0,0
59,0,0,2020-04-03 21:00:00,2020-04-03,2,0,0,0,0
57,0,0,2020-04-02 21:00:00,2020-04-02,0,0,0,0,0
57,0,0,2020-04-01 21:00:00,2020-04-01,11,0,0,0,0
46,0,0,2020-03-31 21:00:00,2020-03-31,7,0,0,0,0
39,0,0,2020-03-30 21:00:00,2020-03-30,0,0,0,0,0
39,0,0,2020-03-29 21:00:00,2020-03-29,13,0,0,0,0
26,0,0,2020-03-28 21:00:00,2020-03-28,3,0,0,0,0
23,0,0,2020-03-27 21:10:00,2020-03-27,4,0,0,0,0
19,0,0,2020-03-26 22:20:00,2020-03-26,0,0,0,0,0
19,0,0,2020-03-25 23:20:00,2020-03-25,2,0,0,0,0
17,0,0,2020-03-24 21:20:00,2020-03-24,5,0,0,0,0
12,0,0,2020-03-23 21:40:00,2020-03-23,9,0,0,0,0
3,0,0,2020-03-22 21:00:00,2020-03-22,0,0,0,0,0
3,0,0,2020-03-21 21:00:00,2020-03-21,3,0,0,0,0
0,0,0,2020-03-20 21:20:00,2020-03-20,0,0,0,0,0
0,0,0,2020-03-19 21:30:00,2020-03-19,0,0,0,0,0
0,0,0,2020-03-18 22:00:00,2020-03-18,0,0,0,0,0
0,0,0,2020-03-17 21:00:00,2020-03-17,0,0,0,0,0
0,0,0,2020-03-16 21:00:00,2020-03-16,0,0,0,0,0
0,0,0,2020-03-15 21:00:00,2020-03-15,0,0,0,0,0
0,0,0,2020-03-14 21:00:00,2020-03-14,0,0,0,0,0
0,0,0,2020-03-13 21:00:00,2020-03-13,0,0,0,0,0
0,0,0,2020-03-12 21:00:00,2020-03-12,0,0,0,0,0
0,0,0,2020-03-11 21:00:00,2020-03-11,0,0,0,0,0
0,0,0,2020-03-10 21:00:00,2020-03-10,0,0,0,0,0
0,0,0,2020-03-09 21:00:00,2020-03-09,0,0,0,0,0
0,0,0,2020-03-08 21:00:00,2020-03-08,0,0,0,0,0
0,0,0,2020-03-07 21:00:00,2020-03-07,0,0,0,0,0
0,0,0,2020-03-06 21:00:00,2020-03-06,0,0,0,0,0
0,0,0,2020-03-05 21:00:00,2020-03-05,0,0,0,0,0
0,0,0,2020-03-04 21:00:00,2020-03-04,0,0,0,0,0
0,0,0,2020-03-03 21:00:00,2020-03-03,0,0,0,0,0
0,0,0,2020-03-02 21:00:00,2020-03-02,0,0,0,0,0
0,0,0,2020-03-01 21:00:00,2020-03-01,0,0,0,0,0
0,0,0,2020-02-29 21:00:00,2020-02-29,0,0,0,0,0
0,0,0,2020-02-28 21:00:00,2020-02-28,0,0,0,0,0
0,0,0,2020-02-27 21:00:00,2020-02-27,0,0,0,0,0
0,0,0,2020-02-26 21:00:00,2020-02-26,0,0,0,0,0
0,0,0,2020-02-25 21:00:00,2020-02-25,0,0,0,0,0
0,0,0,2020-02-24 21:00:00,2020-02-24,0,0,0,0,0
0,0,0,2020-02-23 21:00:00,2020-02-23,0,0,0,0,0
0,0,0,2020-02-22 21:00:00,2020-02-22,0,0,0,0,0
0,0,0,2020-02-21 21:00:00,2020-02-21,0,0,0,0,0
0,0,0,2020-02-20 21:00:00,2020-02-20,0,0,0,0,0
0,0,0,2020-02-19 21:00:00,2020-02-19,0,0,0,0,0
0,0,0,2020-02-18 21:00:00,2020-02-18,0,0,0,0,0
0,0,0,2020-02-17 21:00:00,2020-02-17,0,0,0,0,0
0,0,0,2020-02-16 21:00:00,2020-02-16,0,0,0,0,0
0,0,0,2020-02-15 21:00:00,2020-02-15,0,0,0,0,0
0,0,0,2020-02-14 21:00:00,2020-02-14,0,0,0,0,0
0,0,0,2020-02-13 21:00:00,2020-02-13,0,0,0,0,0
0,0,0,2020-02-12 21:00:00,2020-02-12,0,0,0,0,0
0,0,0,2020-02-11 20:30:00,2020-02-11,0,0,0,0,0
0,0,0,2020-02-10 21:00:00,2020-02-10,0,0,0,0,0
0,0,0,2020-02-09 21:00:00,2020-02-09,0,0,0,0,0
0,0,0,2020-02-08 21:00:00,2020-02-08,0,0,0,0,0
0,0,0,2020-02-07 21:00:00,2020-02-07,0,0,0,0,0
0,0,0,2020-02-06 21:00:00,2020-02-06,0,0,0,0,0
0,0,0,2020-02-05 21:00:00,2020-02-05,0,0,0,0,0
0,0,0,2020-02-04 20:00:00,2020-02-04,0,0,0,0,0
0,0,0,2020-02-03 20:00:00,2020-02-03,0,0,0,0,0
0,0,0,2020-02-02 20:00:00,2020-02-02,0,0,0,0,0
0,0,0,2020-02-01 10:00:00,2020-02-01,0,0,0,0,0
0,0,0,2020-01-31 12:30:00,2020-01-31,0,0,0,0,0
0,0,0,2020-01-30 12:00:00,2020-01-30,0,0,0,0,0
0,0,0,2020-01-29 14:00:00,2020-01-29,0,0,0,0,0
0,0,0,2020-01-28 11:30:00,2020-01-28,0,0,0,0,0
0,0,0,2020-01-27 14:00:00,2020-01-27,0,0,0,0,0
0,0,0,2020-01-26 13:00:00,2020-01-26,0,0,0,0,0
0,0,0,2020-01-25 15:00:00,2020-01-25,0,0,0,0,0
0,0,0,2020-01-24 15:00:00,2020-01-24,0,0,0,0,0
0,0,0,2020-01-23 15:00:00,2020-01-23,0,0,0,0,0
0,0,0,2020-01-22 15:00:00,2020-01-22,0,0,0,0,0
0,0,0,2020-01-21 15:00:00,2020-01-21,0,0,0,0,0
