Confirmed,Recovered,Deaths,Date_last_updated_AEDT,date_day,New,DayElapsed,New_death,DayElapsed_death,New_recover
4426,2078,136,2020-08-06 22:00:00,2020-08-06,65,73,8,106,31
4361,2047,128,2020-08-05 22:00:00,2020-08-05,89,72,5,105,102
4272,1945,123,2020-08-04 22:00:00,2020-08-04,41,71,0,104,26
4231,1919,123,2020-08-03 22:00:00,2020-08-03,45,70,3,103,5
4186,1914,120,2020-08-02 22:00:00,2020-08-02,108,69,6,102,39
4078,1875,114,2020-08-01 22:00:00,2020-08-01,97,68,5,101,68
3981,1807,109,2020-07-31 22:00:00,2020-07-31,243,67,6,100,79
3738,1728,103,2020-07-30 22:00:00,2020-07-30,29,66,0,99,61
3709,1667,103,2020-07-29 22:00:00,2020-07-29,0,65,0,98,0
3709,1667,103,2020-07-28 22:00:00,2020-07-28,69,64,4,97,28
3640,1639,99,2020-07-27 22:00:00,2020-07-27,83,63,5,96,54
3557,1585,94,2020-07-26 22:00:00,2020-07-26,104,62,7,95,212
3453,1373,87,2020-07-25 22:00:00,2020-07-25,67,61,8,94,45
3386,1328,79,2020-07-24 22:00:00,2020-07-24,84,60,3,93,46
3302,1282,76,2020-07-23 22:00:00,2020-07-23,153,59,5,92,26
3149,1256,71,2020-07-22 22:00:00,2020-07-22,157,58,9,91,103
2992,1153,62,2020-07-21 22:00:00,2020-07-21,0,57,0,90,0
2992,1153,62,2020-07-20 22:00:00,2020-07-20,85,56,3,89,18
2907,1135,59,2020-07-19 22:00:00,2020-07-19,97,55,4,88,24
2810,1111,55,2020-07-18 22:00:00,2020-07-18,98,54,4,87,38
2712,1073,51,2020-07-17 22:00:00,2020-07-17,98,53,8,86,68
2614,1005,43,2020-07-16 22:00:00,2020-07-16,117,52,3,85,210
2497,795,40,2020-07-15 22:00:00,2020-07-15,67,51,1,84,48
2430,747,39,2020-07-14 22:00:00,2020-07-14,66,50,1,83,190
2364,557,38,2020-07-13 22:00:00,2020-07-13,103,49,5,82,40
2261,517,33,2020-07-12 22:00:00,2020-07-12,192,48,2,81,138
2069,379,31,2020-07-11 22:00:00,2020-07-11,85,47,6,80,10
1984,369,25,2020-07-10 22:00:00,2020-07-10,42,46,0,79,0
1942,369,25,2020-07-09 22:00:00,2020-07-09,78,45,1,78,24
1864,345,24,2020-07-08 22:00:00,2020-07-08,46,44,5,77,28
1818,317,19,2020-07-07 22:00:00,2020-07-07,76,43,0,76,0
1742,317,19,2020-07-06 22:00:00,2020-07-06,129,42,2,75,0
1613,317,17,2020-07-05 22:00:00,2020-07-05,115,41,1,74,0
1498,317,16,2020-07-04 22:00:00,2020-07-04,156,40,0,73,46
1342,271,16,2020-07-03 22:00:00,2020-07-03,0,39,0,72,0
1342,271,16,2020-07-02 22:00:00,2020-07-02,77,38,0,71,11
1265,260,16,2020-07-01 22:00:00,2020-07-01,113,37,3,70,0
1152,260,13,2020-06-30 22:00:00,2020-06-30,6,36,0,69,0
1146,260,13,2020-06-29 22:00:00,2020-06-29,108,35,0,68,0
1038,260,13,2020-06-28 22:00:00,2020-06-28,33,34,0,67,0
1005,260,13,2020-06-27 22:00:00,2020-06-27,45,33,1,66,0
960,260,12,2020-06-26 22:00:00,2020-06-26,19,32,1,65,1
941,259,11,2020-06-25 22:00:00,2020-06-25,138,31,0,64,1
803,258,11,2020-06-24 22:00:00,2020-06-24,0,30,0,63,0
803,258,11,2020-06-23 22:00:00,2020-06-23,54,29,0,62,0
749,258,11,2020-06-22 22:00:00,2020-06-22,19,28,0,61,167
730,91,11,2020-06-21 22:00:00,2020-06-21,110,27,3,60,0
620,91,8,2020-06-20 22:00:00,2020-06-20,28,26,0,59,17
592,74,8,2020-06-19 22:00:00,2020-06-19,20,25,2,58,1
572,73,6,2020-06-18 22:00:00,2020-06-18,8,24,0,57,0
564,73,6,2020-06-17 22:00:00,2020-06-17,9,23,0,56,4
555,69,6,2020-06-16 22:00:00,2020-06-16,8,22,0,55,0
547,69,6,2020-06-15 22:00:00,2020-06-15,18,21,1,54,3
529,66,5,2020-06-14 22:00:00,2020-06-14,48,20,1,53,1
481,65,4,2020-06-13 22:00:00,2020-06-13,0,19,0,52,10
481,55,4,2020-06-12 22:00:00,2020-06-12,26,18,0,51,0
455,55,4,2020-06-11 22:00:00,2020-06-11,0,17,0,50,0
455,55,4,2020-06-10 22:00:00,2020-06-10,12,16,0,49,0
443,55,4,2020-06-09 22:00:00,2020-06-09,5,15,0,48,0
438,55,4,2020-06-08 22:00:00,2020-06-08,29,14,0,47,0
409,55,4,2020-06-07 22:00:00,2020-06-07,0,13,0,46,0
409,55,4,2020-06-06 22:00:00,2020-06-06,16,12,0,45,4
393,51,4,2020-06-05 22:00:00,2020-06-05,24,11,0,44,0
369,51,4,2020-06-04 22:00:00,2020-06-04,11,10,0,43,9
358,42,4,2020-06-03 22:00:00,2020-06-03,22,9,0,42,0
336,42,4,2020-06-02 22:00:00,2020-06-02,52,8,0,41,0
284,42,4,2020-06-01 22:00:00,2020-06-01,5,7,0,40,0
279,42,4,2020-05-31 22:00:00,2020-05-31,6,6,0,39,0
273,42,4,2020-05-30 22:00:00,2020-05-30,70,5,0,38,0
203,42,4,2020-05-29 22:00:00,2020-05-29,102,4,0,37,5
101,37,4,2020-05-28 22:00:00,2020-05-28,0,3,0,36,0
101,37,4,2020-05-27 22:00:00,2020-05-27,0,2,0,35,0
101,37,4,2020-05-26 22:00:00,2020-05-26,18,1,0,34,4
83,33,4,2020-05-25 22:00:00,2020-05-25,1,0,0,33,5
82,28,4,2020-05-24 22:00:00,2020-05-24,0,0,1,32,0
82,28,3,2020-05-23 22:00:00,2020-05-23,10,0,0,31,1
72,27,3,2020-05-22 22:00:00,2020-05-22,1,0,0,30,0
71,27,3,2020-05-21 22:00:00,2020-05-21,1,0,0,29,0
70,27,3,2020-05-20 22:00:00,2020-05-20,0,0,0,28,0
70,27,3,2020-05-19 22:00:00,2020-05-19,0,0,0,27,0
70,27,3,2020-05-18 22:00:00,2020-05-18,5,0,0,26,3
65,24,3,2020-05-17 22:00:00,2020-05-17,2,0,0,25,0
63,24,3,2020-05-16 22:00:00,2020-05-16,0,0,0,24,0
63,24,3,2020-05-15 22:00:00,2020-05-15,0,0,0,23,0
63,24,3,2020-05-14 22:00:00,2020-05-14,0,0,0,22,0
63,24,3,2020-05-13 22:00:00,2020-05-13,6,0,0,21,0
57,24,3,2020-05-12 22:00:00,2020-05-12,1,0,0,20,10
56,14,3,2020-05-11 22:00:00,2020-05-11,0,0,0,19,0
56,14,3,2020-05-10 22:00:00,2020-05-10,0,0,0,18,0
56,14,3,2020-05-09 22:00:00,2020-05-09,13,0,0,17,0
43,14,3,2020-05-08 22:00:00,2020-05-08,0,0,0,16,5
43,9,3,2020-05-07 22:00:00,2020-05-07,2,0,0,15,0
41,9,3,2020-05-06 22:00:00,2020-05-06,0,0,0,14,0
41,9,3,2020-05-05 22:00:00,2020-05-05,0,0,0,13,0
41,9,3,2020-05-04 22:00:00,2020-05-04,3,0,0,12,0
38,9,3,2020-05-03 22:00:00,2020-05-03,1,0,0,11,0
37,9,3,2020-05-02 22:00:00,2020-05-02,0,0,0,10,2
37,7,3,2020-05-01 22:00:00,2020-05-01,1,0,0,9,0
36,7,3,2020-04-30 22:00:00,2020-04-30,0,0,0,8,2
36,5,3,2020-04-29 22:00:00,2020-04-29,0,0,0,7,1
36,4,3,2020-04-28 22:00:00,2020-04-28,2,0,0,6,0
34,4,3,2020-04-27 22:00:00,2020-04-27,0,0,0,5,0
34,4,3,2020-04-26 22:00:00,2020-04-26,1,0,0,4,0
33,4,3,2020-04-25 22:00:00,2020-04-25,0,0,0,3,1
33,3,3,2020-04-24 22:00:00,2020-04-24,0,0,0,2,0
33,3,3,2020-04-23 22:00:00,2020-04-23,10,0,1,1,0
23,3,2,2020-04-22 22:00:00,2020-04-22,6,0,0,0,0
17,3,2,2020-04-21 22:00:00,2020-04-21,0,0,0,0,0
17,3,2,2020-04-20 22:00:00,2020-04-20,0,0,0,0,0
17,3,2,2020-04-19 22:00:00,2020-04-19,0,0,0,0,0
17,3,2,2020-04-18 22:00:00,2020-04-18,1,0,0,0,3
16,0,2,2020-04-17 22:00:00,2020-04-17,0,0,0,0,0
16,0,2,2020-04-16 22:00:00,2020-04-16,0,0,0,0,0
16,0,2,2020-04-15 22:00:00,2020-04-15,0,0,0,0,0
16,0,2,2020-04-14 22:00:00,2020-04-14,3,0,0,0,0
13,0,2,2020-04-13 22:00:00,2020-04-13,1,0,0,0,0
12,0,2,2020-04-12 22:00:00,2020-04-12,3,0,1,0,0
9,0,1,2020-04-11 22:00:00,2020-04-11,0,0,0,0,0
9,0,1,2020-04-10 22:00:00,2020-04-10,1,0,0,0,0
8,0,1,2020-04-09 22:00:00,2020-04-09,0,0,0,0,0
8,0,1,2020-04-08 22:00:00,2020-04-08,0,0,0,0,0
8,0,1,2020-04-07 22:00:00,2020-04-07,4,0,1,0,0
4,0,0,2020-04-06 22:00:00,2020-04-06,0,0,0,0,0
4,0,0,2020-04-05 22:00:00,2020-04-05,1,0,0,0,0
3,0,0,2020-04-04 21:00:00,2020-04-04,0,0,0,0,0
3,0,0,2020-04-03 21:00:00,2020-04-03,3,0,0,0,0
0,0,0,2020-04-02 21:00:00,2020-04-02,0,0,0,0,0
0,0,0,2020-04-01 21:00:00,2020-04-01,0,0,0,0,0
0,0,0,2020-03-31 21:00:00,2020-03-31,0,0,0,0,0
0,0,0,2020-03-30 21:00:00,2020-03-30,0,0,0,0,0
0,0,0,2020-03-29 21:00:00,2020-03-29,0,0,0,0,0
0,0,0,2020-03-28 21:00:00,2020-03-28,0,0,0,0,0
0,0,0,2020-03-27 21:10:00,2020-03-27,0,0,0,0,0
0,0,0,2020-03-26 22:20:00,2020-03-26,0,0,0,0,0
0,0,0,2020-03-25 23:20:00,2020-03-25,0,0,0,0,0
0,0,0,2020-03-24 21:20:00,2020-03-24,0,0,0,0,0
0,0,0,2020-03-23 21:40:00,2020-03-23,0,0,0,0,0
0,0,0,2020-03-22 21:00:00,2020-03-22,0,0,0,0,0
0,0,0,2020-03-21 21:00:00,2020-03-21,0,0,0,0,0
0,0,0,2020-03-20 21:20:00,2020-03-20,0,0,0,0,0
0,0,0,2020-03-19 21:30:00,2020-03-19,0,0,0,0,0
0,0,0,2020-03-18 22:00:00,2020-03-18,0,0,0,0,0
0,0,0,2020-03-17 21:00:00,2020-03-17,0,0,0,0,0
0,0,0,2020-03-16 21:00:00,2020-03-16,0,0,0,0,0
0,0,0,2020-03-15 21:00:00,2020-03-15,0,0,0,0,0
0,0,0,2020-03-14 21:00:00,2020-03-14,0,0,0,0,0
0,0,0,2020-03-13 21:00:00,2020-03-13,0,0,0,0,0
0,0,0,2020-03-12 21:00:00,2020-03-12,0,0,0,0,0
0,0,0,2020-03-11 21:00:00,2020-03-11,0,0,0,0,0
0,0,0,2020-03-10 21:00:00,2020-03-10,0,0,0,0,0
0,0,0,2020-03-09 21:00:00,2020-03-09,0,0,0,0,0
0,0,0,2020-03-08 21:00:00,2020-03-08,0,0,0,0,0
0,0,0,2020-03-07 21:00:00,2020-03-07,0,0,0,0,0
0,0,0,2020-03-06 21:00:00,2020-03-06,0,0,0,0,0
0,0,0,2020-03-05 21:00:00,2020-03-05,0,0,0,0,0
0,0,0,2020-03-04 21:00:00,2020-03-04,0,0,0,0,0
0,0,0,2020-03-03 21:00:00,2020-03-03,0,0,0,0,0
0,0,0,2020-03-02 21:00:00,2020-03-02,0,0,0,0,0
0,0,0,2020-03-01 21:00:00,2020-03-01,0,0,0,0,0
0,0,0,2020-02-29 21:00:00,2020-02-29,0,0,0,0,0
0,0,0,2020-02-28 21:00:00,2020-02-28,0,0,0,0,0
0,0,0,2020-02-27 21:00:00,2020-02-27,0,0,0,0,0
0,0,0,2020-02-26 21:00:00,2020-02-26,0,0,0,0,0
0,0,0,2020-02-25 21:00:00,2020-02-25,0,0,0,0,0
0,0,0,2020-02-24 21:00:00,2020-02-24,0,0,0,0,0
0,0,0,2020-02-23 21:00:00,2020-02-23,0,0,0,0,0
0,0,0,2020-02-22 21:00:00,2020-02-22,0,0,0,0,0
0,0,0,2020-02-21 21:00:00,2020-02-21,0,0,0,0,0
0,0,0,2020-02-20 21:00:00,2020-02-20,0,0,0,0,0
0,0,0,2020-02-19 21:00:00,2020-02-19,0,0,0,0,0
0,0,0,2020-02-18 21:00:00,2020-02-18,0,0,0,0,0
0,0,0,2020-02-17 21:00:00,2020-02-17,0,0,0,0,0
0,0,0,2020-02-16 21:00:00,2020-02-16,0,0,0,0,0
0,0,0,2020-02-15 21:00:00,2020-02-15,0,0,0,0,0
0,0,0,2020-02-14 21:00:00,2020-02-14,0,0,0,0,0
0,0,0,2020-02-13 21:00:00,2020-02-13,0,0,0,0,0
0,0,0,2020-02-12 21:00:00,2020-02-12,0,0,0,0,0
0,0,0,2020-02-11 20:30:00,2020-02-11,0,0,0,0,0
0,0,0,2020-02-10 21:00:00,2020-02-10,0,0,0,0,0
0,0,0,2020-02-09 21:00:00,2020-02-09,0,0,0,0,0
0,0,0,2020-02-08 21:00:00,2020-02-08,0,0,0,0,0
0,0,0,2020-02-07 21:00:00,2020-02-07,0,0,0,0,0
0,0,0,2020-02-06 21:00:00,2020-02-06,0,0,0,0,0
0,0,0,2020-02-05 21:00:00,2020-02-05,0,0,0,0,0
0,0,0,2020-02-04 20:00:00,2020-02-04,0,0,0,0,0
0,0,0,2020-02-03 20:00:00,2020-02-03,0,0,0,0,0
0,0,0,2020-02-02 20:00:00,2020-02-02,0,0,0,0,0
0,0,0,2020-02-01 10:00:00,2020-02-01,0,0,0,0,0
0,0,0,2020-01-31 12:30:00,2020-01-31,0,0,0,0,0
0,0,0,2020-01-30 12:00:00,2020-01-30,0,0,0,0,0
0,0,0,2020-01-29 14:00:00,2020-01-29,0,0,0,0,0
0,0,0,2020-01-28 11:30:00,2020-01-28,0,0,0,0,0
0,0,0,2020-01-27 14:00:00,2020-01-27,0,0,0,0,0
0,0,0,2020-01-26 13:00:00,2020-01-26,0,0,0,0,0
0,0,0,2020-01-25 15:00:00,2020-01-25,0,0,0,0,0
0,0,0,2020-01-24 15:00:00,2020-01-24,0,0,0,0,0
0,0,0,2020-01-23 15:00:00,2020-01-23,0,0,0,0,0
0,0,0,2020-01-22 15:00:00,2020-01-22,0,0,0,0,0
0,0,0,2020-01-21 15:00:00,2020-01-21,0,0,0,0,0
