Confirmed,Recovered,Deaths,Date_last_updated_AEDT,date_day,New,DayElapsed,New_death,DayElapsed_death,New_recover
92426,5749,3536,2020-08-06 22:00:00,2020-08-06,572,140,6,138,9
91854,5740,3530,2020-08-05 22:00:00,2020-08-05,710,139,7,137,0
91144,5740,3523,2020-08-04 22:00:00,2020-08-04,870,138,8,136,27
90274,5713,3515,2020-08-03 22:00:00,2020-08-03,907,137,9,135,0
89367,5713,3506,2020-08-02 22:00:00,2020-08-02,1021,136,12,134,121
88346,5592,3494,2020-08-01 22:00:00,2020-08-01,1169,135,6,133,0
87177,5592,3488,2020-07-31 22:00:00,2020-07-31,892,134,10,132,0
86285,5592,3478,2020-07-30 22:00:00,2020-07-30,761,133,20,131,0
85524,5592,3458,2020-07-29 22:00:00,2020-07-29,648,132,11,130,158
84876,5434,3447,2020-07-28 22:00:00,2020-07-28,1128,131,7,129,0
83748,5434,3440,2020-07-27 22:00:00,2020-07-27,694,130,7,128,0
83054,5434,3433,2020-07-26 22:00:00,2020-07-26,1288,129,11,127,0
81766,5434,3422,2020-07-25 22:00:00,2020-07-25,930,128,13,126,0
80836,5434,3409,2020-07-24 22:00:00,2020-07-24,664,127,4,125,0
80172,5434,3405,2020-07-23 22:00:00,2020-07-23,627,126,3,124,54
79545,5380,3402,2020-07-22 22:00:00,2020-07-22,860,125,20,123,36
78685,5344,3382,2020-07-21 22:00:00,2020-07-21,554,124,5,122,0
78131,5344,3377,2020-07-20 22:00:00,2020-07-20,925,123,9,121,0
77206,5344,3368,2020-07-19 22:00:00,2020-07-19,835,122,9,120,58
76371,5286,3359,2020-07-18 22:00:00,2020-07-18,707,121,12,119,0
75664,5286,3347,2020-07-17 22:00:00,2020-07-17,648,120,6,118,48
75016,5238,3341,2020-07-16 22:00:00,2020-07-16,756,119,7,117,0
74260,5238,3334,2020-07-15 22:00:00,2020-07-15,733,118,9,116,8
73527,5230,3325,2020-07-14 22:00:00,2020-07-14,418,117,6,115,0
73109,5230,3319,2020-07-13 22:00:00,2020-07-13,642,116,9,114,40
72467,5190,3310,2020-07-12 22:00:00,2020-07-12,557,115,7,113,33
71910,5157,3303,2020-07-11 22:00:00,2020-07-11,463,114,15,112,25
71447,5132,3288,2020-07-10 22:00:00,2020-07-10,586,113,13,111,47
70861,5085,3275,2020-07-09 22:00:00,2020-07-09,465,112,9,110,49
70396,5036,3266,2020-07-08 22:00:00,2020-07-08,492,111,20,109,7
69904,5029,3246,2020-07-07 22:00:00,2020-07-07,272,110,3,108,0
69632,5029,3243,2020-07-06 22:00:00,2020-07-06,291,109,7,107,4
69341,5025,3236,2020-07-05 22:00:00,2020-07-05,380,108,13,106,2
68961,5023,3223,2020-07-04 22:00:00,2020-07-04,538,107,11,105,10
68423,5013,3212,2020-07-03 22:00:00,2020-07-03,505,106,7,104,12
67918,5001,3205,2020-07-02 22:00:00,2020-07-02,359,105,15,103,19
67559,4982,3190,2020-07-01 22:00:00,2020-07-01,305,104,15,102,3
67254,4979,3175,2020-06-30 22:00:00,2020-06-30,477,103,7,101,3
66777,4976,3168,2020-06-29 22:00:00,2020-06-29,327,102,11,100,41
66450,4935,3157,2020-06-28 22:00:00,2020-06-28,335,101,15,99,32
66115,4903,3142,2020-06-27 22:00:00,2020-06-27,338,100,13,98,29
65777,4874,3129,2020-06-26 22:00:00,2020-06-26,440,99,21,97,64
65337,4810,3108,2020-06-25 22:00:00,2020-06-25,330,98,16,96,13
65007,4797,3092,2020-06-24 22:00:00,2020-06-24,404,97,18,95,21
64603,4776,3074,2020-06-23 22:00:00,2020-06-23,297,96,8,94,3
64306,4773,3066,2020-06-22 22:00:00,2020-06-22,350,95,14,93,28
63956,4745,3052,2020-06-21 22:00:00,2020-06-21,408,94,22,92,60
63548,4685,3030,2020-06-20 22:00:00,2020-06-20,319,93,14,91,45
63229,4640,3016,2020-06-19 22:00:00,2020-06-19,260,92,20,90,44
62969,4596,2996,2020-06-18 22:00:00,2020-06-18,560,91,14,89,17
62409,4579,2982,2020-06-17 22:00:00,2020-06-17,377,90,35,88,12
62032,4567,2947,2020-06-16 22:00:00,2020-06-16,331,89,8,87,26
61701,4541,2939,2020-06-15 22:00:00,2020-06-15,396,88,13,86,5
61305,4536,2926,2020-06-14 22:00:00,2020-06-14,692,87,26,85,171
60613,4365,2900,2020-06-13 22:00:00,2020-06-13,416,86,25,84,0
60197,4365,2875,2020-06-12 22:00:00,2020-06-12,732,85,31,83,55
59465,4310,2844,2020-06-11 22:00:00,2020-06-11,561,84,33,82,31
58904,4279,2811,2020-06-10 22:00:00,2020-06-10,500,83,35,81,39
58404,4240,2776,2020-06-09 22:00:00,2020-06-09,431,82,27,80,0
57973,4240,2749,2020-06-08 22:00:00,2020-06-08,491,81,9,79,65
57482,4175,2740,2020-06-07 22:00:00,2020-06-07,712,80,38,78,16
56770,4159,2702,2020-06-06 22:00:00,2020-06-06,912,79,34,77,174
55858,3985,2668,2020-06-05 22:00:00,2020-06-05,876,78,27,76,15
54982,3970,2641,2020-06-04 22:00:00,2020-06-04,807,77,44,75,115
54175,3855,2597,2020-06-03 22:00:00,2020-06-03,848,76,45,74,73
53327,3782,2552,2020-06-02 22:00:00,2020-06-02,549,75,20,73,18
52778,3764,2532,2020-06-01 22:00:00,2020-06-01,763,74,23,72,115
52015,3649,2509,2020-05-31 22:00:00,2020-05-31,1027,73,43,71,78
50988,3571,2466,2020-05-30 22:00:00,2020-05-30,1279,72,38,70,103
49709,3468,2428,2020-05-29 22:00:00,2020-05-29,1286,71,36,69,67
48423,3401,2392,2020-05-28 22:00:00,2020-05-28,736,70,59,68,67
47687,3334,2333,2020-05-27 22:00:00,2020-05-27,535,69,31,67,5
47152,3329,2302,2020-05-26 22:00:00,2020-05-26,839,68,25,66,10
46313,3319,2277,2020-05-25 22:00:00,2020-05-25,818,67,34,65,36
45495,3283,2243,2020-05-24 22:00:00,2020-05-24,1071,66,36,64,40
44424,3243,2207,2020-05-23 22:00:00,2020-05-23,893,65,48,63,144
43531,3099,2159,2020-05-22 22:00:00,2020-05-22,1208,64,36,62,106
42323,2993,2123,2020-05-21 22:00:00,2020-05-21,777,63,42,61,125
41546,2868,2081,2020-05-20 22:00:00,2020-05-20,1784,62,58,60,51
39762,2817,2023,2020-05-19 22:00:00,2020-05-19,958,61,31,59,1
38804,2816,1992,2020-05-18 22:00:00,2020-05-18,836,60,35,58,10
37968,2806,1957,2020-05-17 22:00:00,2020-05-17,982,59,46,57,121
36986,2685,1911,2020-05-16 22:00:00,2020-05-16,1083,58,45,56,116
35903,2569,1866,2020-05-15 22:00:00,2020-05-15,1091,57,57,55,113
34812,2456,1809,2020-05-14 22:00:00,2020-05-14,751,56,53,54,62
34061,2394,1756,2020-05-13 22:00:00,2020-05-13,688,55,73,53,96
33373,2298,1683,2020-05-12 22:00:00,2020-05-12,786,54,39,52,5
32587,2293,1644,2020-05-11 22:00:00,2020-05-11,1053,53,30,51,134
31534,2159,1614,2020-05-10 22:00:00,2020-05-10,1049,52,54,50,118
30485,2041,1560,2020-05-09 22:00:00,2020-05-09,1111,51,57,49,138
29374,1903,1503,2020-05-08 22:00:00,2020-05-08,1211,50,66,48,0
28163,1903,1437,2020-05-07 22:00:00,2020-05-07,1046,49,47,47,93
27117,1810,1390,2020-05-06 22:00:00,2020-05-06,709,48,66,46,293
26408,1517,1324,2020-05-05 22:00:00,2020-05-05,946,47,0,45,0
25462,1517,1324,2020-05-04 22:00:00,2020-05-04,982,46,46,44,0
24480,1517,1278,2020-05-03 22:00:00,2020-05-03,1008,45,86,43,0
23472,1517,1192,2020-05-02 22:00:00,2020-05-02,1730,44,52,42,85
21742,1432,1140,2020-05-01 22:00:00,2020-05-01,893,43,62,41,169
20849,1263,1078,2020-04-30 22:00:00,2020-04-30,736,42,168,40,0
20113,1263,910,2020-04-29 22:00:00,2020-04-29,626,41,0,39,0
19487,1263,910,2020-04-28 22:00:00,2020-04-28,906,40,0,38,111
18581,1152,910,2020-04-27 22:00:00,2020-04-27,815,39,35,37,0
17766,1152,875,2020-04-26 22:00:00,2020-04-26,1150,38,77,36,171
16616,981,798,2020-04-25 22:00:00,2020-04-25,879,37,50,35,0
15737,981,748,2020-04-24 22:00:00,2020-04-24,962,36,50,34,0
14775,981,698,2020-04-23 22:00:00,2020-04-23,582,35,114,33,64
14193,917,584,2020-04-22 22:00:00,2020-04-22,509,34,2,32,0
13684,917,582,2020-04-21 22:00:00,2020-04-21,837,33,34,31,3
12847,914,548,2020-04-20 22:00:00,2020-04-20,521,32,11,30,143
12326,771,537,2020-04-19 22:00:00,2020-04-19,754,31,44,29,35
11572,736,493,2020-04-18 22:00:00,2020-04-18,788,30,101,28,0
10784,736,392,2020-04-17 22:00:00,2020-04-17,752,29,45,27,129
10032,607,347,2020-04-16 22:00:00,2020-04-16,560,28,45,26,13
9472,594,302,2020-04-15 22:00:00,2020-04-15,536,27,40,25,0
8936,594,262,2020-04-14 22:00:00,2020-04-14,711,26,27,24,138
8225,456,235,2020-04-13 22:00:00,2020-04-13,531,25,29,23,168
7694,288,206,2020-04-12 22:00:00,2020-04-12,726,24,35,22,0
6968,288,171,2020-04-11 22:00:00,2020-04-11,783,23,33,21,0
6185,288,138,2020-04-10 22:00:00,2020-04-10,656,22,14,20,0
5529,288,124,2020-04-09 22:00:00,2020-04-09,1158,21,21,19,0
4371,288,103,2020-04-08 22:00:00,2020-04-08,326,20,12,18,104
4045,184,91,2020-04-07 22:00:00,2020-04-07,428,19,24,17,111
3617,73,67,2020-04-06 22:00:00,2020-04-06,445,18,13,16,0
3172,73,54,2020-04-05 22:00:00,2020-04-05,414,17,11,15,20
2758,53,43,2020-04-04 21:00:00,2020-04-04,427,16,7,14,0
2331,53,36,2020-04-03 21:00:00,2020-04-03,345,15,5,13,0
1986,53,31,2020-04-02 21:00:00,2020-04-02,326,14,12,12,50
1660,3,19,2020-04-01 21:00:00,2020-04-01,247,13,4,11,0
1413,3,15,2020-03-31 21:00:00,2020-03-31,174,12,0,10,0
1239,3,15,2020-03-30 21:00:00,2020-03-30,171,11,5,9,0
1068,3,10,2020-03-29 21:00:00,2020-03-29,287,10,5,8,0
781,3,5,2020-03-28 21:00:00,2020-03-28,198,9,1,7,0
583,3,4,2020-03-27 21:10:00,2020-03-27,157,8,0,6,0
426,3,4,2020-03-26 22:20:00,2020-03-26,74,7,0,5,0
352,3,4,2020-03-25 23:20:00,2020-03-25,62,6,1,4,0
290,3,3,2020-03-24 21:20:00,2020-03-24,41,5,0,3,0
249,3,3,2020-03-23 21:40:00,2020-03-23,56,4,0,2,0
193,3,3,2020-03-22 21:00:00,2020-03-22,44,3,1,1,0
149,3,2,2020-03-21 21:00:00,2020-03-21,42,2,1,0,0
107,3,1,2020-03-20 21:20:00,2020-03-20,22,1,0,0,0
85,3,1,2020-03-19 21:30:00,2020-03-19,25,0,1,0,0
60,3,0,2020-03-18 22:00:00,2020-03-18,18,0,0,0,0
42,3,0,2020-03-17 21:00:00,2020-03-17,8,0,0,0,3
34,0,0,2020-03-16 21:00:00,2020-03-16,6,0,0,0,0
28,0,0,2020-03-15 21:00:00,2020-03-15,9,0,0,0,0
19,0,0,2020-03-14 21:00:00,2020-03-14,7,0,0,0,0
12,0,0,2020-03-13 21:00:00,2020-03-13,0,0,0,0,0
12,0,0,2020-03-12 21:00:00,2020-03-12,3,0,0,0,0
9,0,0,2020-03-11 21:00:00,2020-03-11,3,0,0,0,0
6,0,0,2020-03-10 21:00:00,2020-03-10,1,0,0,0,0
5,0,0,2020-03-09 21:00:00,2020-03-09,2,0,0,0,0
3,0,0,2020-03-08 21:00:00,2020-03-08,0,0,0,0,0
3,0,0,2020-03-07 21:00:00,2020-03-07,0,0,0,0,0
3,0,0,2020-03-06 21:00:00,2020-03-06,3,0,0,0,0
0,0,0,2020-03-05 21:00:00,2020-03-05,0,0,0,0,0
0,0,0,2020-03-04 21:00:00,2020-03-04,0,0,0,0,0
0,0,0,2020-03-03 21:00:00,2020-03-03,0,0,0,0,0
0,0,0,2020-03-02 21:00:00,2020-03-02,0,0,0,0,0
0,0,0,2020-03-01 21:00:00,2020-03-01,0,0,0,0,0
0,0,0,2020-02-29 21:00:00,2020-02-29,0,0,0,0,0
0,0,0,2020-02-28 21:00:00,2020-02-28,0,0,0,0,0
0,0,0,2020-02-27 21:00:00,2020-02-27,0,0,0,0,0
0,0,0,2020-02-26 21:00:00,2020-02-26,0,0,0,0,0
0,0,0,2020-02-25 21:00:00,2020-02-25,0,0,0,0,0
0,0,0,2020-02-24 21:00:00,2020-02-24,0,0,0,0,0
0,0,0,2020-02-23 21:00:00,2020-02-23,0,0,0,0,0
0,0,0,2020-02-22 21:00:00,2020-02-22,0,0,0,0,0
0,0,0,2020-02-21 21:00:00,2020-02-21,0,0,0,0,0
0,0,0,2020-02-20 21:00:00,2020-02-20,0,0,0,0,0
0,0,0,2020-02-19 21:00:00,2020-02-19,0,0,0,0,0
0,0,0,2020-02-18 21:00:00,2020-02-18,0,0,0,0,0
0,0,0,2020-02-17 21:00:00,2020-02-17,0,0,0,0,0
0,0,0,2020-02-16 21:00:00,2020-02-16,0,0,0,0,0
0,0,0,2020-02-15 21:00:00,2020-02-15,0,0,0,0,0
0,0,0,2020-02-14 21:00:00,2020-02-14,0,0,0,0,0
0,0,0,2020-02-13 21:00:00,2020-02-13,0,0,0,0,0
0,0,0,2020-02-12 21:00:00,2020-02-12,0,0,0,0,0
0,0,0,2020-02-11 20:30:00,2020-02-11,0,0,0,0,0
0,0,0,2020-02-10 21:00:00,2020-02-10,0,0,0,0,0
0,0,0,2020-02-09 21:00:00,2020-02-09,0,0,0,0,0
0,0,0,2020-02-08 21:00:00,2020-02-08,0,0,0,0,0
0,0,0,2020-02-07 21:00:00,2020-02-07,0,0,0,0,0
0,0,0,2020-02-06 21:00:00,2020-02-06,0,0,0,0,0
0,0,0,2020-02-05 21:00:00,2020-02-05,0,0,0,0,0
0,0,0,2020-02-04 20:00:00,2020-02-04,0,0,0,0,0
0,0,0,2020-02-03 20:00:00,2020-02-03,0,0,0,0,0
0,0,0,2020-02-02 20:00:00,2020-02-02,0,0,0,0,0
0,0,0,2020-02-01 10:00:00,2020-02-01,0,0,0,0,0
0,0,0,2020-01-31 12:30:00,2020-01-31,0,0,0,0,0
0,0,0,2020-01-30 12:00:00,2020-01-30,0,0,0,0,0
0,0,0,2020-01-29 14:00:00,2020-01-29,0,0,0,0,0
0,0,0,2020-01-28 11:30:00,2020-01-28,0,0,0,0,0
0,0,0,2020-01-27 14:00:00,2020-01-27,0,0,0,0,0
0,0,0,2020-01-26 13:00:00,2020-01-26,0,0,0,0,0
0,0,0,2020-01-25 15:00:00,2020-01-25,0,0,0,0,0
0,0,0,2020-01-24 15:00:00,2020-01-24,0,0,0,0,0
0,0,0,2020-01-23 15:00:00,2020-01-23,0,0,0,0,0
0,0,0,2020-01-22 15:00:00,2020-01-22,0,0,0,0,0
0,0,0,2020-01-21 15:00:00,2020-01-21,0,0,0,0,0
