Confirmed,Recovered,Deaths,Date_last_updated_AEDT,date_day,New,DayElapsed,New_death,DayElapsed_death,New_recover
119643,94347,8659,2020-08-06 22:00:00,2020-08-06,440,147,2,137,0
119203,94347,8657,2020-08-05 22:00:00,2020-08-05,546,146,9,136,0
118657,94347,8648,2020-08-04 22:00:00,2020-08-04,199,145,22,135,0
118458,94347,8626,2020-08-03 22:00:00,2020-08-03,418,144,0,134,0
118040,94347,8626,2020-08-02 22:00:00,2020-08-02,428,143,17,133,0
117612,94347,8609,2020-08-01 22:00:00,2020-08-01,514,142,14,132,0
117098,94347,8595,2020-07-31 22:00:00,2020-07-31,414,141,15,131,0
116684,94347,8580,2020-07-30 22:00:00,2020-07-30,502,140,29,130,0
116182,94347,8551,2020-07-29 22:00:00,2020-07-29,256,139,22,129,0
115926,94347,8529,2020-07-28 22:00:00,2020-07-28,289,138,0,128,0
115637,94347,8529,2020-07-27 22:00:00,2020-07-27,369,137,31,127,0
115268,94347,8498,2020-07-26 22:00:00,2020-07-26,283,136,0,126,0
114985,94347,8498,2020-07-25 22:00:00,2020-07-25,338,135,14,125,0
114647,94347,8484,2020-07-24 22:00:00,2020-07-24,327,134,16,124,0
114320,94347,8468,2020-07-23 22:00:00,2020-07-23,287,133,18,123,0
114033,94347,8450,2020-07-22 22:00:00,2020-07-22,243,132,17,122,0
113790,94347,8433,2020-07-21 22:00:00,2020-07-21,256,131,2,121,0
113534,94347,8431,2020-07-20 22:00:00,2020-07-20,296,130,12,120,0
113238,94347,8419,2020-07-19 22:00:00,2020-07-19,359,129,17,119,0
112879,94347,8402,2020-07-18 22:00:00,2020-07-18,298,128,22,118,0
112581,94347,8380,2020-07-17 22:00:00,2020-07-17,234,127,12,117,0
112347,94347,8368,2020-07-16 22:00:00,2020-07-16,217,126,28,116,0
112130,94347,8340,2020-07-15 22:00:00,2020-07-15,303,125,10,115,0
111827,94347,8330,2020-07-14 22:00:00,2020-07-14,230,124,5,114,0
111597,94347,8325,2020-07-13 22:00:00,2020-07-13,199,123,15,113,0
111398,94347,8310,2020-07-12 22:00:00,2020-07-12,288,122,14,112,1190
111110,93157,8296,2020-07-11 22:00:00,2020-07-11,213,121,28,111,0
110897,93157,8268,2020-07-10 22:00:00,2020-07-10,295,120,25,110,0
110602,93157,8243,2020-07-09 22:00:00,2020-07-09,264,119,30,109,0
110338,93157,8213,2020-07-08 22:00:00,2020-07-08,201,118,15,108,0
110137,93157,8198,2020-07-07 22:00:00,2020-07-07,163,117,15,107,0
109974,93157,8183,2020-07-06 22:00:00,2020-07-06,136,116,11,106,0
109838,93157,8172,2020-07-05 22:00:00,2020-07-05,210,115,23,105,0
109628,93157,8149,2020-07-04 22:00:00,2020-07-04,289,114,17,104,0
109339,93157,8132,2020-07-03 22:00:00,2020-07-03,196,113,51,103,0
109143,93157,8081,2020-07-02 22:00:00,2020-07-02,261,112,27,102,1753
108882,91404,8054,2020-07-01 22:00:00,2020-07-01,114,111,0,101,0
108768,91404,8054,2020-06-30 22:00:00,2020-06-30,101,110,0,100,0
108667,91404,8054,2020-06-29 22:00:00,2020-06-29,224,109,13,99,0
108443,91404,8041,2020-06-28 22:00:00,2020-06-28,373,108,28,98,0
108070,91404,8013,2020-06-27 22:00:00,2020-06-27,233,107,75,97,2679
107837,88725,7938,2020-06-26 22:00:00,2020-06-26,226,106,0,96,0
107611,88725,7938,2020-06-25 22:00:00,2020-06-25,172,105,64,95,0
107439,88725,7874,2020-06-24 22:00:00,2020-06-24,229,104,0,94,0
107210,88725,7874,2020-06-23 22:00:00,2020-06-23,149,103,16,93,0
107061,88725,7858,2020-06-22 22:00:00,2020-06-22,125,102,30,92,0
106936,88725,7828,2020-06-21 22:00:00,2020-06-21,286,101,28,91,0
106650,88725,7800,2020-06-20 22:00:00,2020-06-20,228,100,30,90,0
106422,88725,7770,2020-06-19 22:00:00,2020-06-19,271,99,36,89,4104
106151,84621,7734,2020-06-18 22:00:00,2020-06-18,266,98,69,88,0
105885,84621,7665,2020-06-17 22:00:00,2020-06-17,195,97,18,87,0
105690,84621,7647,2020-06-16 22:00:00,2020-06-16,87,96,23,86,0
105603,84621,7624,2020-06-15 22:00:00,2020-06-15,208,95,48,85,0
105395,84621,7576,2020-06-14 22:00:00,2020-06-14,336,94,38,84,0
105059,84621,7538,2020-06-13 22:00:00,2020-06-13,392,93,46,83,0
104667,84621,7492,2020-06-12 22:00:00,2020-06-12,511,92,38,82,6513
104156,78108,7454,2020-06-11 22:00:00,2020-06-11,265,91,46,81,0
103891,78108,7408,2020-06-10 22:00:00,2020-06-10,265,90,55,80,47671
103626,30437,7353,2020-06-09 22:00:00,2020-06-09,190,89,37,79,0
103436,30437,7316,2020-06-08 22:00:00,2020-06-08,304,88,27,78,0
103132,30437,7289,2020-06-07 22:00:00,2020-06-07,575,87,54,77,60
102557,30377,7235,2020-06-06 22:00:00,2020-06-06,494,86,34,76,3078
102063,27299,7201,2020-06-05 22:00:00,2020-06-05,471,85,49,75,0
101592,27299,7152,2020-06-04 22:00:00,2020-06-04,429,84,67,74,0
101163,27299,7085,2020-06-03 22:00:00,2020-06-03,358,83,50,73,0
100805,27299,7035,2020-06-02 22:00:00,2020-06-02,3840,82,189,72,2506
96965,24793,6846,2020-06-01 22:00:00,2020-06-01,664,81,78,71,0
96301,24793,6768,2020-05-31 22:00:00,2020-05-31,789,80,50,70,0
95512,24793,6718,2020-05-30 22:00:00,2020-05-30,617,79,78,69,703
94895,24090,6640,2020-05-29 22:00:00,2020-05-29,675,78,93,68,0
94220,24090,6547,2020-05-28 22:00:00,2020-05-28,527,77,74,67,0
93693,24090,6473,2020-05-27 22:00:00,2020-05-27,422,76,57,66,1176
93271,22914,6416,2020-05-26 22:00:00,2020-05-26,596,75,44,65,0
92675,22914,6372,2020-05-25 22:00:00,2020-05-25,1013,74,68,64,3202
91662,19712,6304,2020-05-24 22:00:00,2020-05-24,773,73,76,63,0
90889,19712,6228,2020-05-23 22:00:00,2020-05-23,805,72,80,62,3204
90084,16508,6148,2020-05-22 22:00:00,2020-05-22,1114,71,82,61,0
88970,16508,6066,2020-05-21 22:00:00,2020-05-21,1045,70,128,60,78
87925,16430,5938,2020-05-20 22:00:00,2020-05-20,873,69,76,59,1387
87052,15043,5862,2020-05-19 22:00:00,2020-05-19,1042,68,65,58,0
86010,15043,5797,2020-05-18 22:00:00,2020-05-18,1077,67,92,57,922
84933,14121,5705,2020-05-17 22:00:00,2020-05-17,1512,66,113,56,767
83421,13354,5592,2020-05-16 22:00:00,2020-05-16,1239,65,110,55,512
82182,12842,5482,2020-05-15 22:00:00,2020-05-15,1685,64,167,54,273
80497,12569,5315,2020-05-14 22:00:00,2020-05-14,1165,63,174,53,1281
79332,11288,5141,2020-05-13 22:00:00,2020-05-13,870,62,33,52,679
78462,10609,5108,2020-05-12 22:00:00,2020-05-12,669,61,129,51,2661
77793,7948,4979,2020-05-11 22:00:00,2020-05-11,1050,60,139,50,219
76743,7729,4840,2020-05-10 22:00:00,2020-05-10,1410,59,138,49,28
75333,7701,4702,2020-05-09 22:00:00,2020-05-09,1612,58,150,48,1114
73721,6587,4552,2020-05-08 22:00:00,2020-05-08,1696,57,132,47,879
72025,5708,4420,2020-05-07 22:00:00,2020-05-07,1754,56,208,46,806
70271,4902,4212,2020-05-06 22:00:00,2020-05-06,1184,55,208,45,192
69087,4710,4004,2020-05-05 22:00:00,2020-05-05,1000,54,158,44,0
68087,4710,3846,2020-05-04 22:00:00,2020-05-04,1824,53,0,43,0
66263,4710,3846,2020-05-03 22:00:00,2020-05-03,1952,52,130,42,3411
64311,1299,3716,2020-05-02 22:00:00,2020-05-02,2106,51,154,41,0
62205,1299,3562,2020-05-01 22:00:00,2020-05-01,1940,50,157,40,0
60265,1299,3405,2020-04-30 22:00:00,2020-04-30,1963,49,252,39,0
58302,1299,3153,2020-04-29 22:00:00,2020-04-29,1840,48,150,38,0
56462,1299,3003,2020-04-28 22:00:00,2020-04-28,1524,47,104,37,0
54938,1299,2899,2020-04-27 22:00:00,2020-04-27,1590,46,169,36,0
53348,1299,2730,2020-04-26 22:00:00,2020-04-26,2379,45,174,35,0
50969,1299,2556,2020-04-25 22:00:00,2020-04-25,4946,44,196,34,0
46023,1299,2360,2020-04-24 22:00:00,2020-04-24,3079,43,178,33,0
42944,1299,2182,2020-04-23 22:00:00,2020-04-23,1745,42,221,32,0
41199,1299,1961,2020-04-22 22:00:00,2020-04-22,1556,41,152,31,0
39643,1299,1809,2020-04-21 22:00:00,2020-04-21,1566,40,103,30,0
38077,1299,1706,2020-04-20 22:00:00,2020-04-20,1705,39,146,29,0
36372,1299,1560,2020-04-19 22:00:00,2020-04-19,1970,38,156,28,570
34402,729,1404,2020-04-18 22:00:00,2020-04-18,2221,37,159,27,0
32181,729,1245,2020-04-17 22:00:00,2020-04-17,2263,36,137,26,0
29918,729,1108,2020-04-16 22:00:00,2020-04-16,1754,35,151,25,0
28164,729,957,2020-04-15 22:00:00,2020-04-15,1297,34,113,24,0
26867,729,844,2020-04-14 22:00:00,2020-04-14,1392,33,88,23,0
25475,729,756,2020-04-13 22:00:00,2020-04-13,2615,32,70,22,0
22860,729,686,2020-04-12 22:00:00,2020-04-12,1886,31,87,21,0
20974,729,599,2020-04-11 22:00:00,2020-04-11,2033,30,96,20,0
18941,729,503,2020-04-10 22:00:00,2020-04-10,2151,29,70,19,418
16790,311,433,2020-04-09 22:00:00,2020-04-09,1588,28,77,18,0
15202,311,356,2020-04-08 22:00:00,2020-04-08,1365,27,96,17,0
13837,311,260,2020-04-07 22:00:00,2020-04-07,1337,26,29,16,301
12500,10,231,2020-04-06 22:00:00,2020-04-06,764,25,15,15,0
11736,10,216,2020-04-05 22:00:00,2020-04-05,1334,24,24,14,0
10402,10,192,2020-04-04 21:00:00,2020-04-04,1436,23,38,13,0
8966,10,154,2020-04-03 21:00:00,2020-04-03,1228,22,32,12,0
7738,10,122,2020-04-02 21:00:00,2020-04-02,1118,21,33,11,9
6620,1,89,2020-04-01 21:00:00,2020-04-01,868,20,33,10,0
5752,1,56,2020-03-31 21:00:00,2020-03-31,797,19,8,9,0
4955,1,48,2020-03-30 21:00:00,2020-03-30,698,18,4,8,0
4257,1,44,2020-03-29 21:00:00,2020-03-29,1017,17,9,7,0
3240,1,35,2020-03-28 21:00:00,2020-03-28,823,16,10,6,0
2417,1,25,2020-03-27 21:10:00,2020-03-27,579,15,10,5,0
1838,1,15,2020-03-26 22:20:00,2020-03-26,679,14,4,4,0
1159,1,11,2020-03-25 23:20:00,2020-03-25,382,13,2,3,0
777,1,9,2020-03-24 21:20:00,2020-03-24,131,12,4,2,0
646,1,5,2020-03-23 21:40:00,2020-03-23,117,11,3,1,0
529,1,2,2020-03-22 21:00:00,2020-03-22,116,10,1,0,0
413,1,1,2020-03-21 21:00:00,2020-03-21,85,9,1,0,0
328,1,0,2020-03-20 21:20:00,2020-03-20,72,8,0,0,0
256,1,0,2020-03-19 21:30:00,2020-03-19,38,7,0,0,0
218,1,0,2020-03-18 22:00:00,2020-03-18,21,6,0,0,0
197,1,0,2020-03-17 21:00:00,2020-03-17,33,5,0,0,0
164,1,0,2020-03-16 21:00:00,2020-03-16,26,4,0,0,0
138,1,0,2020-03-15 21:00:00,2020-03-15,15,3,0,0,0
123,1,0,2020-03-14 21:00:00,2020-03-14,15,2,0,0,0
108,1,0,2020-03-13 21:00:00,2020-03-13,13,1,0,0,0
95,1,0,2020-03-12 21:00:00,2020-03-12,3,0,0,0,0
92,1,0,2020-03-11 21:00:00,2020-03-11,51,0,0,0,0
41,1,0,2020-03-10 21:00:00,2020-03-10,13,0,0,0,0
28,1,0,2020-03-09 21:00:00,2020-03-09,15,0,0,0,0
13,1,0,2020-03-08 21:00:00,2020-03-08,5,0,0,0,0
8,1,0,2020-03-07 21:00:00,2020-03-07,4,0,0,0,0
4,1,0,2020-03-06 21:00:00,2020-03-06,2,0,0,0,0
2,1,0,2020-03-05 21:00:00,2020-03-05,0,0,0,0,0
2,1,0,2020-03-04 21:00:00,2020-03-04,0,0,0,0,0
2,1,0,2020-03-03 21:00:00,2020-03-03,1,0,0,0,0
1,1,0,2020-03-02 21:00:00,2020-03-02,0,0,0,0,0
1,1,0,2020-03-01 21:00:00,2020-03-01,0,0,0,0,1
1,0,0,2020-02-29 21:00:00,2020-02-29,0,0,0,0,0
1,0,0,2020-02-28 21:00:00,2020-02-28,0,0,0,0,0
1,0,0,2020-02-27 21:00:00,2020-02-27,0,0,0,0,0
1,0,0,2020-02-26 21:00:00,2020-02-26,0,0,0,0,0
1,0,0,2020-02-25 21:00:00,2020-02-25,0,0,0,0,0
1,0,0,2020-02-24 21:00:00,2020-02-24,0,0,0,0,0
1,0,0,2020-02-23 21:00:00,2020-02-23,0,0,0,0,0
1,0,0,2020-02-22 21:00:00,2020-02-22,0,0,0,0,0
1,0,0,2020-02-21 21:00:00,2020-02-21,0,0,0,0,0
1,0,0,2020-02-20 21:00:00,2020-02-20,0,0,0,0,0
1,0,0,2020-02-19 21:00:00,2020-02-19,0,0,0,0,0
1,0,0,2020-02-18 21:00:00,2020-02-18,0,0,0,0,0
1,0,0,2020-02-17 21:00:00,2020-02-17,0,0,0,0,0
1,0,0,2020-02-16 21:00:00,2020-02-16,0,0,0,0,0
1,0,0,2020-02-15 21:00:00,2020-02-15,0,0,0,0,0
1,0,0,2020-02-14 21:00:00,2020-02-14,0,0,0,0,0
1,0,0,2020-02-13 21:00:00,2020-02-13,0,0,0,0,0
1,0,0,2020-02-12 21:00:00,2020-02-12,0,0,0,0,0
1,0,0,2020-02-11 20:30:00,2020-02-11,0,0,0,0,0
1,0,0,2020-02-10 21:00:00,2020-02-10,0,0,0,0,0
1,0,0,2020-02-09 21:00:00,2020-02-09,0,0,0,0,0
1,0,0,2020-02-08 21:00:00,2020-02-08,0,0,0,0,0
1,0,0,2020-02-07 21:00:00,2020-02-07,0,0,0,0,0
1,0,0,2020-02-06 21:00:00,2020-02-06,0,0,0,0,0
1,0,0,2020-02-05 21:00:00,2020-02-05,0,0,0,0,0
1,0,0,2020-02-04 20:00:00,2020-02-04,0,0,0,0,0
1,0,0,2020-02-03 20:00:00,2020-02-03,0,0,0,0,0
1,0,0,2020-02-02 20:00:00,2020-02-02,1,0,0,0,0
0,0,0,2020-02-01 10:00:00,2020-02-01,0,0,0,0,0
0,0,0,2020-01-31 12:30:00,2020-01-31,0,0,0,0,0
0,0,0,2020-01-30 12:00:00,2020-01-30,0,0,0,0,0
0,0,0,2020-01-29 14:00:00,2020-01-29,0,0,0,0,0
0,0,0,2020-01-28 11:30:00,2020-01-28,0,0,0,0,0
0,0,0,2020-01-27 14:00:00,2020-01-27,0,0,0,0,0
0,0,0,2020-01-26 13:00:00,2020-01-26,0,0,0,0,0
0,0,0,2020-01-25 15:00:00,2020-01-25,0,0,0,0,0
0,0,0,2020-01-24 15:00:00,2020-01-24,0,0,0,0,0
0,0,0,2020-01-23 15:00:00,2020-01-23,0,0,0,0,0
0,0,0,2020-01-22 15:00:00,2020-01-22,0,0,0,0,0
0,0,0,2020-01-21 15:00:00,2020-01-21,0,0,0,0,0
