Confirmed,Recovered,Deaths,Date_last_updated_AEDT,date_day,New,DayElapsed,New_death,DayElapsed_death,New_recover
6444,5291,157,2020-08-06 22:00:00,2020-08-06,26,79,0,83,82
6418,5209,157,2020-08-05 22:00:00,2020-08-05,36,78,0,82,35
6382,5174,157,2020-08-04 22:00:00,2020-08-04,59,77,0,81,59
6323,5115,157,2020-08-03 22:00:00,2020-08-03,4,76,0,80,72
6319,5043,157,2020-08-02 22:00:00,2020-08-02,9,75,0,79,81
6310,4962,157,2020-08-01 22:00:00,2020-08-01,15,74,0,78,73
6295,4889,157,2020-07-31 22:00:00,2020-07-31,22,73,1,77,113
6273,4776,156,2020-07-30 22:00:00,2020-07-30,24,72,0,76,93
6249,4683,156,2020-07-29 22:00:00,2020-07-29,41,71,0,75,30
6208,4653,156,2020-07-28 22:00:00,2020-07-28,37,70,0,74,223
6171,4430,156,2020-07-27 22:00:00,2020-07-27,20,69,0,73,131
6151,4299,156,2020-07-26 22:00:00,2020-07-26,35,68,0,72,93
6116,4206,156,2020-07-25 22:00:00,2020-07-25,49,67,0,71,120
6067,4086,156,2020-07-24 22:00:00,2020-07-24,40,66,1,70,109
6027,3977,155,2020-07-23 22:00:00,2020-07-23,42,65,0,69,151
5985,3826,155,2020-07-22 22:00:00,2020-07-22,62,64,0,68,194
5923,3632,155,2020-07-21 22:00:00,2020-07-21,50,63,0,67,196
5873,3436,155,2020-07-20 22:00:00,2020-07-20,60,62,2,66,157
5813,3279,153,2020-07-19 22:00:00,2020-07-19,103,61,2,65,126
5710,3153,151,2020-07-18 22:00:00,2020-07-18,51,60,1,64,160
5659,2993,150,2020-07-17 22:00:00,2020-07-17,95,59,1,63,163
5564,2830,149,2020-07-16 22:00:00,2020-07-16,46,58,2,62,166
5518,2664,147,2020-07-15 22:00:00,2020-07-15,72,57,0,61,163
5446,2501,147,2020-07-14 22:00:00,2020-07-14,91,56,0,60,138
5355,2363,147,2020-07-13 22:00:00,2020-07-13,80,55,0,59,203
5275,2160,147,2020-07-12 22:00:00,2020-07-12,72,54,1,58,49
5203,2111,146,2020-07-11 22:00:00,2020-07-11,77,53,2,57,85
5126,2026,144,2020-07-10 22:00:00,2020-07-10,39,52,5,56,32
5087,1994,139,2020-07-09 22:00:00,2020-07-09,63,51,4,55,50
5024,1944,135,2020-07-08 22:00:00,2020-07-08,76,50,2,54,48
4948,1896,133,2020-07-07 22:00:00,2020-07-07,69,49,3,53,52
4879,1844,130,2020-07-06 22:00:00,2020-07-06,52,48,1,52,39
4827,1805,129,2020-07-05 22:00:00,2020-07-05,122,47,0,51,40
4705,1765,129,2020-07-04 22:00:00,2020-07-04,99,46,0,50,38
4606,1727,129,2020-07-03 22:00:00,2020-07-03,134,45,0,49,50
4472,1677,129,2020-07-02 22:00:00,2020-07-02,109,44,0,48,55
4363,1622,129,2020-07-01 22:00:00,2020-07-01,126,43,1,47,125
4237,1497,128,2020-06-30 22:00:00,2020-06-30,88,42,2,46,78
4149,1419,126,2020-06-29 22:00:00,2020-06-29,124,41,5,45,75
4025,1344,121,2020-06-28 22:00:00,2020-06-28,118,40,1,44,64
3907,1280,120,2020-06-27 22:00:00,2020-06-27,168,39,1,43,55
3739,1225,119,2020-06-26 22:00:00,2020-06-26,220,38,3,42,151
3519,1074,116,2020-06-25 22:00:00,2020-06-25,227,37,2,41,111
3292,963,114,2020-06-24 22:00:00,2020-06-24,171,36,2,40,58
3121,905,112,2020-06-23 22:00:00,2020-06-23,137,35,1,39,94
2984,811,111,2020-06-22 22:00:00,2020-06-22,171,34,3,38,115
2813,696,108,2020-06-21 22:00:00,2020-06-21,192,33,6,37,43
2621,653,102,2020-06-20 22:00:00,2020-06-20,197,32,5,36,103
2424,550,97,2020-06-19 22:00:00,2020-06-19,201,31,2,35,123
2223,427,95,2020-06-18 22:00:00,2020-06-18,166,30,2,34,54
2057,373,93,2020-06-17 22:00:00,2020-06-17,170,29,2,33,13
1887,360,91,2020-06-16 22:00:00,2020-06-16,104,28,4,32,28
1783,332,87,2020-06-15 22:00:00,2020-06-15,101,27,4,31,21
1682,311,83,2020-06-14 22:00:00,2020-06-14,110,26,2,30,33
1572,278,81,2020-06-13 22:00:00,2020-06-13,133,25,7,29,28
1439,250,74,2020-06-12 22:00:00,2020-06-12,156,24,3,28,108
1283,142,71,2020-06-11 22:00:00,2020-06-11,121,23,10,27,3
1162,139,61,2020-06-10 22:00:00,2020-06-10,58,22,2,26,20
1104,119,59,2020-06-09 22:00:00,2020-06-09,55,21,4,25,11
1049,108,55,2020-06-08 22:00:00,2020-06-08,102,20,6,24,4
947,104,49,2020-06-07 22:00:00,2020-06-07,64,19,6,23,35
883,69,43,2020-06-06 22:00:00,2020-06-06,99,18,4,22,4
784,65,39,2020-06-05 22:00:00,2020-06-05,39,17,5,21,8
745,57,34,2020-06-04 22:00:00,2020-06-04,77,16,3,20,2
668,55,31,2020-06-03 22:00:00,2020-06-03,80,15,8,19,28
588,27,23,2020-06-02 22:00:00,2020-06-02,58,14,0,18,0
530,27,23,2020-06-01 22:00:00,2020-06-01,47,13,3,17,6
483,21,20,2020-05-31 22:00:00,2020-05-31,60,12,0,16,0
423,21,20,2020-05-30 22:00:00,2020-05-30,77,11,1,15,6
346,15,19,2020-05-29 22:00:00,2020-05-29,54,10,3,14,0
292,15,16,2020-05-28 22:00:00,2020-05-28,24,9,3,13,0
268,15,13,2020-05-27 22:00:00,2020-05-27,6,8,4,12,0
262,15,9,2020-05-26 22:00:00,2020-05-26,25,7,3,11,0
237,15,6,2020-05-25 22:00:00,2020-05-25,10,6,0,10,8
227,7,6,2020-05-24 22:00:00,2020-05-24,27,5,0,9,0
200,7,6,2020-05-23 22:00:00,2020-05-23,27,4,1,8,0
173,7,5,2020-05-22 22:00:00,2020-05-22,32,3,1,7,0
141,7,4,2020-05-21 22:00:00,2020-05-21,10,2,0,6,0
131,7,4,2020-05-20 22:00:00,2020-05-20,50,1,0,5,0
81,7,4,2020-05-19 22:00:00,2020-05-19,19,0,0,4,0
62,7,4,2020-05-18 22:00:00,2020-05-18,22,0,0,3,0
40,7,4,2020-05-17 22:00:00,2020-05-17,11,0,1,2,0
29,7,3,2020-05-16 22:00:00,2020-05-16,9,0,1,1,0
20,7,2,2020-05-15 22:00:00,2020-05-15,4,0,0,0,1
16,6,2,2020-05-14 22:00:00,2020-05-14,7,0,1,0,0
9,6,1,2020-05-13 22:00:00,2020-05-13,1,0,0,0,0
8,6,1,2020-05-12 22:00:00,2020-05-12,0,0,0,0,0
8,6,1,2020-05-11 22:00:00,2020-05-11,0,0,0,0,0
8,6,1,2020-05-10 22:00:00,2020-05-10,0,0,0,0,0
8,6,1,2020-05-09 22:00:00,2020-05-09,0,0,0,0,0
8,6,1,2020-05-08 22:00:00,2020-05-08,0,0,0,0,0
8,6,1,2020-05-07 22:00:00,2020-05-07,0,0,0,0,0
8,6,1,2020-05-06 22:00:00,2020-05-06,0,0,0,0,0
8,6,1,2020-05-05 22:00:00,2020-05-05,0,0,0,0,0
8,6,1,2020-05-04 22:00:00,2020-05-04,0,0,0,0,0
8,6,1,2020-05-03 22:00:00,2020-05-03,0,0,0,0,0
8,6,1,2020-05-02 22:00:00,2020-05-02,0,0,0,0,0
8,6,1,2020-05-01 22:00:00,2020-05-01,0,0,0,0,0
8,6,1,2020-04-30 22:00:00,2020-04-30,1,0,0,0,0
7,6,1,2020-04-29 22:00:00,2020-04-29,0,0,0,0,0
7,6,1,2020-04-28 22:00:00,2020-04-28,0,0,0,0,0
7,6,1,2020-04-27 22:00:00,2020-04-27,0,0,0,0,0
7,6,1,2020-04-26 22:00:00,2020-04-26,0,0,0,0,0
7,6,1,2020-04-25 22:00:00,2020-04-25,0,0,0,0,0
7,6,1,2020-04-24 22:00:00,2020-04-24,0,0,0,0,0
7,6,1,2020-04-23 22:00:00,2020-04-23,0,0,0,0,0
7,6,1,2020-04-22 22:00:00,2020-04-22,0,0,0,0,0
7,6,1,2020-04-21 22:00:00,2020-04-21,0,0,0,0,0
7,6,1,2020-04-20 22:00:00,2020-04-20,0,0,0,0,0
7,6,1,2020-04-19 22:00:00,2020-04-19,0,0,0,0,4
7,2,1,2020-04-18 22:00:00,2020-04-18,0,0,0,0,0
7,2,1,2020-04-17 22:00:00,2020-04-17,0,0,0,0,0
7,2,1,2020-04-16 22:00:00,2020-04-16,0,0,0,0,0
7,2,1,2020-04-15 22:00:00,2020-04-15,0,0,0,0,0
7,2,1,2020-04-14 22:00:00,2020-04-14,0,0,0,0,0
7,2,1,2020-04-13 22:00:00,2020-04-13,0,0,0,0,0
7,2,1,2020-04-12 22:00:00,2020-04-12,0,0,0,0,0
7,2,1,2020-04-11 22:00:00,2020-04-11,0,0,0,0,0
7,2,1,2020-04-10 22:00:00,2020-04-10,1,0,0,0,0
6,2,1,2020-04-09 22:00:00,2020-04-09,0,0,0,0,0
6,2,1,2020-04-08 22:00:00,2020-04-08,0,0,0,0,0
6,2,1,2020-04-07 22:00:00,2020-04-07,0,0,0,0,0
6,2,1,2020-04-06 22:00:00,2020-04-06,0,0,0,0,0
6,2,1,2020-04-05 22:00:00,2020-04-05,0,0,0,0,0
6,2,1,2020-04-04 21:00:00,2020-04-04,0,0,0,0,0
6,2,1,2020-04-03 21:00:00,2020-04-03,0,0,0,0,0
6,2,1,2020-04-02 21:00:00,2020-04-02,0,0,0,0,0
6,2,1,2020-04-01 21:00:00,2020-04-01,0,0,0,0,0
6,2,1,2020-03-31 21:00:00,2020-03-31,1,0,1,0,0
5,2,0,2020-03-30 21:00:00,2020-03-30,0,0,0,0,2
5,0,0,2020-03-29 21:00:00,2020-03-29,0,0,0,0,0
5,0,0,2020-03-28 21:00:00,2020-03-28,2,0,0,0,0
3,0,0,2020-03-27 21:10:00,2020-03-27,0,0,0,0,0
3,0,0,2020-03-26 22:20:00,2020-03-26,1,0,0,0,0
2,0,0,2020-03-25 23:20:00,2020-03-25,0,0,0,0,0
2,0,0,2020-03-24 21:20:00,2020-03-24,0,0,0,0,0
2,0,0,2020-03-23 21:40:00,2020-03-23,0,0,0,0,0
2,0,0,2020-03-22 21:00:00,2020-03-22,0,0,0,0,0
2,0,0,2020-03-21 21:00:00,2020-03-21,0,0,0,0,0
2,0,0,2020-03-20 21:20:00,2020-03-20,0,0,0,0,0
2,0,0,2020-03-19 21:30:00,2020-03-19,1,0,0,0,0
1,0,0,2020-03-18 22:00:00,2020-03-18,0,0,0,0,0
1,0,0,2020-03-17 21:00:00,2020-03-17,0,0,0,0,0
1,0,0,2020-03-16 21:00:00,2020-03-16,0,0,0,0,0
1,0,0,2020-03-15 21:00:00,2020-03-15,0,0,0,0,0
1,0,0,2020-03-14 21:00:00,2020-03-14,1,0,0,0,0
0,0,0,2020-03-13 21:00:00,2020-03-13,0,0,0,0,0
0,0,0,2020-03-12 21:00:00,2020-03-12,0,0,0,0,0
0,0,0,2020-03-11 21:00:00,2020-03-11,0,0,0,0,0
0,0,0,2020-03-10 21:00:00,2020-03-10,0,0,0,0,0
0,0,0,2020-03-09 21:00:00,2020-03-09,0,0,0,0,0
0,0,0,2020-03-08 21:00:00,2020-03-08,0,0,0,0,0
0,0,0,2020-03-07 21:00:00,2020-03-07,0,0,0,0,0
0,0,0,2020-03-06 21:00:00,2020-03-06,0,0,0,0,0
0,0,0,2020-03-05 21:00:00,2020-03-05,0,0,0,0,0
0,0,0,2020-03-04 21:00:00,2020-03-04,0,0,0,0,0
0,0,0,2020-03-03 21:00:00,2020-03-03,0,0,0,0,0
0,0,0,2020-03-02 21:00:00,2020-03-02,0,0,0,0,0
0,0,0,2020-03-01 21:00:00,2020-03-01,0,0,0,0,0
0,0,0,2020-02-29 21:00:00,2020-02-29,0,0,0,0,0
0,0,0,2020-02-28 21:00:00,2020-02-28,0,0,0,0,0
0,0,0,2020-02-27 21:00:00,2020-02-27,0,0,0,0,0
0,0,0,2020-02-26 21:00:00,2020-02-26,0,0,0,0,0
0,0,0,2020-02-25 21:00:00,2020-02-25,0,0,0,0,0
0,0,0,2020-02-24 21:00:00,2020-02-24,0,0,0,0,0
0,0,0,2020-02-23 21:00:00,2020-02-23,0,0,0,0,0
0,0,0,2020-02-22 21:00:00,2020-02-22,0,0,0,0,0
0,0,0,2020-02-21 21:00:00,2020-02-21,0,0,0,0,0
0,0,0,2020-02-20 21:00:00,2020-02-20,0,0,0,0,0
0,0,0,2020-02-19 21:00:00,2020-02-19,0,0,0,0,0
0,0,0,2020-02-18 21:00:00,2020-02-18,0,0,0,0,0
0,0,0,2020-02-17 21:00:00,2020-02-17,0,0,0,0,0
0,0,0,2020-02-16 21:00:00,2020-02-16,0,0,0,0,0
0,0,0,2020-02-15 21:00:00,2020-02-15,0,0,0,0,0
0,0,0,2020-02-14 21:00:00,2020-02-14,0,0,0,0,0
0,0,0,2020-02-13 21:00:00,2020-02-13,0,0,0,0,0
0,0,0,2020-02-12 21:00:00,2020-02-12,0,0,0,0,0
0,0,0,2020-02-11 20:30:00,2020-02-11,0,0,0,0,0
0,0,0,2020-02-10 21:00:00,2020-02-10,0,0,0,0,0
0,0,0,2020-02-09 21:00:00,2020-02-09,0,0,0,0,0
0,0,0,2020-02-08 21:00:00,2020-02-08,0,0,0,0,0
0,0,0,2020-02-07 21:00:00,2020-02-07,0,0,0,0,0
0,0,0,2020-02-06 21:00:00,2020-02-06,0,0,0,0,0
0,0,0,2020-02-05 21:00:00,2020-02-05,0,0,0,0,0
0,0,0,2020-02-04 20:00:00,2020-02-04,0,0,0,0,0
0,0,0,2020-02-03 20:00:00,2020-02-03,0,0,0,0,0
0,0,0,2020-02-02 20:00:00,2020-02-02,0,0,0,0,0
0,0,0,2020-02-01 10:00:00,2020-02-01,0,0,0,0,0
0,0,0,2020-01-31 12:30:00,2020-01-31,0,0,0,0,0
0,0,0,2020-01-30 12:00:00,2020-01-30,0,0,0,0,0
0,0,0,2020-01-29 14:00:00,2020-01-29,0,0,0,0,0
0,0,0,2020-01-28 11:30:00,2020-01-28,0,0,0,0,0
0,0,0,2020-01-27 14:00:00,2020-01-27,0,0,0,0,0
0,0,0,2020-01-26 13:00:00,2020-01-26,0,0,0,0,0
0,0,0,2020-01-25 15:00:00,2020-01-25,0,0,0,0,0
0,0,0,2020-01-24 15:00:00,2020-01-24,0,0,0,0,0
0,0,0,2020-01-23 15:00:00,2020-01-23,0,0,0,0,0
0,0,0,2020-01-22 15:00:00,2020-01-22,0,0,0,0,0
0,0,0,2020-01-21 15:00:00,2020-01-21,0,0,0,0,0
