Confirmed,Recovered,Deaths,Date_last_updated_AEDT,date_day,New,DayElapsed,New_death,DayElapsed_death,New_recover
3031,2738,39,2020-08-06 22:00:00,2020-08-06,8,127,0,117,0
3023,2738,39,2020-08-05 22:00:00,2020-08-05,15,126,0,116,0
3008,2738,39,2020-08-04 22:00:00,2020-08-04,46,125,0,115,17
2962,2721,39,2020-08-03 22:00:00,2020-08-03,0,124,0,114,0
2962,2721,39,2020-08-02 22:00:00,2020-08-02,0,123,0,113,0
2962,2721,39,2020-08-01 22:00:00,2020-08-01,0,122,0,112,0
2962,2721,39,2020-07-31 22:00:00,2020-07-31,57,121,0,111,49
2905,2672,39,2020-07-30 22:00:00,2020-07-30,5,120,1,110,0
2900,2672,38,2020-07-29 22:00:00,2020-07-29,0,119,0,109,0
2900,2672,38,2020-07-28 22:00:00,2020-07-28,38,118,0,108,22
2862,2650,38,2020-07-27 22:00:00,2020-07-27,0,117,0,107,0
2862,2650,38,2020-07-26 22:00:00,2020-07-26,0,116,0,106,0
2862,2650,38,2020-07-25 22:00:00,2020-07-25,0,115,0,105,0
2862,2650,38,2020-07-24 22:00:00,2020-07-24,23,114,0,104,36
2839,2614,38,2020-07-23 22:00:00,2020-07-23,15,113,0,103,0
2824,2614,38,2020-07-22 22:00:00,2020-07-22,16,112,0,102,23
2808,2591,38,2020-07-21 22:00:00,2020-07-21,26,111,1,101,0
2782,2591,37,2020-07-20 22:00:00,2020-07-20,0,110,0,100,0
2782,2591,37,2020-07-19 22:00:00,2020-07-19,0,109,0,99,0
2782,2591,37,2020-07-18 22:00:00,2020-07-18,4,108,0,98,10
2778,2581,37,2020-07-17 22:00:00,2020-07-17,35,107,0,97,0
2743,2581,37,2020-07-16 22:00:00,2020-07-16,19,106,0,96,101
2724,2480,37,2020-07-15 22:00:00,2020-07-15,0,105,0,95,0
2724,2480,37,2020-07-14 22:00:00,2020-07-14,13,104,0,94,0
2711,2480,37,2020-07-13 22:00:00,2020-07-13,0,103,0,93,0
2711,2480,37,2020-07-12 22:00:00,2020-07-12,0,102,0,92,0
2711,2480,37,2020-07-11 22:00:00,2020-07-11,9,101,0,91,0
2702,2480,37,2020-07-10 22:00:00,2020-07-10,14,100,3,90,34
2688,2446,34,2020-07-09 22:00:00,2020-07-09,0,99,0,89,0
2688,2446,34,2020-07-08 22:00:00,2020-07-08,9,98,0,88,71
2679,2375,34,2020-07-07 22:00:00,2020-07-07,18,97,0,87,0
2661,2375,34,2020-07-06 22:00:00,2020-07-06,0,96,-1,86,0
2661,2375,35,2020-07-05 22:00:00,2020-07-05,0,95,0,85,0
2661,2375,35,2020-07-04 22:00:00,2020-07-04,11,94,0,84,34
2650,2341,35,2020-07-03 22:00:00,2020-07-03,7,93,0,83,0
2643,2341,35,2020-07-02 22:00:00,2020-07-02,40,92,0,82,16
2603,2325,35,2020-07-01 22:00:00,2020-07-01,43,91,3,81,0
2560,2325,32,2020-06-30 22:00:00,2020-06-30,52,90,0,80,107
2508,2218,32,2020-06-29 22:00:00,2020-06-29,0,89,0,79,0
2508,2218,32,2020-06-28 22:00:00,2020-06-28,0,88,0,78,0
2508,2218,32,2020-06-27 22:00:00,2020-06-27,0,87,0,77,0
2508,2218,32,2020-06-26 22:00:00,2020-06-26,41,86,0,76,0
2467,2218,32,2020-06-25 22:00:00,2020-06-25,33,85,1,75,30
2434,2188,31,2020-06-24 22:00:00,2020-06-24,0,84,0,74,0
2434,2188,31,2020-06-23 22:00:00,2020-06-23,30,83,0,73,122
2404,2066,31,2020-06-22 22:00:00,2020-06-22,0,82,0,72,0
2404,2066,31,2020-06-21 22:00:00,2020-06-21,10,81,2,71,0
2394,2066,29,2020-06-20 22:00:00,2020-06-20,11,80,0,70,0
2383,2066,29,2020-06-19 22:00:00,2020-06-19,38,79,0,69,0
2345,2066,29,2020-06-18 22:00:00,2020-06-18,12,78,0,68,8
2333,2058,29,2020-06-17 22:00:00,2020-06-17,23,77,0,67,0
2310,2058,29,2020-06-16 22:00:00,2020-06-16,12,76,0,66,268
2298,1790,29,2020-06-15 22:00:00,2020-06-15,16,75,1,65,0
2282,1790,28,2020-06-14 22:00:00,2020-06-14,14,74,0,64,0
2268,1790,28,2020-06-13 22:00:00,2020-06-13,28,73,0,63,136
2240,1654,28,2020-06-12 22:00:00,2020-06-12,14,72,0,62,0
2226,1654,28,2020-06-11 22:00:00,2020-06-11,51,71,0,61,0
2175,1654,28,2020-06-10 22:00:00,2020-06-10,24,70,3,60,0
2151,1654,25,2020-06-09 22:00:00,2020-06-09,72,69,0,59,131
2079,1523,25,2020-06-08 22:00:00,2020-06-08,0,68,0,58,0
2079,1523,25,2020-06-07 22:00:00,2020-06-07,0,67,0,57,0
2079,1523,25,2020-06-06 22:00:00,2020-06-06,21,66,0,56,0
2058,1523,25,2020-06-05 22:00:00,2020-06-05,65,65,1,55,0
1993,1523,24,2020-06-04 22:00:00,2020-06-04,7,64,0,54,50
1986,1473,24,2020-06-03 22:00:00,2020-06-03,52,63,0,53,0
1934,1473,24,2020-06-02 22:00:00,2020-06-02,235,62,3,52,88
1699,1385,21,2020-06-01 22:00:00,2020-06-01,0,61,0,51,0
1699,1385,21,2020-05-31 22:00:00,2020-05-31,0,60,0,50,0
1699,1385,21,2020-05-30 22:00:00,2020-05-30,29,59,0,49,70
1670,1315,21,2020-05-29 22:00:00,2020-05-29,25,58,1,48,1
1645,1314,20,2020-05-28 22:00:00,2020-05-28,11,57,0,47,420
1634,894,20,2020-05-27 22:00:00,2020-05-27,25,56,0,46,0
1609,894,20,2020-05-26 22:00:00,2020-05-26,22,55,0,45,0
1587,894,20,2020-05-25 22:00:00,2020-05-25,66,54,1,44,0
1521,894,19,2020-05-24 22:00:00,2020-05-24,0,53,0,43,0
1521,894,19,2020-05-23 22:00:00,2020-05-23,46,52,0,42,0
1475,894,19,2020-05-22 22:00:00,2020-05-22,0,51,0,41,0
1475,894,19,2020-05-21 22:00:00,2020-05-21,105,50,1,40,267
1370,627,18,2020-05-20 22:00:00,2020-05-20,0,49,0,39,0
1370,627,18,2020-05-19 22:00:00,2020-05-19,28,48,0,38,0
1342,627,18,2020-05-18 22:00:00,2020-05-18,30,47,0,37,0
1312,627,18,2020-05-17 22:00:00,2020-05-17,54,46,2,36,0
1258,627,16,2020-05-16 22:00:00,2020-05-16,48,45,0,35,0
1210,627,16,2020-05-15 22:00:00,2020-05-15,67,44,2,34,0
1143,627,14,2020-05-14 22:00:00,2020-05-14,48,43,2,33,135
1095,492,12,2020-05-13 22:00:00,2020-05-13,72,42,1,32,0
1023,492,11,2020-05-12 22:00:00,2020-05-12,0,41,0,31,0
1023,492,11,2020-05-11 22:00:00,2020-05-11,35,40,0,30,0
988,492,11,2020-05-10 22:00:00,2020-05-10,134,39,1,29,140
854,352,10,2020-05-09 22:00:00,2020-05-09,0,38,0,28,0
854,352,10,2020-05-08 22:00:00,2020-05-08,115,37,1,27,0
739,352,9,2020-05-07 22:00:00,2020-05-07,0,36,0,26,0
739,352,9,2020-05-06 22:00:00,2020-05-06,53,35,3,25,0
686,352,6,2020-05-05 22:00:00,2020-05-05,36,34,0,24,117
650,235,6,2020-05-04 22:00:00,2020-05-04,111,33,2,23,0
539,235,4,2020-05-03 22:00:00,2020-05-03,0,32,0,22,0
539,235,4,2020-05-02 22:00:00,2020-05-02,0,31,0,21,0
539,235,4,2020-05-01 22:00:00,2020-05-01,0,30,0,20,0
539,235,4,2020-04-30 22:00:00,2020-04-30,79,29,0,19,0
460,235,4,2020-04-29 22:00:00,2020-04-29,59,28,0,18,91
401,144,4,2020-04-28 22:00:00,2020-04-28,0,27,0,17,0
401,144,4,2020-04-27 22:00:00,2020-04-27,0,26,0,16,0
401,144,4,2020-04-26 22:00:00,2020-04-26,47,25,0,15,0
354,144,4,2020-04-25 22:00:00,2020-04-25,0,24,0,14,0
354,144,4,2020-04-24 22:00:00,2020-04-24,28,23,0,13,19
326,125,4,2020-04-23 22:00:00,2020-04-23,15,22,0,12,8
311,117,4,2020-04-22 22:00:00,2020-04-22,27,21,0,11,0
284,117,4,2020-04-21 22:00:00,2020-04-21,13,20,0,10,0
271,117,4,2020-04-20 22:00:00,2020-04-20,17,19,0,9,0
254,117,4,2020-04-19 22:00:00,2020-04-19,9,18,0,8,0
245,117,4,2020-04-18 22:00:00,2020-04-18,0,17,0,7,0
245,117,4,2020-04-17 22:00:00,2020-04-17,28,16,1,6,48
217,69,3,2020-04-16 22:00:00,2020-04-16,0,15,0,5,0
217,69,3,2020-04-15 22:00:00,2020-04-15,10,14,0,4,10
207,59,3,2020-04-14 22:00:00,2020-04-14,11,13,0,3,0
196,59,3,2020-04-13 22:00:00,2020-04-13,0,12,0,2,0
196,59,3,2020-04-12 22:00:00,2020-04-12,5,11,1,1,9
191,50,2,2020-04-11 22:00:00,2020-04-11,5,10,0,0,24
186,26,2,2020-04-10 22:00:00,2020-04-10,2,9,0,0,4
184,22,2,2020-04-09 22:00:00,2020-04-09,13,8,0,0,0
171,22,2,2020-04-08 22:00:00,2020-04-08,7,7,0,0,7
164,15,2,2020-04-07 22:00:00,2020-04-07,17,6,0,0,1
147,14,2,2020-04-06 22:00:00,2020-04-06,13,5,0,0,0
134,14,2,2020-04-05 22:00:00,2020-04-05,6,4,0,0,4
128,10,2,2020-04-04 21:00:00,2020-04-04,12,3,1,0,0
116,10,1,2020-04-03 21:00:00,2020-04-03,0,2,0,0,0
116,10,1,2020-04-02 21:00:00,2020-04-02,22,1,0,0,0
94,10,1,2020-04-01 21:00:00,2020-04-01,12,0,1,0,0
82,10,0,2020-03-31 21:00:00,2020-03-31,0,0,0,0,0
82,10,0,2020-03-30 21:00:00,2020-03-30,19,0,0,0,10
63,0,0,2020-03-29 21:00:00,2020-03-29,13,0,0,0,0
50,0,0,2020-03-28 21:00:00,2020-03-28,0,0,0,0,0
50,0,0,2020-03-27 21:10:00,2020-03-27,14,0,0,0,0
36,0,0,2020-03-26 22:20:00,2020-03-26,0,0,0,0,0
36,0,0,2020-03-25 23:20:00,2020-03-25,0,0,0,0,0
36,0,0,2020-03-24 21:20:00,2020-03-24,15,0,0,0,0
21,0,0,2020-03-23 21:40:00,2020-03-23,10,0,0,0,0
11,0,0,2020-03-22 21:00:00,2020-03-22,4,0,0,0,0
7,0,0,2020-03-21 21:00:00,2020-03-21,3,0,0,0,0
4,0,0,2020-03-20 21:20:00,2020-03-20,1,0,0,0,0
3,0,0,2020-03-19 21:30:00,2020-03-19,0,0,0,0,0
3,0,0,2020-03-18 22:00:00,2020-03-18,2,0,0,0,0
1,0,0,2020-03-17 21:00:00,2020-03-17,0,0,0,0,0
1,0,0,2020-03-16 21:00:00,2020-03-16,0,0,0,0,0
1,0,0,2020-03-15 21:00:00,2020-03-15,1,0,0,0,0
0,0,0,2020-03-14 21:00:00,2020-03-14,0,0,0,0,0
0,0,0,2020-03-13 21:00:00,2020-03-13,0,0,0,0,0
0,0,0,2020-03-12 21:00:00,2020-03-12,0,0,0,0,0
0,0,0,2020-03-11 21:00:00,2020-03-11,0,0,0,0,0
0,0,0,2020-03-10 21:00:00,2020-03-10,0,0,0,0,0
0,0,0,2020-03-09 21:00:00,2020-03-09,0,0,0,0,0
0,0,0,2020-03-08 21:00:00,2020-03-08,0,0,0,0,0
0,0,0,2020-03-07 21:00:00,2020-03-07,0,0,0,0,0
0,0,0,2020-03-06 21:00:00,2020-03-06,0,0,0,0,0
0,0,0,2020-03-05 21:00:00,2020-03-05,0,0,0,0,0
0,0,0,2020-03-04 21:00:00,2020-03-04,0,0,0,0,0
0,0,0,2020-03-03 21:00:00,2020-03-03,0,0,0,0,0
0,0,0,2020-03-02 21:00:00,2020-03-02,0,0,0,0,0
0,0,0,2020-03-01 21:00:00,2020-03-01,0,0,0,0,0
0,0,0,2020-02-29 21:00:00,2020-02-29,0,0,0,0,0
0,0,0,2020-02-28 21:00:00,2020-02-28,0,0,0,0,0
0,0,0,2020-02-27 21:00:00,2020-02-27,0,0,0,0,0
0,0,0,2020-02-26 21:00:00,2020-02-26,0,0,0,0,0
0,0,0,2020-02-25 21:00:00,2020-02-25,0,0,0,0,0
0,0,0,2020-02-24 21:00:00,2020-02-24,0,0,0,0,0
0,0,0,2020-02-23 21:00:00,2020-02-23,0,0,0,0,0
0,0,0,2020-02-22 21:00:00,2020-02-22,0,0,0,0,0
0,0,0,2020-02-21 21:00:00,2020-02-21,0,0,0,0,0
0,0,0,2020-02-20 21:00:00,2020-02-20,0,0,0,0,0
0,0,0,2020-02-19 21:00:00,2020-02-19,0,0,0,0,0
0,0,0,2020-02-18 21:00:00,2020-02-18,0,0,0,0,0
0,0,0,2020-02-17 21:00:00,2020-02-17,0,0,0,0,0
0,0,0,2020-02-16 21:00:00,2020-02-16,0,0,0,0,0
0,0,0,2020-02-15 21:00:00,2020-02-15,0,0,0,0,0
0,0,0,2020-02-14 21:00:00,2020-02-14,0,0,0,0,0
0,0,0,2020-02-13 21:00:00,2020-02-13,0,0,0,0,0
0,0,0,2020-02-12 21:00:00,2020-02-12,0,0,0,0,0
0,0,0,2020-02-11 20:30:00,2020-02-11,0,0,0,0,0
0,0,0,2020-02-10 21:00:00,2020-02-10,0,0,0,0,0
0,0,0,2020-02-09 21:00:00,2020-02-09,0,0,0,0,0
0,0,0,2020-02-08 21:00:00,2020-02-08,0,0,0,0,0
0,0,0,2020-02-07 21:00:00,2020-02-07,0,0,0,0,0
0,0,0,2020-02-06 21:00:00,2020-02-06,0,0,0,0,0
0,0,0,2020-02-05 21:00:00,2020-02-05,0,0,0,0,0
0,0,0,2020-02-04 20:00:00,2020-02-04,0,0,0,0,0
0,0,0,2020-02-03 20:00:00,2020-02-03,0,0,0,0,0
0,0,0,2020-02-02 20:00:00,2020-02-02,0,0,0,0,0
0,0,0,2020-02-01 10:00:00,2020-02-01,0,0,0,0,0
0,0,0,2020-01-31 12:30:00,2020-01-31,0,0,0,0,0
0,0,0,2020-01-30 12:00:00,2020-01-30,0,0,0,0,0
0,0,0,2020-01-29 14:00:00,2020-01-29,0,0,0,0,0
0,0,0,2020-01-28 11:30:00,2020-01-28,0,0,0,0,0
0,0,0,2020-01-27 14:00:00,2020-01-27,0,0,0,0,0
0,0,0,2020-01-26 13:00:00,2020-01-26,0,0,0,0,0
0,0,0,2020-01-25 15:00:00,2020-01-25,0,0,0,0,0
0,0,0,2020-01-24 15:00:00,2020-01-24,0,0,0,0,0
0,0,0,2020-01-23 15:00:00,2020-01-23,0,0,0,0,0
0,0,0,2020-01-22 15:00:00,2020-01-22,0,0,0,0,0
0,0,0,2020-01-21 15:00:00,2020-01-21,0,0,0,0,0
