Confirmed,Recovered,Deaths,Date_last_updated_AEDT,date_day,New,DayElapsed,New_death,DayElapsed_death,New_recover
57779,51223,1670,2020-08-06 22:00:00,2020-08-06,617,139,10,132,797
57162,50426,1660,2020-08-05 22:00:00,2020-08-05,602,138,4,131,861
56560,49565,1656,2020-08-04 22:00:00,2020-08-04,613,137,2,130,718
55947,48847,1654,2020-08-03 22:00:00,2020-08-03,759,136,8,129,728
55188,48119,1646,2020-08-02 22:00:00,2020-08-02,725,135,6,128,830
54463,47289,1640,2020-08-01 22:00:00,2020-08-01,771,134,6,127,324
53692,46965,1634,2020-07-31 22:00:00,2020-07-31,745,133,5,126,329
52947,46636,1629,2020-07-30 22:00:00,2020-07-30,666,132,9,125,649
52281,45987,1620,2020-07-29 22:00:00,2020-07-29,478,131,4,124,789
51803,45198,1616,2020-07-28 22:00:00,2020-07-28,648,130,2,123,767
51155,44431,1614,2020-07-27 22:00:00,2020-07-27,864,129,3,122,806
50291,43625,1611,2020-07-26 22:00:00,2020-07-26,803,128,5,121,743
49488,42882,1606,2020-07-25 22:00:00,2020-07-25,767,127,5,120,358
48721,42524,1601,2020-07-24 22:00:00,2020-07-24,760,126,9,119,290
47961,42234,1592,2020-07-23 22:00:00,2020-07-23,504,125,7,118,723
47457,41511,1585,2020-07-22 22:00:00,2020-07-22,350,124,0,117,769
47107,40742,1585,2020-07-21 22:00:00,2020-07-21,903,123,4,116,741
46204,40001,1581,2020-07-20 22:00:00,2020-07-20,734,122,3,115,691
45470,39310,1578,2020-07-19 22:00:00,2020-07-19,457,121,5,114,742
45013,38568,1573,2020-07-18 22:00:00,2020-07-18,666,120,7,113,278
44347,38290,1566,2020-07-17 22:00:00,2020-07-17,605,119,8,112,111
43742,38179,1558,2020-07-16 22:00:00,2020-07-16,572,118,10,111,430
43170,37749,1548,2020-07-15 22:00:00,2020-07-15,398,117,6,110,550
42772,37199,1542,2020-07-14 22:00:00,2020-07-14,491,116,2,109,617
42281,36582,1540,2020-07-13 22:00:00,2020-07-13,710,115,3,108,570
41571,36012,1537,2020-07-12 22:00:00,2020-07-12,804,114,4,107,570
40767,35442,1533,2020-07-11 22:00:00,2020-07-11,604,113,5,106,249
40163,35193,1528,2020-07-10 22:00:00,2020-07-10,574,112,5,105,291
39589,34902,1523,2020-07-09 22:00:00,2020-07-09,455,111,9,104,525
39134,34377,1514,2020-07-08 22:00:00,2020-07-08,565,110,3,103,470
38569,33907,1511,2020-07-07 22:00:00,2020-07-07,433,109,3,102,499
38136,33408,1508,2020-07-06 22:00:00,2020-07-06,512,108,5,101,1061
37624,32347,1503,2020-07-05 22:00:00,2020-07-05,0,107,0,100,0
37624,32347,1503,2020-07-04 22:00:00,2020-07-04,414,106,8,99,184
37210,32163,1495,2020-07-03 22:00:00,2020-07-03,494,105,13,98,216
36716,31947,1482,2020-07-02 22:00:00,2020-07-02,413,104,6,97,346
36303,31601,1476,2020-07-01 22:00:00,2020-07-01,442,103,6,96,376
35861,31225,1470,2020-06-30 22:00:00,2020-06-30,312,102,10,95,416
35549,30809,1460,2020-06-29 22:00:00,2020-06-29,516,101,8,94,408
35033,30401,1452,2020-06-28 22:00:00,2020-06-28,417,100,6,93,393
34616,30008,1446,2020-06-27 22:00:00,2020-06-27,493,99,5,92,154
34123,29854,1441,2020-06-26 22:00:00,2020-06-26,360,98,9,91,147
33763,29707,1432,2020-06-25 22:00:00,2020-06-25,294,97,7,90,308
33469,29399,1425,2020-06-24 22:00:00,2020-06-24,242,96,9,89,334
33227,29065,1416,2020-06-23 22:00:00,2020-06-23,307,95,4,88,402
32920,28663,1412,2020-06-22 22:00:00,2020-06-22,453,94,8,87,458
32467,28205,1404,2020-06-21 22:00:00,2020-06-21,436,93,11,86,496
32031,27709,1393,2020-06-20 22:00:00,2020-06-20,356,92,17,85,143
31675,27566,1376,2020-06-19 22:00:00,2020-06-19,379,91,19,84,162
31296,27404,1357,2020-06-18 22:00:00,2020-06-18,414,90,13,83,398
30882,27006,1344,2020-06-17 22:00:00,2020-06-17,189,89,9,82,397
30693,26609,1335,2020-06-16 22:00:00,2020-06-16,222,88,6,81,519
30471,26090,1329,2020-06-15 22:00:00,2020-06-15,299,87,15,80,470
30172,25620,1314,2020-06-14 22:00:00,2020-06-14,377,86,9,79,592
29795,25028,1305,2020-06-13 22:00:00,2020-06-13,479,85,25,78,158
29316,24870,1280,2020-06-12 22:00:00,2020-06-12,447,84,13,77,195
28869,24675,1267,2020-06-11 22:00:00,2020-06-11,346,83,39,76,454
28523,24221,1228,2020-06-10 22:00:00,2020-06-10,299,82,20,75,564
28224,23657,1208,2020-06-09 22:00:00,2020-06-09,338,81,11,74,665
27886,22992,1197,2020-06-08 22:00:00,2020-06-08,385,80,16,73,739
27501,22253,1181,2020-06-07 22:00:00,2020-06-07,521,79,22,72,389
26980,21864,1159,2020-06-06 22:00:00,2020-06-06,707,78,33,71,374
26273,21490,1126,2020-06-05 22:00:00,2020-06-05,403,77,29,70,321
25870,21169,1097,2020-06-04 22:00:00,2020-06-04,362,76,15,69,788
25508,20381,1082,2020-06-03 22:00:00,2020-06-03,300,75,22,68,940
25208,19441,1060,2020-06-02 22:00:00,2020-06-02,358,74,10,67,746
24850,18695,1050,2020-06-01 22:00:00,2020-06-01,660,73,14,66,831
24190,17864,1036,2020-05-31 22:00:00,2020-05-31,659,72,30,65,934
23531,16930,1006,2020-05-30 22:00:00,2020-05-30,584,71,29,64,275
22947,16655,977,2020-05-29 22:00:00,2020-05-29,483,70,35,63,341
22464,16314,942,2020-05-28 22:00:00,2020-05-28,504,69,34,62,791
21960,15523,908,2020-05-27 22:00:00,2020-05-27,645,68,18,61,707
21315,14816,890,2020-05-26 22:00:00,2020-05-26,742,67,12,60,701
20573,14115,878,2020-05-25 22:00:00,2020-05-25,728,66,17,59,630
19845,13485,861,2020-05-24 22:00:00,2020-05-24,840,65,10,58,789
19005,12696,851,2020-05-23 22:00:00,2020-05-23,805,64,33,57,208
18200,12488,818,2020-05-22 22:00:00,2020-05-22,530,63,32,56,261
17670,12227,786,2020-05-21 22:00:00,2020-05-21,641,62,29,55,687
17029,11540,757,2020-05-20 22:00:00,2020-05-20,657,61,17,54,776
16372,10764,740,2020-05-19 22:00:00,2020-05-19,704,60,9,53,0
15668,10764,731,2020-05-18 22:00:00,2020-05-18,699,59,22,52,493
14969,10271,709,2020-05-17 22:00:00,2020-05-17,729,58,17,51,768
14240,9503,692,2020-05-16 22:00:00,2020-05-16,805,57,20,50,367
13435,9136,672,2020-05-15 22:00:00,2020-05-15,518,56,34,49,349
12917,8787,638,2020-05-14 22:00:00,2020-05-14,423,55,24,48,1178
12494,7609,614,2020-05-13 22:00:00,2020-05-13,695,54,23,47,73
11799,7536,591,2020-05-12 22:00:00,2020-05-12,528,53,13,46,1232
11271,6304,578,2020-05-11 22:00:00,2020-05-11,481,52,20,45,0
10790,6304,558,2020-05-10 22:00:00,2020-05-10,702,51,24,44,607
10088,5697,534,2020-05-09 22:00:00,2020-05-09,723,50,26,43,389
9365,5308,508,2020-05-08 22:00:00,2020-05-08,786,49,23,42,303
8579,5005,485,2020-05-07 22:00:00,2020-05-07,728,48,30,41,391
7851,4614,455,2020-05-06 22:00:00,2020-05-06,617,47,28,40,402
7234,4212,427,2020-05-05 22:00:00,2020-05-05,571,46,9,39,1197
6663,3015,418,2020-05-04 22:00:00,2020-05-04,431,45,24,38,618
6232,2397,394,2020-05-03 22:00:00,2020-05-03,502,44,24,37,115
5730,2282,370,2020-05-02 22:00:00,2020-05-02,594,43,27,36,110
5136,2172,343,2020-05-01 22:00:00,2020-05-01,492,42,24,35,129
4644,2043,319,2020-04-30 22:00:00,2020-04-30,463,41,18,34,131
4181,1912,301,2020-04-29 22:00:00,2020-04-29,370,40,15,33,70
3811,1842,286,2020-04-28 22:00:00,2020-04-28,209,39,14,32,68
3602,1774,272,2020-04-27 22:00:00,2020-04-27,156,38,28,31,120
3446,1654,244,2020-04-26 22:00:00,2020-04-26,261,37,23,30,118
3185,1536,221,2020-04-25 22:00:00,2020-04-25,243,36,21,29,0
2942,1536,200,2020-04-24 22:00:00,2020-04-24,220,35,21,28,376
2722,1160,179,2020-04-23 22:00:00,2020-04-23,155,34,19,27,0
2567,1160,160,2020-04-22 22:00:00,2020-04-22,97,33,17,26,0
2470,1160,143,2020-04-21 22:00:00,2020-04-21,114,32,9,25,0
2356,1160,134,2020-04-20 22:00:00,2020-04-20,143,31,13,24,42
2213,1118,121,2020-04-19 22:00:00,2020-04-19,143,30,10,23,52
2070,1066,111,2020-04-18 22:00:00,2020-04-18,158,29,16,22,46
1912,1020,95,2020-04-17 22:00:00,2020-04-17,103,28,8,21,80
1809,940,87,2020-04-16 22:00:00,2020-04-16,114,27,8,20,31
1695,909,79,2020-04-15 22:00:00,2020-04-15,45,26,9,19,67
1650,842,70,2020-04-14 22:00:00,2020-04-14,29,25,0,18,0
1621,842,70,2020-04-13 22:00:00,2020-04-13,194,24,6,17,110
1427,732,64,2020-04-12 22:00:00,2020-04-12,91,23,7,16,0
1336,732,57,2020-04-11 22:00:00,2020-04-11,94,22,7,15,57
1242,675,50,2020-04-10 22:00:00,2020-04-10,88,21,11,14,43
1154,632,39,2020-04-09 22:00:00,2020-04-09,85,20,5,13,83
1069,549,34,2020-04-08 22:00:00,2020-04-08,83,19,4,12,79
986,470,30,2020-04-07 22:00:00,2020-04-07,51,18,1,11,19
935,451,29,2020-04-06 22:00:00,2020-04-06,70,17,5,10,11
865,440,24,2020-04-05 22:00:00,2020-04-05,76,16,2,9,30
789,410,22,2020-04-04 21:00:00,2020-04-04,47,15,4,8,68
742,342,18,2020-04-03 21:00:00,2020-04-03,53,14,1,7,0
689,342,17,2020-04-02 21:00:00,2020-04-02,60,13,5,6,342
629,0,12,2020-04-01 21:00:00,2020-04-01,53,12,2,5,0
576,0,10,2020-03-31 21:00:00,2020-03-31,73,11,1,4,0
503,0,9,2020-03-30 21:00:00,2020-03-30,62,10,4,3,0
441,0,5,2020-03-29 21:00:00,2020-03-29,43,9,1,2,0
398,0,4,2020-03-28 21:00:00,2020-03-28,52,8,2,1,0
346,0,2,2020-03-27 21:10:00,2020-03-27,59,7,1,0,0
287,0,1,2020-03-26 22:20:00,2020-03-26,25,6,0,0,0
262,0,1,2020-03-25 23:20:00,2020-03-25,27,5,0,0,0
235,0,1,2020-03-24 21:20:00,2020-03-24,66,4,0,0,0
169,0,1,2020-03-23 21:40:00,2020-03-23,32,3,0,0,0
137,0,1,2020-03-22 21:00:00,2020-03-22,22,2,1,0,0
115,0,0,2020-03-21 21:00:00,2020-03-21,26,1,0,0,0
89,0,0,2020-03-20 21:20:00,2020-03-20,13,0,0,0,0
76,0,0,2020-03-19 21:30:00,2020-03-19,16,0,0,0,0
60,0,0,2020-03-18 22:00:00,2020-03-18,6,0,0,0,0
54,0,0,2020-03-17 21:00:00,2020-03-17,19,0,0,0,0
35,0,0,2020-03-16 21:00:00,2020-03-16,14,0,0,0,0
21,0,0,2020-03-15 21:00:00,2020-03-15,7,0,0,0,0
14,0,0,2020-03-14 21:00:00,2020-03-14,5,0,0,0,0
9,0,0,2020-03-13 21:00:00,2020-03-13,4,0,0,0,0
5,0,0,2020-03-12 21:00:00,2020-03-12,2,0,0,0,0
3,0,0,2020-03-11 21:00:00,2020-03-11,1,0,0,0,0
2,0,0,2020-03-10 21:00:00,2020-03-10,0,0,0,0,0
2,0,0,2020-03-09 21:00:00,2020-03-09,1,0,0,0,0
1,0,0,2020-03-08 21:00:00,2020-03-08,0,0,0,0,0
1,0,0,2020-03-07 21:00:00,2020-03-07,1,0,0,0,0
0,0,0,2020-03-06 21:00:00,2020-03-06,0,0,0,0,0
0,0,0,2020-03-05 21:00:00,2020-03-05,0,0,0,0,0
0,0,0,2020-03-04 21:00:00,2020-03-04,0,0,0,0,0
0,0,0,2020-03-03 21:00:00,2020-03-03,0,0,0,0,0
0,0,0,2020-03-02 21:00:00,2020-03-02,0,0,0,0,0
0,0,0,2020-03-01 21:00:00,2020-03-01,0,0,0,0,0
0,0,0,2020-02-29 21:00:00,2020-02-29,0,0,0,0,0
0,0,0,2020-02-28 21:00:00,2020-02-28,0,0,0,0,0
0,0,0,2020-02-27 21:00:00,2020-02-27,0,0,0,0,0
0,0,0,2020-02-26 21:00:00,2020-02-26,0,0,0,0,0
0,0,0,2020-02-25 21:00:00,2020-02-25,0,0,0,0,0
0,0,0,2020-02-24 21:00:00,2020-02-24,0,0,0,0,0
0,0,0,2020-02-23 21:00:00,2020-02-23,0,0,0,0,0
0,0,0,2020-02-22 21:00:00,2020-02-22,0,0,0,0,0
0,0,0,2020-02-21 21:00:00,2020-02-21,0,0,0,0,0
0,0,0,2020-02-20 21:00:00,2020-02-20,0,0,0,0,0
0,0,0,2020-02-19 21:00:00,2020-02-19,0,0,0,0,0
0,0,0,2020-02-18 21:00:00,2020-02-18,0,0,0,0,0
0,0,0,2020-02-17 21:00:00,2020-02-17,0,0,0,0,0
0,0,0,2020-02-16 21:00:00,2020-02-16,0,0,0,0,0
0,0,0,2020-02-15 21:00:00,2020-02-15,0,0,0,0,0
0,0,0,2020-02-14 21:00:00,2020-02-14,0,0,0,0,0
0,0,0,2020-02-13 21:00:00,2020-02-13,0,0,0,0,0
0,0,0,2020-02-12 21:00:00,2020-02-12,0,0,0,0,0
0,0,0,2020-02-11 20:30:00,2020-02-11,0,0,0,0,0
0,0,0,2020-02-10 21:00:00,2020-02-10,0,0,0,0,0
0,0,0,2020-02-09 21:00:00,2020-02-09,0,0,0,0,0
0,0,0,2020-02-08 21:00:00,2020-02-08,0,0,0,0,0
0,0,0,2020-02-07 21:00:00,2020-02-07,0,0,0,0,0
0,0,0,2020-02-06 21:00:00,2020-02-06,0,0,0,0,0
0,0,0,2020-02-05 21:00:00,2020-02-05,0,0,0,0,0
0,0,0,2020-02-04 20:00:00,2020-02-04,0,0,0,0,0
0,0,0,2020-02-03 20:00:00,2020-02-03,0,0,0,0,0
0,0,0,2020-02-02 20:00:00,2020-02-02,0,0,0,0,0
0,0,0,2020-02-01 10:00:00,2020-02-01,0,0,0,0,0
0,0,0,2020-01-31 12:30:00,2020-01-31,0,0,0,0,0
0,0,0,2020-01-30 12:00:00,2020-01-30,0,0,0,0,0
0,0,0,2020-01-29 14:00:00,2020-01-29,0,0,0,0,0
0,0,0,2020-01-28 11:30:00,2020-01-28,0,0,0,0,0
0,0,0,2020-01-27 14:00:00,2020-01-27,0,0,0,0,0
0,0,0,2020-01-26 13:00:00,2020-01-26,0,0,0,0,0
0,0,0,2020-01-25 15:00:00,2020-01-25,0,0,0,0,0
0,0,0,2020-01-24 15:00:00,2020-01-24,0,0,0,0,0
0,0,0,2020-01-23 15:00:00,2020-01-23,0,0,0,0,0
0,0,0,2020-01-22 15:00:00,2020-01-22,0,0,0,0,0
0,0,0,2020-01-21 15:00:00,2020-01-21,0,0,0,0,0
