Confirmed,Recovered,Deaths,Date_last_updated_AEDT,date_day,New,DayElapsed,New_death,DayElapsed_death,New_recover
55968,4102,1348,2020-08-06 22:00:00,2020-08-06,1175,137,12,139,0
54793,4102,1336,2020-08-05 22:00:00,2020-08-05,1341,136,18,138,0
53452,4102,1318,2020-08-04 22:00:00,2020-08-04,1419,135,2,137,0
52033,4102,1316,2020-08-03 22:00:00,2020-08-03,0,134,0,136,0
52033,4102,1316,2020-08-02 22:00:00,2020-08-02,1061,133,8,135,0
50972,4102,1308,2020-08-01 22:00:00,2020-08-01,1538,132,22,134,0
49434,4102,1286,2020-07-31 22:00:00,2020-07-31,1770,131,15,133,0
47664,4102,1271,2020-07-30 22:00:00,2020-07-30,1547,130,10,132,0
46117,4102,1261,2020-07-29 22:00:00,2020-07-29,1675,129,15,131,0
44442,4102,1246,2020-07-28 22:00:00,2020-07-28,1191,128,10,130,0
43251,4102,1236,2020-07-27 22:00:00,2020-07-27,976,127,7,129,0
42275,4102,1229,2020-07-26 22:00:00,2020-07-26,894,126,3,128,0
41381,4102,1226,2020-07-25 22:00:00,2020-07-25,1699,125,11,127,0
39682,4102,1215,2020-07-24 22:00:00,2020-07-24,1272,124,19,126,0
38410,4102,1196,2020-07-23 22:00:00,2020-07-23,1249,123,13,125,0
37161,4102,1183,2020-07-22 22:00:00,2020-07-22,1337,122,13,124,0
35824,4102,1170,2020-07-21 22:00:00,2020-07-21,602,121,3,123,0
35222,4102,1167,2020-07-20 22:00:00,2020-07-20,755,120,5,122,0
34467,4102,1162,2020-07-19 22:00:00,2020-07-19,558,119,3,121,0
33909,4102,1159,2020-07-18 22:00:00,2020-07-18,890,118,4,120,0
33019,4102,1155,2020-07-17 22:00:00,2020-07-17,859,117,3,119,0
32160,4102,1152,2020-07-16 22:00:00,2020-07-16,946,116,12,118,0
31214,4102,1140,2020-07-15 22:00:00,2020-07-15,1152,115,7,117,0
30062,4102,1133,2020-07-14 22:00:00,2020-07-14,976,114,17,116,0
29086,4102,1116,2020-07-13 22:00:00,2020-07-13,336,113,0,115,0
28750,4102,1116,2020-07-12 22:00:00,2020-07-12,891,112,12,114,0
27859,4102,1104,2020-07-11 22:00:00,2020-07-11,673,111,2,113,0
27186,4102,1102,2020-07-10 22:00:00,2020-07-10,845,110,12,112,0
26341,4102,1090,2020-07-09 22:00:00,2020-07-09,757,109,1,111,0
25584,4102,1089,2020-07-08 22:00:00,2020-07-08,1134,108,16,110,0
24450,4102,1073,2020-07-07 22:00:00,2020-07-07,0,107,0,109,0
24450,4102,1073,2020-07-06 22:00:00,2020-07-06,270,106,0,108,0
24180,4102,1073,2020-07-05 22:00:00,2020-07-05,457,105,2,107,0
23723,4102,1071,2020-07-04 22:00:00,2020-07-04,616,104,16,106,0
23107,4102,1055,2020-07-03 22:00:00,2020-07-03,402,103,6,105,0
22705,4102,1049,2020-07-02 22:00:00,2020-07-02,350,102,11,104,0
22355,4102,1038,2020-07-01 22:00:00,2020-07-01,574,101,14,103,0
21781,4102,1024,2020-06-30 22:00:00,2020-06-30,575,100,0,102,0
21206,4102,1024,2020-06-29 22:00:00,2020-06-29,382,99,2,101,0
20824,4102,1022,2020-06-28 22:00:00,2020-06-28,284,98,3,100,0
20540,4102,1019,2020-06-27 22:00:00,2020-06-27,976,97,60,99,9
19564,4093,959,2020-06-26 22:00:00,2020-06-26,461,96,3,98,50
19103,4043,956,2020-06-25 22:00:00,2020-06-25,294,95,4,97,8
18809,4035,952,2020-06-24 22:00:00,2020-06-24,393,94,5,96,25
18416,4010,947,2020-06-23 22:00:00,2020-06-23,130,93,4,95,76
18286,3934,943,2020-06-22 22:00:00,2020-06-22,397,92,0,94,0
17889,3934,943,2020-06-21 22:00:00,2020-06-21,336,91,7,93,0
17553,3934,936,2020-06-20 22:00:00,2020-06-20,279,90,3,92,19
17274,3915,933,2020-06-19 22:00:00,2020-06-19,340,89,37,91,115
16934,3800,896,2020-06-18 22:00:00,2020-06-18,245,88,19,90,7
16689,3793,877,2020-06-17 22:00:00,2020-06-17,215,87,3,89,7
16474,3786,874,2020-06-16 22:00:00,2020-06-16,362,86,0,88,87
16112,3699,874,2020-06-15 22:00:00,2020-06-15,20,85,2,87,0
16092,3699,872,2020-06-14 22:00:00,2020-06-14,219,84,2,86,0
15873,3699,870,2020-06-13 22:00:00,2020-06-13,174,83,8,85,54
15699,3645,862,2020-06-12 22:00:00,2020-06-12,187,82,11,84,88
15512,3557,851,2020-06-11 22:00:00,2020-06-11,160,81,6,83,46
15352,3511,845,2020-06-10 22:00:00,2020-06-10,194,80,22,82,17
15158,3494,823,2020-06-09 22:00:00,2020-06-09,135,79,8,81,45
15023,3449,815,2020-06-08 22:00:00,2020-06-08,72,78,0,80,0
14951,3449,815,2020-06-07 22:00:00,2020-06-07,379,77,10,79,0
14572,3449,805,2020-06-06 22:00:00,2020-06-06,134,76,10,78,42
14438,3407,795,2020-06-05 22:00:00,2020-06-05,249,75,4,77,89
14189,3318,791,2020-06-04 22:00:00,2020-06-04,174,74,5,76,0
14015,3318,786,2020-06-03 22:00:00,2020-06-03,294,73,10,75,55
13721,3263,776,2020-06-02 22:00:00,2020-06-02,283,72,0,74,78
13438,3185,776,2020-06-01 22:00:00,2020-06-01,140,71,2,73,0
13298,3185,774,2020-05-31 22:00:00,2020-05-31,214,70,44,72,0
13084,3185,730,2020-05-30 22:00:00,2020-05-30,95,69,22,71,4
12989,3181,708,2020-05-29 22:00:00,2020-05-29,173,68,11,70,129
12816,3052,697,2020-05-28 22:00:00,2020-05-28,237,67,4,69,5
12579,3047,693,2020-05-27 22:00:00,2020-05-27,103,66,4,68,30
12476,3017,689,2020-05-26 22:00:00,2020-05-26,327,65,3,67,0
12149,3017,686,2020-05-25 22:00:00,2020-05-25,183,64,4,66,0
11966,3017,682,2020-05-24 22:00:00,2020-05-24,122,63,5,65,0
11844,3017,677,2020-05-23 22:00:00,2020-05-23,147,62,9,64,52
11697,2965,668,2020-05-22 22:00:00,2020-05-22,169,61,28,63,0
11528,2965,640,2020-05-21 22:00:00,2020-05-21,135,60,9,62,40
11393,2925,631,2020-05-20 22:00:00,2020-05-20,151,59,20,61,56
11242,2869,611,2020-05-19 22:00:00,2020-05-19,152,58,9,60,62
11090,2807,602,2020-05-18 22:00:00,2020-05-18,131,57,8,59,0
10959,2807,594,2020-05-17 22:00:00,2020-05-17,193,56,13,58,0
10766,2807,581,2020-05-16 22:00:00,2020-05-16,172,55,15,57,102
10594,2705,566,2020-05-15 22:00:00,2020-05-15,201,54,15,56,51
10393,2654,551,2020-05-14 22:00:00,2020-05-14,138,53,21,55,0
10255,2654,530,2020-05-13 22:00:00,2020-05-13,98,52,16,54,125
10157,2529,514,2020-05-12 22:00:00,2020-05-12,89,51,11,53,6
10068,2523,503,2020-05-11 22:00:00,2020-05-11,166,50,10,52,0
9902,2523,493,2020-05-10 22:00:00,2020-05-10,169,49,10,51,253
9733,2270,483,2020-05-09 22:00:00,2020-05-09,152,48,34,50,147
9581,2123,449,2020-05-08 22:00:00,2020-05-08,258,47,21,49,60
9323,2063,428,2020-05-07 22:00:00,2020-05-07,202,46,19,48,10
9121,2053,409,2020-05-06 22:00:00,2020-05-06,175,45,23,47,66
8946,1987,386,2020-05-05 22:00:00,2020-05-05,328,44,5,46,28
8618,1959,381,2020-05-04 22:00:00,2020-05-04,262,43,5,45,3
8356,1956,376,2020-05-03 22:00:00,2020-05-03,278,42,16,44,38
8078,1918,360,2020-05-02 22:00:00,2020-05-02,253,41,9,43,78
7825,1840,351,2020-05-01 22:00:00,2020-05-01,165,40,13,42,111
7660,1729,338,2020-04-30 22:00:00,2020-04-30,210,39,8,41,12
7450,1717,330,2020-04-29 22:00:00,2020-04-29,143,38,27,40,34
7307,1683,303,2020-04-28 22:00:00,2020-04-28,187,37,20,39,119
7120,1564,283,2020-04-27 22:00:00,2020-04-27,185,36,0,38,1
6935,1563,283,2020-04-26 22:00:00,2020-04-26,147,35,11,37,19
6788,1544,272,2020-04-25 22:00:00,2020-04-25,282,34,20,36,14
6506,1530,252,2020-04-24 22:00:00,2020-04-24,200,33,10,35,273
6306,1257,242,2020-04-23 22:00:00,2020-04-23,164,32,13,34,17
6142,1240,229,2020-04-22 22:00:00,2020-04-22,179,31,14,33,23
5963,1217,215,2020-04-21 22:00:00,2020-04-21,156,30,16,32,672
5807,545,199,2020-04-20 22:00:00,2020-04-20,211,29,1,31,34
5596,511,198,2020-04-19 22:00:00,2020-04-19,150,28,9,30,9
5446,502,189,2020-04-18 22:00:00,2020-04-18,207,27,14,29,30
5239,472,175,2020-04-17 22:00:00,2020-04-17,235,26,9,28,29
5004,443,166,2020-04-16 22:00:00,2020-04-16,220,25,13,27,127
4784,316,153,2020-04-15 22:00:00,2020-04-15,253,24,16,26,97
4531,219,137,2020-04-14 22:00:00,2020-04-14,259,23,19,25,28
4272,191,118,2020-04-13 22:00:00,2020-04-13,111,22,2,24,7
4161,184,116,2020-04-12 22:00:00,2020-04-12,204,21,11,23,17
3957,167,105,2020-04-11 22:00:00,2020-04-11,333,20,13,22,59
3624,108,92,2020-04-10 22:00:00,2020-04-10,192,19,-1,21,12
3432,96,93,2020-04-09 22:00:00,2020-04-09,223,18,7,20,22
3209,74,86,2020-04-08 22:00:00,2020-04-08,341,17,21,19,5
2868,69,65,2020-04-07 22:00:00,2020-04-07,404,16,18,18,1
2464,68,47,2020-04-06 22:00:00,2020-04-06,119,15,4,17,19
2345,49,43,2020-04-05 22:00:00,2020-04-05,187,14,10,16,16
2158,33,33,2020-04-04 21:00:00,2020-04-04,298,13,11,15,5
1860,28,22,2020-04-03 21:00:00,2020-04-03,188,12,0,14,0
1672,28,22,2020-04-02 21:00:00,2020-04-02,265,11,7,13,28
1407,0,15,2020-04-01 21:00:00,2020-04-01,285,10,2,12,0
1122,0,13,2020-03-31 21:00:00,2020-03-31,196,9,0,11,0
926,0,13,2020-03-30 21:00:00,2020-03-30,79,8,2,10,0
847,0,11,2020-03-29 21:00:00,2020-03-29,138,7,2,9,0
709,0,9,2020-03-28 21:00:00,2020-03-28,179,6,0,8,0
530,0,9,2020-03-27 21:10:00,2020-03-27,149,5,1,7,0
381,0,8,2020-03-26 22:20:00,2020-03-26,103,4,0,6,0
278,0,8,2020-03-25 23:20:00,2020-03-25,62,3,3,5,0
216,0,5,2020-03-24 21:20:00,2020-03-24,66,2,2,4,0
150,0,3,2020-03-23 21:40:00,2020-03-23,64,1,0,3,0
86,0,3,2020-03-22 21:00:00,2020-03-22,13,0,0,2,0
73,0,3,2020-03-21 21:00:00,2020-03-21,32,0,2,1,0
41,0,1,2020-03-20 21:20:00,2020-03-20,17,0,0,0,0
24,0,1,2020-03-19 21:30:00,2020-03-19,8,0,1,0,0
16,0,0,2020-03-18 22:00:00,2020-03-18,7,0,0,0,0
9,0,0,2020-03-17 21:00:00,2020-03-17,4,0,0,0,0
5,0,0,2020-03-16 21:00:00,2020-03-16,0,0,0,0,0
5,0,0,2020-03-15 21:00:00,2020-03-15,1,0,0,0,0
4,0,0,2020-03-14 21:00:00,2020-03-14,2,0,0,0,0
2,0,0,2020-03-13 21:00:00,2020-03-13,1,0,0,0,0
1,0,0,2020-03-12 21:00:00,2020-03-12,0,0,0,0,0
1,0,0,2020-03-11 21:00:00,2020-03-11,0,0,0,0,0
1,0,0,2020-03-10 21:00:00,2020-03-10,0,0,0,0,0
1,0,0,2020-03-09 21:00:00,2020-03-09,0,0,0,0,0
1,0,0,2020-03-08 21:00:00,2020-03-08,1,0,0,0,0
0,0,0,2020-03-07 21:00:00,2020-03-07,0,0,0,0,0
0,0,0,2020-03-06 21:00:00,2020-03-06,0,0,0,0,0
0,0,0,2020-03-05 21:00:00,2020-03-05,0,0,0,0,0
0,0,0,2020-03-04 21:00:00,2020-03-04,0,0,0,0,0
0,0,0,2020-03-03 21:00:00,2020-03-03,0,0,0,0,0
0,0,0,2020-03-02 21:00:00,2020-03-02,0,0,0,0,0
0,0,0,2020-03-01 21:00:00,2020-03-01,0,0,0,0,0
0,0,0,2020-02-29 21:00:00,2020-02-29,0,0,0,0,0
0,0,0,2020-02-28 21:00:00,2020-02-28,0,0,0,0,0
0,0,0,2020-02-27 21:00:00,2020-02-27,0,0,0,0,0
0,0,0,2020-02-26 21:00:00,2020-02-26,0,0,0,0,0
0,0,0,2020-02-25 21:00:00,2020-02-25,0,0,0,0,0
0,0,0,2020-02-24 21:00:00,2020-02-24,0,0,0,0,0
0,0,0,2020-02-23 21:00:00,2020-02-23,0,0,0,0,0
0,0,0,2020-02-22 21:00:00,2020-02-22,0,0,0,0,0
0,0,0,2020-02-21 21:00:00,2020-02-21,0,0,0,0,0
0,0,0,2020-02-20 21:00:00,2020-02-20,0,0,0,0,0
0,0,0,2020-02-19 21:00:00,2020-02-19,0,0,0,0,0
0,0,0,2020-02-18 21:00:00,2020-02-18,0,0,0,0,0
0,0,0,2020-02-17 21:00:00,2020-02-17,0,0,0,0,0
0,0,0,2020-02-16 21:00:00,2020-02-16,0,0,0,0,0
0,0,0,2020-02-15 21:00:00,2020-02-15,0,0,0,0,0
0,0,0,2020-02-14 21:00:00,2020-02-14,0,0,0,0,0
0,0,0,2020-02-13 21:00:00,2020-02-13,0,0,0,0,0
0,0,0,2020-02-12 21:00:00,2020-02-12,0,0,0,0,0
0,0,0,2020-02-11 20:30:00,2020-02-11,0,0,0,0,0
0,0,0,2020-02-10 21:00:00,2020-02-10,0,0,0,0,0
0,0,0,2020-02-09 21:00:00,2020-02-09,0,0,0,0,0
0,0,0,2020-02-08 21:00:00,2020-02-08,0,0,0,0,0
0,0,0,2020-02-07 21:00:00,2020-02-07,0,0,0,0,0
0,0,0,2020-02-06 21:00:00,2020-02-06,0,0,0,0,0
0,0,0,2020-02-05 21:00:00,2020-02-05,0,0,0,0,0
0,0,0,2020-02-04 20:00:00,2020-02-04,0,0,0,0,0
0,0,0,2020-02-03 20:00:00,2020-02-03,0,0,0,0,0
0,0,0,2020-02-02 20:00:00,2020-02-02,0,0,0,0,0
0,0,0,2020-02-01 10:00:00,2020-02-01,0,0,0,0,0
0,0,0,2020-01-31 12:30:00,2020-01-31,0,0,0,0,0
0,0,0,2020-01-30 12:00:00,2020-01-30,0,0,0,0,0
0,0,0,2020-01-29 14:00:00,2020-01-29,0,0,0,0,0
0,0,0,2020-01-28 11:30:00,2020-01-28,0,0,0,0,0
0,0,0,2020-01-27 14:00:00,2020-01-27,0,0,0,0,0
0,0,0,2020-01-26 13:00:00,2020-01-26,0,0,0,0,0
0,0,0,2020-01-25 15:00:00,2020-01-25,0,0,0,0,0
0,0,0,2020-01-24 15:00:00,2020-01-24,0,0,0,0,0
0,0,0,2020-01-23 15:00:00,2020-01-23,0,0,0,0,0
0,0,0,2020-01-22 15:00:00,2020-01-22,0,0,0,0,0
0,0,0,2020-01-21 15:00:00,2020-01-21,0,0,0,0,0
