Confirmed,Recovered,Deaths,Date_last_updated_AEDT,date_day,New,DayElapsed,New_death,DayElapsed_death,New_recover
63486,35071,1804,2020-08-06 22:00:00,2020-08-06,1287,138,51,134,0
62199,35071,1753,2020-08-05 22:00:00,2020-08-05,1074,137,42,133,0
61125,35071,1711,2020-08-04 22:00:00,2020-08-04,572,136,9,132,0
60553,35071,1702,2020-08-03 22:00:00,2020-08-03,685,135,10,131,0
59868,35071,1692,2020-08-02 22:00:00,2020-08-02,1147,134,29,130,0
58721,35071,1663,2020-08-01 22:00:00,2020-08-01,1155,133,52,129,0
57566,35071,1611,2020-07-31 22:00:00,2020-07-31,1762,132,48,128,0
55804,35071,1563,2020-07-30 22:00:00,2020-07-30,2847,131,62,127,4756
52957,30315,1501,2020-07-29 22:00:00,2020-07-29,0,130,0,126,0
52957,30315,1501,2020-07-28 22:00:00,2020-07-28,653,129,6,125,0
52304,30315,1495,2020-07-27 22:00:00,2020-07-27,1206,128,15,124,0
51098,30315,1480,2020-07-26 22:00:00,2020-07-26,1435,127,44,123,0
49663,30315,1436,2020-07-25 22:00:00,2020-07-25,1610,126,0,122,0
48053,30315,1436,2020-07-24 22:00:00,2020-07-24,982,125,13,121,0
47071,30315,1423,2020-07-23 22:00:00,2020-07-23,1547,124,34,120,0
45524,30315,1389,2020-07-22 22:00:00,2020-07-22,1612,123,28,119,0
43912,30315,1361,2020-07-21 22:00:00,2020-07-21,1193,122,3,118,4383
42719,25932,1358,2020-07-20 22:00:00,2020-07-20,717,121,8,117,0
42002,25932,1350,2020-07-19 22:00:00,2020-07-19,1173,120,18,116,0
40829,25932,1332,2020-07-18 22:00:00,2020-07-18,1032,119,24,115,0
39797,25932,1308,2020-07-17 22:00:00,2020-07-17,1234,118,19,114,0
38563,25932,1289,2020-07-16 22:00:00,2020-07-16,1021,117,17,113,0
37542,25932,1272,2020-07-15 22:00:00,2020-07-15,879,116,23,112,3765
36663,22167,1249,2020-07-14 22:00:00,2020-07-14,386,115,1,111,0
36277,22167,1248,2020-07-13 22:00:00,2020-07-13,862,114,19,110,0
35415,22167,1229,2020-07-12 22:00:00,2020-07-12,793,113,14,109,0
34622,22167,1215,2020-07-11 22:00:00,2020-07-11,1031,112,12,108,0
33591,22167,1203,2020-07-10 22:00:00,2020-07-10,719,111,15,107,0
32872,22167,1188,2020-07-09 22:00:00,2020-07-09,656,110,30,106,0
32216,22167,1158,2020-07-08 22:00:00,2020-07-08,959,109,44,105,2779
31257,19388,1114,2020-07-07 22:00:00,2020-07-07,353,108,2,104,0
30904,19388,1112,2020-07-06 22:00:00,2020-07-06,230,107,5,103,0
30674,19388,1107,2020-07-05 22:00:00,2020-07-05,990,106,4,102,0
29684,19388,1103,2020-07-04 22:00:00,2020-07-04,914,105,11,101,0
28770,19388,1092,2020-07-03 22:00:00,2020-07-03,874,104,10,100,0
27896,19388,1082,2020-07-02 22:00:00,2020-07-02,649,103,9,99,0
27247,19388,1073,2020-07-01 22:00:00,2020-07-01,680,102,14,98,0
26567,19388,1059,2020-06-30 22:00:00,2020-06-30,650,101,20,97,4065
25917,15323,1039,2020-06-29 22:00:00,2020-06-29,388,100,4,96,0
25529,15323,1035,2020-06-28 22:00:00,2020-06-28,463,99,13,95,0
25066,15323,1022,2020-06-27 22:00:00,2020-06-27,565,98,6,94,0
24501,15323,1016,2020-06-26 22:00:00,2020-06-26,1068,97,4,93,0
23433,15323,1012,2020-06-25 22:00:00,2020-06-25,509,96,21,92,0
22924,15323,991,2020-06-24 22:00:00,2020-06-24,595,95,13,91,0
22329,15323,978,2020-06-23 22:00:00,2020-06-23,1687,94,40,90,0
20642,15323,938,2020-06-22 22:00:00,2020-06-22,0,93,0,89,0
20642,15323,938,2020-06-21 22:00:00,2020-06-21,0,92,0,88,0
20642,15323,938,2020-06-20 22:00:00,2020-06-20,0,91,0,87,0
20642,15323,938,2020-06-19 22:00:00,2020-06-19,0,90,0,86,0
20642,15323,938,2020-06-18 22:00:00,2020-06-18,490,89,23,85,0
20152,15323,915,2020-06-17 22:00:00,2020-06-17,353,88,20,84,0
19799,15323,895,2020-06-16 22:00:00,2020-06-16,283,87,4,83,1967
19516,13356,891,2020-06-15 22:00:00,2020-06-15,168,86,2,82,0
19348,13356,889,2020-06-14 22:00:00,2020-06-14,257,85,8,81,0
19091,13356,881,2020-06-13 22:00:00,2020-06-13,603,84,13,80,2153
18488,11203,868,2020-06-12 22:00:00,2020-06-12,0,83,0,79,0
18488,11203,868,2020-06-11 22:00:00,2020-06-11,365,82,21,78,0
18123,11203,847,2020-06-10 22:00:00,2020-06-10,354,81,10,77,0
17769,11203,837,2020-06-09 22:00:00,2020-06-09,499,80,20,76,0
17270,11203,817,2020-06-08 22:00:00,2020-06-08,231,79,6,75,0
17039,11203,811,2020-06-07 22:00:00,2020-06-07,265,78,8,74,0
16774,11203,803,2020-06-06 22:00:00,2020-06-06,204,77,9,73,0
16570,11203,794,2020-06-05 22:00:00,2020-06-05,248,76,12,72,0
16322,11203,782,2020-06-04 22:00:00,2020-06-04,281,75,15,71,0
16041,11203,767,2020-06-03 22:00:00,2020-06-03,276,74,28,70,0
15765,11203,739,2020-06-02 22:00:00,2020-06-02,242,73,5,69,1802
15523,9401,734,2020-06-01 22:00:00,2020-06-01,292,72,11,68,0
15231,9401,723,2020-05-31 22:00:00,2020-05-31,438,71,13,67,0
14793,9401,710,2020-05-30 22:00:00,2020-05-30,415,70,17,66,0
14378,9401,693,2020-05-29 22:00:00,2020-05-29,334,69,23,65,0
14044,9401,670,2020-05-28 22:00:00,2020-05-28,313,68,18,64,1720
13731,7681,652,2020-05-27 22:00:00,2020-05-27,273,67,17,63,0
13458,7681,635,2020-05-26 22:00:00,2020-05-26,198,66,10,62,0
13260,7681,625,2020-05-25 22:00:00,2020-05-25,255,65,9,61,1413
13005,6268,616,2020-05-24 22:00:00,2020-05-24,380,64,20,60,0
12625,6268,596,2020-05-23 22:00:00,2020-05-23,403,63,16,59,0
12222,6268,580,2020-05-22 22:00:00,2020-05-22,255,62,10,58,0
11967,6268,570,2020-05-21 22:00:00,2020-05-21,263,61,16,57,0
11704,6268,554,2020-05-20 22:00:00,2020-05-20,265,60,27,56,0
11439,6268,527,2020-05-19 22:00:00,2020-05-19,143,59,6,55,0
11296,6268,521,2020-05-18 22:00:00,2020-05-18,173,58,11,54,0
11123,6268,510,2020-05-17 22:00:00,2020-05-17,322,57,17,53,1847
10801,4421,493,2020-05-16 22:00:00,2020-05-16,318,56,13,52,0
10483,4421,480,2020-05-15 22:00:00,2020-05-15,393,55,15,51,0
10090,4421,465,2020-05-14 22:00:00,2020-05-14,182,54,8,50,0
9908,4421,457,2020-05-13 22:00:00,2020-05-13,234,53,22,49,0
9674,4421,435,2020-05-12 22:00:00,2020-05-12,173,52,5,48,0
9501,4421,430,2020-05-11 22:00:00,2020-05-11,123,51,9,47,0
9378,4421,421,2020-05-10 22:00:00,2020-05-10,288,50,12,46,0
9090,4421,409,2020-05-09 22:00:00,2020-05-09,404,49,13,45,0
8686,4421,396,2020-05-08 22:00:00,2020-05-08,246,48,22,44,0
8440,4421,374,2020-05-07 22:00:00,2020-05-07,233,47,32,43,0
8207,4421,342,2020-05-06 22:00:00,2020-05-06,330,46,32,42,1008
7877,3413,310,2020-05-05 22:00:00,2020-05-05,324,45,7,41,0
7553,3413,303,2020-05-04 22:00:00,2020-05-04,112,44,12,40,0
7441,3413,291,2020-05-03 22:00:00,2020-05-03,229,43,10,39,3413
7212,0,281,2020-05-02 22:00:00,2020-05-02,397,42,20,38,0
6815,0,261,2020-05-01 22:00:00,2020-05-01,246,41,11,37,0
6569,0,250,2020-04-30 22:00:00,2020-04-30,227,40,11,36,0
6342,0,239,2020-04-29 22:00:00,2020-04-29,248,39,10,35,0
6094,0,229,2020-04-28 22:00:00,2020-04-28,183,38,2,34,0
5911,0,227,2020-04-27 22:00:00,2020-04-27,193,37,6,33,0
5718,0,221,2020-04-26 22:00:00,2020-04-26,284,36,12,32,0
5434,0,209,2020-04-25 22:00:00,2020-04-25,281,35,8,31,0
5153,0,201,2020-04-24 22:00:00,2020-04-24,259,34,8,30,0
4894,0,193,2020-04-23 22:00:00,2020-04-23,178,33,10,29,0
4716,0,183,2020-04-22 22:00:00,2020-04-22,204,32,14,28,0
4512,0,169,2020-04-21 22:00:00,2020-04-21,238,31,10,27,0
4274,0,159,2020-04-20 22:00:00,2020-04-20,300,30,7,26,0
3974,0,152,2020-04-19 22:00:00,2020-04-19,181,29,12,25,0
3793,0,140,2020-04-18 22:00:00,2020-04-18,169,28,11,24,0
3624,0,129,2020-04-17 22:00:00,2020-04-17,264,27,7,23,0
3360,0,122,2020-04-16 22:00:00,2020-04-16,273,26,11,22,0
3087,0,111,2020-04-15 22:00:00,2020-04-15,145,25,13,21,0
2942,0,98,2020-04-14 22:00:00,2020-04-14,161,24,2,20,0
2781,0,96,2020-04-13 22:00:00,2020-04-13,139,23,3,19,0
2642,0,93,2020-04-12 22:00:00,2020-04-12,173,22,11,18,0
2469,0,82,2020-04-11 22:00:00,2020-04-11,209,21,6,17,0
2260,0,76,2020-04-10 22:00:00,2020-04-10,257,20,9,16,0
2003,0,67,2020-04-09 22:00:00,2020-04-09,88,19,7,15,0
1915,0,60,2020-04-08 22:00:00,2020-04-08,177,18,9,14,0
1738,0,51,2020-04-07 22:00:00,2020-04-07,100,17,8,13,0
1638,0,43,2020-04-06 22:00:00,2020-04-06,183,16,8,12,0
1455,0,35,2020-04-05 22:00:00,2020-04-05,97,15,6,11,0
1358,0,29,2020-04-04 21:00:00,2020-04-04,181,14,3,10,0
1177,0,26,2020-04-03 21:00:00,2020-04-03,104,13,4,9,0
1073,0,22,2020-04-02 21:00:00,2020-04-02,136,12,2,8,0
937,0,20,2020-04-01 21:00:00,2020-04-01,90,11,4,7,0
847,0,16,2020-03-31 21:00:00,2020-03-31,88,10,2,6,0
759,0,14,2020-03-30 21:00:00,2020-03-30,96,9,1,5,0
663,0,13,2020-03-29 21:00:00,2020-03-29,84,8,5,4,0
579,0,8,2020-03-28 21:00:00,2020-03-28,94,7,2,3,0
485,0,6,2020-03-27 21:10:00,2020-03-27,108,6,1,2,0
377,0,5,2020-03-26 22:20:00,2020-03-26,57,5,4,1,0
320,0,1,2020-03-25 23:20:00,2020-03-25,71,4,0,0,0
249,0,1,2020-03-24 21:20:00,2020-03-24,42,3,0,0,0
207,0,1,2020-03-23 21:40:00,2020-03-23,67,2,0,0,0
140,0,1,2020-03-22 21:00:00,2020-03-22,60,1,0,0,0
80,0,1,2020-03-21 21:00:00,2020-03-21,28,0,0,0,0
52,0,1,2020-03-20 21:20:00,2020-03-20,18,0,1,0,0
34,0,0,2020-03-19 21:30:00,2020-03-19,13,0,0,0,0
21,0,0,2020-03-18 22:00:00,2020-03-18,9,0,0,0,0
12,0,0,2020-03-17 21:00:00,2020-03-17,2,0,0,0,0
10,0,0,2020-03-16 21:00:00,2020-03-16,4,0,0,0,0
6,0,0,2020-03-15 21:00:00,2020-03-15,0,0,0,0,0
6,0,0,2020-03-14 21:00:00,2020-03-14,5,0,0,0,0
1,0,0,2020-03-13 21:00:00,2020-03-13,0,0,0,0,0
1,0,0,2020-03-12 21:00:00,2020-03-12,1,0,0,0,0
0,0,0,2020-03-11 21:00:00,2020-03-11,0,0,0,0,0
0,0,0,2020-03-10 21:00:00,2020-03-10,0,0,0,0,0
0,0,0,2020-03-09 21:00:00,2020-03-09,0,0,0,0,0
0,0,0,2020-03-08 21:00:00,2020-03-08,0,0,0,0,0
0,0,0,2020-03-07 21:00:00,2020-03-07,0,0,0,0,0
0,0,0,2020-03-06 21:00:00,2020-03-06,0,0,0,0,0
0,0,0,2020-03-05 21:00:00,2020-03-05,0,0,0,0,0
0,0,0,2020-03-04 21:00:00,2020-03-04,0,0,0,0,0
0,0,0,2020-03-03 21:00:00,2020-03-03,0,0,0,0,0
0,0,0,2020-03-02 21:00:00,2020-03-02,0,0,0,0,0
0,0,0,2020-03-01 21:00:00,2020-03-01,0,0,0,0,0
0,0,0,2020-02-29 21:00:00,2020-02-29,0,0,0,0,0
0,0,0,2020-02-28 21:00:00,2020-02-28,0,0,0,0,0
0,0,0,2020-02-27 21:00:00,2020-02-27,0,0,0,0,0
0,0,0,2020-02-26 21:00:00,2020-02-26,0,0,0,0,0
0,0,0,2020-02-25 21:00:00,2020-02-25,0,0,0,0,0
0,0,0,2020-02-24 21:00:00,2020-02-24,0,0,0,0,0
0,0,0,2020-02-23 21:00:00,2020-02-23,0,0,0,0,0
0,0,0,2020-02-22 21:00:00,2020-02-22,0,0,0,0,0
0,0,0,2020-02-21 21:00:00,2020-02-21,0,0,0,0,0
0,0,0,2020-02-20 21:00:00,2020-02-20,0,0,0,0,0
0,0,0,2020-02-19 21:00:00,2020-02-19,0,0,0,0,0
0,0,0,2020-02-18 21:00:00,2020-02-18,0,0,0,0,0
0,0,0,2020-02-17 21:00:00,2020-02-17,0,0,0,0,0
0,0,0,2020-02-16 21:00:00,2020-02-16,0,0,0,0,0
0,0,0,2020-02-15 21:00:00,2020-02-15,0,0,0,0,0
0,0,0,2020-02-14 21:00:00,2020-02-14,0,0,0,0,0
0,0,0,2020-02-13 21:00:00,2020-02-13,0,0,0,0,0
0,0,0,2020-02-12 21:00:00,2020-02-12,0,0,0,0,0
0,0,0,2020-02-11 20:30:00,2020-02-11,0,0,0,0,0
0,0,0,2020-02-10 21:00:00,2020-02-10,0,0,0,0,0
0,0,0,2020-02-09 21:00:00,2020-02-09,0,0,0,0,0
0,0,0,2020-02-08 21:00:00,2020-02-08,0,0,0,0,0
0,0,0,2020-02-07 21:00:00,2020-02-07,0,0,0,0,0
0,0,0,2020-02-06 21:00:00,2020-02-06,0,0,0,0,0
0,0,0,2020-02-05 21:00:00,2020-02-05,0,0,0,0,0
0,0,0,2020-02-04 20:00:00,2020-02-04,0,0,0,0,0
0,0,0,2020-02-03 20:00:00,2020-02-03,0,0,0,0,0
0,0,0,2020-02-02 20:00:00,2020-02-02,0,0,0,0,0
0,0,0,2020-02-01 10:00:00,2020-02-01,0,0,0,0,0
0,0,0,2020-01-31 12:30:00,2020-01-31,0,0,0,0,0
0,0,0,2020-01-30 12:00:00,2020-01-30,0,0,0,0,0
0,0,0,2020-01-29 14:00:00,2020-01-29,0,0,0,0,0
0,0,0,2020-01-28 11:30:00,2020-01-28,0,0,0,0,0
0,0,0,2020-01-27 14:00:00,2020-01-27,0,0,0,0,0
0,0,0,2020-01-26 13:00:00,2020-01-26,0,0,0,0,0
0,0,0,2020-01-25 15:00:00,2020-01-25,0,0,0,0,0
0,0,0,2020-01-24 15:00:00,2020-01-24,0,0,0,0,0
0,0,0,2020-01-23 15:00:00,2020-01-23,0,0,0,0,0
0,0,0,2020-01-22 15:00:00,2020-01-22,0,0,0,0,0
0,0,0,2020-01-21 15:00:00,2020-01-21,0,0,0,0,0
