Confirmed,Recovered,Deaths,Date_last_updated_AEDT,date_day,New,DayElapsed,New_death,DayElapsed_death,New_recover
2540,556,12,2020-08-06 22:00:00,2020-08-06,70,42,0,18,345
2470,211,12,2020-08-05 22:00:00,2020-08-05,64,41,0,17,24
2406,187,12,2020-08-04 22:00:00,2020-08-04,112,40,1,16,0
2294,187,11,2020-08-03 22:00:00,2020-08-03,70,39,0,15,16
2224,171,11,2020-08-02 22:00:00,2020-08-02,95,38,1,14,5
2129,166,10,2020-08-01 22:00:00,2020-08-01,77,37,0,13,2
2052,164,10,2020-07-31 22:00:00,2020-07-31,66,36,1,12,60
1986,104,9,2020-07-30 22:00:00,2020-07-30,69,35,1,11,0
1917,104,8,2020-07-29 22:00:00,2020-07-29,74,34,0,10,3
1843,101,8,2020-07-28 22:00:00,2020-07-28,68,33,0,9,26
1775,75,8,2020-07-27 22:00:00,2020-07-27,88,32,1,8,3
1687,72,7,2020-07-26 22:00:00,2020-07-26,69,31,0,7,0
1618,72,7,2020-07-25 22:00:00,2020-07-25,96,30,0,6,3
1522,69,7,2020-07-24 22:00:00,2020-07-24,120,29,0,5,5
1402,64,7,2020-07-23 22:00:00,2020-07-23,36,28,0,4,7
1366,57,7,2020-07-22 22:00:00,2020-07-22,22,27,3,3,15
1344,42,4,2020-07-21 22:00:00,2020-07-21,97,26,1,2,7
1247,35,3,2020-07-20 22:00:00,2020-07-20,44,25,1,1,3
1203,32,2,2020-07-19 22:00:00,2020-07-19,125,24,0,0,0
1078,32,2,2020-07-18 22:00:00,2020-07-18,46,23,0,0,1
1032,31,2,2020-07-17 22:00:00,2020-07-17,0,22,0,0,0
1032,31,2,2020-07-16 22:00:00,2020-07-16,168,21,0,0,2
864,29,2,2020-07-15 22:00:00,2020-07-15,3,20,1,0,1
861,28,1,2020-07-14 22:00:00,2020-07-14,76,19,0,0,2
785,26,1,2020-07-13 22:00:00,2020-07-13,117,18,0,0,1
668,25,1,2020-07-12 22:00:00,2020-07-12,0,17,0,0,0
668,25,1,2020-07-11 22:00:00,2020-07-11,1,16,0,0,0
667,25,1,2020-07-10 22:00:00,2020-07-10,52,15,1,0,0
615,25,0,2020-07-09 22:00:00,2020-07-09,22,14,0,0,0
593,25,0,2020-07-08 22:00:00,2020-07-08,54,13,0,0,0
539,25,0,2020-07-07 22:00:00,2020-07-07,54,12,0,0,0
485,25,0,2020-07-06 22:00:00,2020-07-06,110,11,0,0,0
375,25,0,2020-07-05 22:00:00,2020-07-05,25,10,0,0,0
350,25,0,2020-07-04 22:00:00,2020-07-04,15,9,0,0,0
335,25,0,2020-07-03 22:00:00,2020-07-03,42,8,0,0,1
293,24,0,2020-07-02 22:00:00,2020-07-02,36,7,0,0,0
257,24,0,2020-07-01 22:00:00,2020-07-01,54,6,0,0,0
203,24,0,2020-06-30 22:00:00,2020-06-30,20,5,0,0,0
183,24,0,2020-06-29 22:00:00,2020-06-29,33,4,0,0,2
150,22,0,2020-06-28 22:00:00,2020-06-28,29,3,0,0,0
121,22,0,2020-06-27 22:00:00,2020-06-27,16,2,0,0,1
105,21,0,2020-06-26 22:00:00,2020-06-26,15,1,0,0,0
90,21,0,2020-06-25 22:00:00,2020-06-25,14,0,0,0,0
76,21,0,2020-06-24 22:00:00,2020-06-24,9,0,0,0,0
67,21,0,2020-06-23 22:00:00,2020-06-23,4,0,0,0,0
63,21,0,2020-06-22 22:00:00,2020-06-22,8,0,0,0,2
55,19,0,2020-06-21 22:00:00,2020-06-21,9,0,0,0,0
46,19,0,2020-06-20 22:00:00,2020-06-20,6,0,0,0,0
40,19,0,2020-06-19 22:00:00,2020-06-19,1,0,0,0,0
39,19,0,2020-06-18 22:00:00,2020-06-18,5,0,0,0,1
34,18,0,2020-06-17 22:00:00,2020-06-17,0,0,0,0,0
34,18,0,2020-06-16 22:00:00,2020-06-16,2,0,0,0,1
32,17,0,2020-06-15 22:00:00,2020-06-15,0,0,0,0,0
32,17,0,2020-06-14 22:00:00,2020-06-14,0,0,0,0,0
32,17,0,2020-06-13 22:00:00,2020-06-13,1,0,0,0,0
31,17,0,2020-06-12 22:00:00,2020-06-12,0,0,0,0,0
31,17,0,2020-06-11 22:00:00,2020-06-11,0,0,0,0,0
31,17,0,2020-06-10 22:00:00,2020-06-10,0,0,0,0,1
31,16,0,2020-06-09 22:00:00,2020-06-09,0,0,0,0,0
31,16,0,2020-06-08 22:00:00,2020-06-08,2,0,0,0,0
29,16,0,2020-06-07 22:00:00,2020-06-07,0,0,0,0,0
29,16,0,2020-06-06 22:00:00,2020-06-06,4,0,0,0,0
25,16,0,2020-06-05 22:00:00,2020-06-05,0,0,0,0,0
25,16,0,2020-06-04 22:00:00,2020-06-04,0,0,0,0,0
25,16,0,2020-06-03 22:00:00,2020-06-03,0,0,0,0,0
25,16,0,2020-06-02 22:00:00,2020-06-02,0,0,0,0,0
25,16,0,2020-06-01 22:00:00,2020-06-01,2,0,0,0,2
23,14,0,2020-05-31 22:00:00,2020-05-31,0,0,0,0,0
23,14,0,2020-05-30 22:00:00,2020-05-30,0,0,0,0,0
23,14,0,2020-05-29 22:00:00,2020-05-29,1,0,0,0,0
22,14,0,2020-05-28 22:00:00,2020-05-28,0,0,0,0,0
22,14,0,2020-05-27 22:00:00,2020-05-27,1,0,0,0,0
21,14,0,2020-05-26 22:00:00,2020-05-26,0,0,0,0,0
21,14,0,2020-05-25 22:00:00,2020-05-25,0,0,0,0,0
21,14,0,2020-05-24 22:00:00,2020-05-24,1,0,0,0,0
20,14,0,2020-05-23 22:00:00,2020-05-23,1,0,0,0,0
19,14,0,2020-05-22 22:00:00,2020-05-22,1,0,0,0,0
18,14,0,2020-05-21 22:00:00,2020-05-21,2,0,0,0,0
16,14,0,2020-05-20 22:00:00,2020-05-20,0,0,0,0,1
16,13,0,2020-05-19 22:00:00,2020-05-19,0,0,0,0,0
16,13,0,2020-05-18 22:00:00,2020-05-18,0,0,0,0,0
16,13,0,2020-05-17 22:00:00,2020-05-17,0,0,0,0,0
16,13,0,2020-05-16 22:00:00,2020-05-16,0,0,0,0,0
16,13,0,2020-05-15 22:00:00,2020-05-15,0,0,0,0,1
16,12,0,2020-05-14 22:00:00,2020-05-14,0,0,0,0,1
16,11,0,2020-05-13 22:00:00,2020-05-13,0,0,0,0,0
16,11,0,2020-05-12 22:00:00,2020-05-12,0,0,0,0,0
16,11,0,2020-05-11 22:00:00,2020-05-11,0,0,0,0,0
16,11,0,2020-05-10 22:00:00,2020-05-10,0,0,0,0,1
16,10,0,2020-05-09 22:00:00,2020-05-09,0,0,0,0,1
16,9,0,2020-05-08 22:00:00,2020-05-08,0,0,0,0,0
16,9,0,2020-05-07 22:00:00,2020-05-07,0,0,0,0,1
16,8,0,2020-05-06 22:00:00,2020-05-06,0,0,0,0,0
16,8,0,2020-05-05 22:00:00,2020-05-05,0,0,0,0,0
16,8,0,2020-05-04 22:00:00,2020-05-04,0,0,0,0,0
16,8,0,2020-05-03 22:00:00,2020-05-03,0,0,0,0,0
16,8,0,2020-05-02 22:00:00,2020-05-02,0,0,0,0,0
16,8,0,2020-05-01 22:00:00,2020-05-01,0,0,0,0,0
16,8,0,2020-04-30 22:00:00,2020-04-30,0,0,0,0,0
16,8,0,2020-04-29 22:00:00,2020-04-29,0,0,0,0,0
16,8,0,2020-04-28 22:00:00,2020-04-28,0,0,0,0,0
16,8,0,2020-04-27 22:00:00,2020-04-27,0,0,0,0,0
16,8,0,2020-04-26 22:00:00,2020-04-26,0,0,0,0,1
16,7,0,2020-04-25 22:00:00,2020-04-25,0,0,0,0,0
16,7,0,2020-04-24 22:00:00,2020-04-24,0,0,0,0,0
16,7,0,2020-04-23 22:00:00,2020-04-23,0,0,0,0,1
16,6,0,2020-04-22 22:00:00,2020-04-22,0,0,0,0,0
16,6,0,2020-04-21 22:00:00,2020-04-21,0,0,0,0,0
16,6,0,2020-04-20 22:00:00,2020-04-20,0,0,0,0,0
16,6,0,2020-04-19 22:00:00,2020-04-19,0,0,0,0,0
16,6,0,2020-04-18 22:00:00,2020-04-18,0,0,0,0,2
16,4,0,2020-04-17 22:00:00,2020-04-17,0,0,0,0,1
16,3,0,2020-04-16 22:00:00,2020-04-16,0,0,0,0,0
16,3,0,2020-04-15 22:00:00,2020-04-15,0,0,0,0,0
16,3,0,2020-04-14 22:00:00,2020-04-14,0,0,0,0,0
16,3,0,2020-04-13 22:00:00,2020-04-13,0,0,0,0,0
16,3,0,2020-04-12 22:00:00,2020-04-12,0,0,0,0,0
16,3,0,2020-04-11 22:00:00,2020-04-11,0,0,0,0,0
16,3,0,2020-04-10 22:00:00,2020-04-10,0,0,0,0,0
16,3,0,2020-04-09 22:00:00,2020-04-09,0,0,0,0,0
16,3,0,2020-04-08 22:00:00,2020-04-08,0,0,0,0,0
16,3,0,2020-04-07 22:00:00,2020-04-07,0,0,0,0,0
16,3,0,2020-04-06 22:00:00,2020-04-06,0,0,0,0,0
16,3,0,2020-04-05 22:00:00,2020-04-05,2,0,0,0,0
14,3,0,2020-04-04 21:00:00,2020-04-04,0,0,0,0,0
14,3,0,2020-04-03 21:00:00,2020-04-03,0,0,0,0,1
14,2,0,2020-04-02 21:00:00,2020-04-02,3,0,0,0,0
11,2,0,2020-04-01 21:00:00,2020-04-01,0,0,0,0,0
11,2,0,2020-03-31 21:00:00,2020-03-31,0,0,0,0,0
11,2,0,2020-03-30 21:00:00,2020-03-30,0,0,0,0,0
11,2,0,2020-03-29 21:00:00,2020-03-29,3,0,0,0,0
8,2,0,2020-03-28 21:00:00,2020-03-28,0,0,0,0,0
8,2,0,2020-03-27 21:10:00,2020-03-27,1,0,0,0,0
7,2,0,2020-03-26 22:20:00,2020-03-26,0,0,0,0,0
7,2,0,2020-03-25 23:20:00,2020-03-25,3,0,0,0,2
4,0,0,2020-03-24 21:20:00,2020-03-24,1,0,0,0,0
3,0,0,2020-03-23 21:40:00,2020-03-23,0,0,0,0,0
3,0,0,2020-03-22 21:00:00,2020-03-22,0,0,0,0,0
3,0,0,2020-03-21 21:00:00,2020-03-21,0,0,0,0,0
3,0,0,2020-03-20 21:20:00,2020-03-20,1,0,0,0,0
2,0,0,2020-03-19 21:30:00,2020-03-19,0,0,0,0,0
2,0,0,2020-03-18 22:00:00,2020-03-18,0,0,0,0,0
2,0,0,2020-03-17 21:00:00,2020-03-17,0,0,0,0,0
2,0,0,2020-03-16 21:00:00,2020-03-16,0,0,0,0,0
2,0,0,2020-03-15 21:00:00,2020-03-15,0,0,0,0,0
2,0,0,2020-03-14 21:00:00,2020-03-14,2,0,0,0,0
0,0,0,2020-03-13 21:00:00,2020-03-13,0,0,0,0,0
0,0,0,2020-03-12 21:00:00,2020-03-12,0,0,0,0,0
0,0,0,2020-03-11 21:00:00,2020-03-11,0,0,0,0,0
0,0,0,2020-03-10 21:00:00,2020-03-10,0,0,0,0,0
0,0,0,2020-03-09 21:00:00,2020-03-09,0,0,0,0,0
0,0,0,2020-03-08 21:00:00,2020-03-08,0,0,0,0,0
0,0,0,2020-03-07 21:00:00,2020-03-07,0,0,0,0,0
0,0,0,2020-03-06 21:00:00,2020-03-06,0,0,0,0,0
0,0,0,2020-03-05 21:00:00,2020-03-05,0,0,0,0,0
0,0,0,2020-03-04 21:00:00,2020-03-04,0,0,0,0,0
0,0,0,2020-03-03 21:00:00,2020-03-03,0,0,0,0,0
0,0,0,2020-03-02 21:00:00,2020-03-02,0,0,0,0,0
0,0,0,2020-03-01 21:00:00,2020-03-01,0,0,0,0,0
0,0,0,2020-02-29 21:00:00,2020-02-29,0,0,0,0,0
0,0,0,2020-02-28 21:00:00,2020-02-28,0,0,0,0,0
0,0,0,2020-02-27 21:00:00,2020-02-27,0,0,0,0,0
0,0,0,2020-02-26 21:00:00,2020-02-26,0,0,0,0,0
0,0,0,2020-02-25 21:00:00,2020-02-25,0,0,0,0,0
0,0,0,2020-02-24 21:00:00,2020-02-24,0,0,0,0,0
0,0,0,2020-02-23 21:00:00,2020-02-23,0,0,0,0,0
0,0,0,2020-02-22 21:00:00,2020-02-22,0,0,0,0,0
0,0,0,2020-02-21 21:00:00,2020-02-21,0,0,0,0,0
0,0,0,2020-02-20 21:00:00,2020-02-20,0,0,0,0,0
0,0,0,2020-02-19 21:00:00,2020-02-19,0,0,0,0,0
0,0,0,2020-02-18 21:00:00,2020-02-18,0,0,0,0,0
0,0,0,2020-02-17 21:00:00,2020-02-17,0,0,0,0,0
0,0,0,2020-02-16 21:00:00,2020-02-16,0,0,0,0,0
0,0,0,2020-02-15 21:00:00,2020-02-15,0,0,0,0,0
0,0,0,2020-02-14 21:00:00,2020-02-14,0,0,0,0,0
0,0,0,2020-02-13 21:00:00,2020-02-13,0,0,0,0,0
0,0,0,2020-02-12 21:00:00,2020-02-12,0,0,0,0,0
0,0,0,2020-02-11 20:30:00,2020-02-11,0,0,0,0,0
0,0,0,2020-02-10 21:00:00,2020-02-10,0,0,0,0,0
0,0,0,2020-02-09 21:00:00,2020-02-09,0,0,0,0,0
0,0,0,2020-02-08 21:00:00,2020-02-08,0,0,0,0,0
0,0,0,2020-02-07 21:00:00,2020-02-07,0,0,0,0,0
0,0,0,2020-02-06 21:00:00,2020-02-06,0,0,0,0,0
0,0,0,2020-02-05 21:00:00,2020-02-05,0,0,0,0,0
0,0,0,2020-02-04 20:00:00,2020-02-04,0,0,0,0,0
0,0,0,2020-02-03 20:00:00,2020-02-03,0,0,0,0,0
0,0,0,2020-02-02 20:00:00,2020-02-02,0,0,0,0,0
0,0,0,2020-02-01 10:00:00,2020-02-01,0,0,0,0,0
0,0,0,2020-01-31 12:30:00,2020-01-31,0,0,0,0,0
0,0,0,2020-01-30 12:00:00,2020-01-30,0,0,0,0,0
0,0,0,2020-01-29 14:00:00,2020-01-29,0,0,0,0,0
0,0,0,2020-01-28 11:30:00,2020-01-28,0,0,0,0,0
0,0,0,2020-01-27 14:00:00,2020-01-27,0,0,0,0,0
0,0,0,2020-01-26 13:00:00,2020-01-26,0,0,0,0,0
0,0,0,2020-01-25 15:00:00,2020-01-25,0,0,0,0,0
0,0,0,2020-01-24 15:00:00,2020-01-24,0,0,0,0,0
0,0,0,2020-01-23 15:00:00,2020-01-23,0,0,0,0,0
0,0,0,2020-01-22 15:00:00,2020-01-22,0,0,0,0,0
0,0,0,2020-01-21 15:00:00,2020-01-21,0,0,0,0,0
