Confirmed,Recovered,Deaths,Date_last_updated_AEDT,date_day,New,DayElapsed,New_death,DayElapsed_death,New_recover
27489,19885,335,2020-08-06 22:00:00,2020-08-06,311,131,1,129,208
27178,19677,334,2020-08-05 22:00:00,2020-08-05,222,130,0,128,0
26956,19677,334,2020-08-04 22:00:00,2020-08-04,254,129,0,127,102
26702,19575,334,2020-08-03 22:00:00,2020-08-03,311,128,0,126,2076
26391,17499,334,2020-08-02 22:00:00,2020-08-02,289,127,0,125,0
26102,17499,334,2020-08-01 22:00:00,2020-08-01,435,126,5,124,0
25667,17499,329,2020-07-31 22:00:00,2020-07-31,317,125,4,123,0
25350,17499,325,2020-07-30 22:00:00,2020-07-30,246,124,2,122,0
25104,17499,323,2020-07-29 22:00:00,2020-07-29,246,123,1,121,0
24858,17499,322,2020-07-28 22:00:00,2020-07-28,263,122,0,120,0
24595,17499,322,2020-07-27 22:00:00,2020-07-27,207,121,0,119,0
24388,17499,322,2020-07-26 22:00:00,2020-07-26,214,120,0,118,0
24174,17499,322,2020-07-25 22:00:00,2020-07-25,688,119,5,117,0
23486,17499,317,2020-07-24 22:00:00,2020-07-24,27,118,0,116,2858
23459,14641,317,2020-07-23 22:00:00,2020-07-23,286,117,0,115,0
23173,14641,317,2020-07-22 22:00:00,2020-07-22,362,116,1,114,0
22811,14641,316,2020-07-21 22:00:00,2020-07-21,266,115,14,113,0
22545,14641,302,2020-07-20 22:00:00,2020-07-20,89,114,0,112,0
22456,14641,302,2020-07-19 22:00:00,2020-07-19,111,113,0,111,0
22345,14641,302,2020-07-18 22:00:00,2020-07-18,225,112,1,110,0
22120,14641,301,2020-07-17 22:00:00,2020-07-17,153,111,7,109,0
21967,14641,294,2020-07-16 22:00:00,2020-07-16,250,110,2,108,0
21717,14641,292,2020-07-15 22:00:00,2020-07-15,297,109,0,107,0
21420,14641,292,2020-07-14 22:00:00,2020-07-14,219,108,2,106,0
21201,14641,290,2020-07-13 22:00:00,2020-07-13,164,107,0,105,0
21037,14641,290,2020-07-12 22:00:00,2020-07-12,208,106,0,104,0
20829,14641,290,2020-07-11 22:00:00,2020-07-11,149,105,0,103,0
20680,14641,290,2020-07-10 22:00:00,2020-07-10,202,104,1,102,0
20478,14641,289,2020-07-09 22:00:00,2020-07-09,225,103,3,101,0
20253,14641,286,2020-07-08 22:00:00,2020-07-08,200,102,1,100,0
20053,14641,285,2020-07-07 22:00:00,2020-07-07,124,101,1,99,0
19929,14641,284,2020-07-06 22:00:00,2020-07-06,102,100,0,98,301
19827,14340,284,2020-07-05 22:00:00,2020-07-05,167,99,0,97,1642
19660,12698,284,2020-07-04 22:00:00,2020-07-04,199,98,2,96,0
19461,12698,282,2020-07-03 22:00:00,2020-07-03,153,97,7,95,0
19308,12698,275,2020-07-02 22:00:00,2020-07-02,129,96,1,94,0
19179,12698,274,2020-07-01 22:00:00,2020-07-01,136,95,5,93,0
19043,12698,269,2020-06-30 22:00:00,2020-06-30,147,94,2,92,0
18896,12698,267,2020-06-29 22:00:00,2020-06-29,125,93,0,91,0
18771,12698,267,2020-06-28 22:00:00,2020-06-28,247,92,1,90,0
18524,12698,266,2020-06-27 22:00:00,2020-06-27,157,91,7,89,1133
18367,11565,259,2020-06-26 22:00:00,2020-06-26,141,90,3,88,0
18226,11565,256,2020-06-25 22:00:00,2020-06-25,127,89,0,87,0
18099,11565,256,2020-06-24 22:00:00,2020-06-24,136,88,7,86,0
17963,11565,249,2020-06-23 22:00:00,2020-06-23,151,87,5,85,0
17812,11565,244,2020-06-22 22:00:00,2020-06-22,105,86,0,84,0
17707,11565,244,2020-06-21 22:00:00,2020-06-21,119,85,0,83,1214
17588,10351,244,2020-06-20 22:00:00,2020-06-20,174,84,5,82,0
17414,10351,239,2020-06-19 22:00:00,2020-06-19,183,83,5,81,0
17231,10351,234,2020-06-18 22:00:00,2020-06-18,193,82,3,80,0
17038,10351,231,2020-06-17 22:00:00,2020-06-17,187,81,11,79,0
16851,10351,220,2020-06-16 22:00:00,2020-06-16,121,80,5,78,1122
16730,9229,215,2020-06-15 22:00:00,2020-06-15,90,79,0,77,0
16640,9229,215,2020-06-14 22:00:00,2020-06-14,118,78,0,76,0
16522,9229,215,2020-06-13 22:00:00,2020-06-13,207,77,3,75,0
16315,9229,212,2020-06-12 22:00:00,2020-06-12,257,76,21,74,1631
16058,7598,191,2020-06-11 22:00:00,2020-06-11,140,75,2,73,0
15918,7598,189,2020-06-10 22:00:00,2020-06-10,132,74,1,72,0
15786,7598,188,2020-06-09 22:00:00,2020-06-09,122,73,1,71,0
15664,7598,187,2020-06-08 22:00:00,2020-06-08,92,72,0,70,0
15572,7598,187,2020-06-07 22:00:00,2020-06-07,166,71,0,69,0
15406,7598,187,2020-06-06 22:00:00,2020-06-06,267,70,0,68,7006
15139,592,187,2020-06-05 22:00:00,2020-06-05,254,69,17,67,0
14885,592,170,2020-06-04 22:00:00,2020-06-04,269,68,0,66,0
14616,592,170,2020-06-03 22:00:00,2020-06-03,271,67,0,65,0
14345,592,170,2020-06-02 22:00:00,2020-06-02,244,66,0,64,0
14101,592,170,2020-06-01 22:00:00,2020-06-01,196,65,0,63,0
13905,592,170,2020-05-31 22:00:00,2020-05-31,257,64,6,62,0
13648,592,164,2020-05-30 22:00:00,2020-05-30,399,63,1,61,243
13249,349,163,2020-05-29 22:00:00,2020-05-29,265,62,10,60,0
12984,349,153,2020-05-28 22:00:00,2020-05-28,365,61,0,59,0
12619,349,153,2020-05-27 22:00:00,2020-05-27,257,60,6,58,0
12362,349,147,2020-05-26 22:00:00,2020-05-26,228,59,0,57,0
12134,349,147,2020-05-25 22:00:00,2020-05-25,171,58,0,56,0
11963,349,147,2020-05-24 22:00:00,2020-05-24,301,57,0,55,0
11662,349,147,2020-05-23 22:00:00,2020-05-23,235,56,9,54,0
11427,349,138,2020-05-22 22:00:00,2020-05-22,305,55,0,53,0
11122,349,138,2020-05-21 22:00:00,2020-05-21,268,54,15,52,0
10854,349,123,2020-05-20 22:00:00,2020-05-20,229,53,0,51,0
10625,349,123,2020-05-19 22:00:00,2020-05-19,448,52,0,50,0
10177,349,123,2020-05-18 22:00:00,2020-05-18,0,51,0,49,0
10177,349,123,2020-05-17 22:00:00,2020-05-17,405,50,4,48,0
9772,349,119,2020-05-16 22:00:00,2020-05-16,512,49,16,47,0
9260,349,103,2020-05-15 22:00:00,2020-05-15,348,48,0,46,0
8912,349,103,2020-05-14 22:00:00,2020-05-14,220,47,0,45,0
8692,349,103,2020-05-13 22:00:00,2020-05-13,285,46,5,44,121
8407,228,98,2020-05-12 22:00:00,2020-05-12,236,45,7,43,0
8171,228,91,2020-05-11 22:00:00,2020-05-11,78,44,0,42,228
8093,0,91,2020-05-10 22:00:00,2020-05-10,275,43,0,41,0
7818,0,91,2020-05-09 22:00:00,2020-05-09,752,42,0,40,0
7066,0,91,2020-05-08 22:00:00,2020-05-08,377,41,13,39,0
6689,0,78,2020-05-07 22:00:00,2020-05-07,315,40,0,38,0
6374,0,78,2020-05-06 22:00:00,2020-05-06,337,39,0,37,0
6037,0,78,2020-05-05 22:00:00,2020-05-05,376,38,0,36,0
5661,0,78,2020-05-04 22:00:00,2020-05-04,344,37,5,35,0
5317,0,73,2020-05-03 22:00:00,2020-05-03,309,36,0,34,0
5008,0,73,2020-05-02 22:00:00,2020-05-02,727,35,3,33,0
4281,0,70,2020-05-01 22:00:00,2020-05-01,430,34,14,32,0
3851,0,56,2020-04-30 22:00:00,2020-04-30,334,33,0,31,0
3517,0,56,2020-04-29 22:00:00,2020-04-29,159,32,0,30,0
3358,0,56,2020-04-28 22:00:00,2020-04-28,330,31,0,29,0
3028,0,56,2020-04-27 22:00:00,2020-04-27,306,30,6,28,0
2722,0,50,2020-04-26 22:00:00,2020-04-26,298,29,0,27,0
2424,0,50,2020-04-25 22:00:00,2020-04-25,222,28,3,26,0
2202,0,47,2020-04-24 22:00:00,2020-04-24,389,27,9,25,0
1813,0,38,2020-04-23 22:00:00,2020-04-23,91,26,5,24,0
1722,0,33,2020-04-22 22:00:00,2020-04-22,74,25,0,23,0
1648,0,33,2020-04-21 22:00:00,2020-04-21,174,24,5,22,0
1474,0,28,2020-04-20 22:00:00,2020-04-20,187,23,0,21,0
1287,0,28,2020-04-19 22:00:00,2020-04-19,149,22,4,20,0
1138,0,24,2020-04-18 22:00:00,2020-04-18,72,21,0,19,0
1066,0,24,2020-04-17 22:00:00,2020-04-17,114,20,3,18,0
952,0,21,2020-04-16 22:00:00,2020-04-16,51,19,1,17,0
901,0,20,2020-04-15 22:00:00,2020-04-15,48,18,2,16,0
853,0,18,2020-04-14 22:00:00,2020-04-14,39,17,1,15,0
814,0,17,2020-04-13 22:00:00,2020-04-13,110,16,0,14,0
704,0,17,2020-04-12 22:00:00,2020-04-12,57,15,0,13,0
647,0,17,2020-04-11 22:00:00,2020-04-11,70,14,2,12,0
577,0,15,2020-04-10 22:00:00,2020-04-10,58,13,3,11,0
519,0,12,2020-04-09 22:00:00,2020-04-09,41,12,2,10,0
478,0,10,2020-04-08 22:00:00,2020-04-08,61,11,1,9,0
417,0,9,2020-04-07 22:00:00,2020-04-07,53,10,1,8,0
364,0,8,2020-04-06 22:00:00,2020-04-06,41,9,0,7,0
323,0,8,2020-04-05 22:00:00,2020-04-05,38,8,2,6,0
285,0,6,2020-04-04 21:00:00,2020-04-04,30,7,0,5,0
255,0,6,2020-04-03 21:00:00,2020-04-03,41,6,2,4,0
214,0,4,2020-04-02 21:00:00,2020-04-02,37,5,0,3,0
177,0,4,2020-04-01 21:00:00,2020-04-01,24,4,1,2,0
153,0,3,2020-03-31 21:00:00,2020-03-31,33,3,1,1,0
120,0,2,2020-03-30 21:00:00,2020-03-30,12,2,0,0,0
108,0,2,2020-03-29 21:00:00,2020-03-29,18,1,0,0,0
90,0,2,2020-03-28 21:00:00,2020-03-28,8,0,2,0,0
82,0,0,2020-03-27 21:10:00,2020-03-27,8,0,0,0,0
74,0,0,2020-03-26 22:20:00,2020-03-26,3,0,0,0,0
71,0,0,2020-03-25 23:20:00,2020-03-25,7,0,0,0,0
64,0,0,2020-03-24 21:20:00,2020-03-24,13,0,0,0,0
51,0,0,2020-03-23 21:40:00,2020-03-23,0,0,0,0,0
51,0,0,2020-03-22 21:00:00,2020-03-22,13,0,0,0,0
38,0,0,2020-03-21 21:00:00,2020-03-21,6,0,0,0,0
32,0,0,2020-03-20 21:20:00,2020-03-20,3,0,0,0,0
29,0,0,2020-03-19 21:30:00,2020-03-19,5,0,0,0,0
24,0,0,2020-03-18 22:00:00,2020-03-18,6,0,0,0,0
18,0,0,2020-03-17 21:00:00,2020-03-17,0,0,0,0,0
18,0,0,2020-03-16 21:00:00,2020-03-16,1,0,0,0,0
17,0,0,2020-03-15 21:00:00,2020-03-15,3,0,0,0,0
14,0,0,2020-03-14 21:00:00,2020-03-14,3,0,0,0,0
11,0,0,2020-03-13 21:00:00,2020-03-13,1,0,0,0,0
10,0,0,2020-03-12 21:00:00,2020-03-12,6,0,0,0,0
4,0,0,2020-03-11 21:00:00,2020-03-11,1,0,0,0,0
3,0,0,2020-03-10 21:00:00,2020-03-10,0,0,0,0,0
3,0,0,2020-03-09 21:00:00,2020-03-09,2,0,0,0,0
1,0,0,2020-03-08 21:00:00,2020-03-08,0,0,0,0,0
1,0,0,2020-03-07 21:00:00,2020-03-07,1,0,0,0,0
0,0,0,2020-03-06 21:00:00,2020-03-06,0,0,0,0,0
0,0,0,2020-03-05 21:00:00,2020-03-05,0,0,0,0,0
0,0,0,2020-03-04 21:00:00,2020-03-04,0,0,0,0,0
0,0,0,2020-03-03 21:00:00,2020-03-03,-44,0,0,0,0
44,0,0,2020-03-02 21:00:00,2020-03-02,0,0,0,0,0
44,0,0,2020-03-01 21:00:00,2020-03-01,0,0,0,0,0
44,0,0,2020-02-29 21:00:00,2020-02-29,2,0,0,0,0
42,0,0,2020-02-28 21:00:00,2020-02-28,0,0,0,0,0
42,0,0,2020-02-27 21:00:00,2020-02-27,2,0,0,0,0
40,0,0,2020-02-26 21:00:00,2020-02-26,4,0,0,0,0
36,0,0,2020-02-25 21:00:00,2020-02-25,18,0,0,0,0
18,0,0,2020-02-24 21:00:00,2020-02-24,0,0,0,0,0
18,0,0,2020-02-23 21:00:00,2020-02-23,0,0,0,0,0
18,0,0,2020-02-22 21:00:00,2020-02-22,7,0,0,0,0
11,0,0,2020-02-21 21:00:00,2020-02-21,11,0,0,0,0
0,0,0,2020-02-20 21:00:00,2020-02-20,0,0,0,0,0
0,0,0,2020-02-19 21:00:00,2020-02-19,0,0,0,0,0
0,0,0,2020-02-18 21:00:00,2020-02-18,0,0,0,0,0
0,0,0,2020-02-17 21:00:00,2020-02-17,0,0,0,0,0
0,0,0,2020-02-16 21:00:00,2020-02-16,0,0,0,0,0
0,0,0,2020-02-15 21:00:00,2020-02-15,0,0,0,0,0
0,0,0,2020-02-14 21:00:00,2020-02-14,0,0,0,0,0
0,0,0,2020-02-13 21:00:00,2020-02-13,0,0,0,0,0
0,0,0,2020-02-12 21:00:00,2020-02-12,0,0,0,0,0
0,0,0,2020-02-11 20:30:00,2020-02-11,0,0,0,0,0
0,0,0,2020-02-10 21:00:00,2020-02-10,0,0,0,0,0
0,0,0,2020-02-09 21:00:00,2020-02-09,0,0,0,0,0
0,0,0,2020-02-08 21:00:00,2020-02-08,0,0,0,0,0
0,0,0,2020-02-07 21:00:00,2020-02-07,0,0,0,0,0
0,0,0,2020-02-06 21:00:00,2020-02-06,0,0,0,0,0
0,0,0,2020-02-05 21:00:00,2020-02-05,0,0,0,0,0
0,0,0,2020-02-04 20:00:00,2020-02-04,0,0,0,0,0
0,0,0,2020-02-03 20:00:00,2020-02-03,0,0,0,0,0
0,0,0,2020-02-02 20:00:00,2020-02-02,0,0,0,0,0
0,0,0,2020-02-01 10:00:00,2020-02-01,0,0,0,0,0
0,0,0,2020-01-31 12:30:00,2020-01-31,0,0,0,0,0
0,0,0,2020-01-30 12:00:00,2020-01-30,0,0,0,0,0
0,0,0,2020-01-29 14:00:00,2020-01-29,0,0,0,0,0
0,0,0,2020-01-28 11:30:00,2020-01-28,0,0,0,0,0
0,0,0,2020-01-27 14:00:00,2020-01-27,0,0,0,0,0
0,0,0,2020-01-26 13:00:00,2020-01-26,0,0,0,0,0
0,0,0,2020-01-25 15:00:00,2020-01-25,0,0,0,0,0
0,0,0,2020-01-24 15:00:00,2020-01-24,0,0,0,0,0
0,0,0,2020-01-23 15:00:00,2020-01-23,0,0,0,0,0
0,0,0,2020-01-22 15:00:00,2020-01-22,0,0,0,0,0
0,0,0,2020-01-21 15:00:00,2020-01-21,0,0,0,0,0
