Confirmed,Recovered,Deaths,Date_last_updated_AEDT,date_day,New,DayElapsed,New_death,DayElapsed_death,New_recover
6719,5915,418,2020-08-06 22:00:00,2020-08-06,26,136,0,130,0
6693,5915,418,2020-08-05 22:00:00,2020-08-05,33,135,1,129,67
6660,5848,417,2020-08-04 22:00:00,2020-08-04,26,134,0,128,28
6634,5820,417,2020-08-03 22:00:00,2020-08-03,21,133,1,127,26
6613,5794,416,2020-08-02 22:00:00,2020-08-02,30,132,1,126,22
6583,5772,415,2020-08-01 22:00:00,2020-08-01,39,131,0,125,50
6544,5722,415,2020-07-31 22:00:00,2020-07-31,31,130,4,124,12
6513,5710,411,2020-07-30 22:00:00,2020-07-30,13,129,2,123,22
6500,5688,409,2020-07-29 22:00:00,2020-07-29,59,128,0,122,36
6441,5652,409,2020-07-28 22:00:00,2020-07-28,5,127,0,121,214
6436,5438,409,2020-07-27 22:00:00,2020-07-27,21,126,0,120,0
6415,5438,409,2020-07-26 22:00:00,2020-07-26,40,125,2,119,45
6375,5393,407,2020-07-25 22:00:00,2020-07-25,57,124,2,118,48
6318,5345,405,2020-07-24 22:00:00,2020-07-24,23,123,3,117,4
6295,5341,402,2020-07-23 22:00:00,2020-07-23,33,122,2,116,25
6262,5316,400,2020-07-22 22:00:00,2020-07-22,13,121,2,115,30
6249,5286,398,2020-07-21 22:00:00,2020-07-21,46,120,0,114,35
6203,5251,398,2020-07-20 22:00:00,2020-07-20,15,119,2,113,30
6188,5221,396,2020-07-19 22:00:00,2020-07-19,23,118,1,112,33
6165,5188,395,2020-07-18 22:00:00,2020-07-18,26,117,0,111,52
6139,5136,395,2020-07-17 22:00:00,2020-07-17,26,116,1,110,11
6113,5125,394,2020-07-16 22:00:00,2020-07-16,22,115,3,109,24
6091,5101,391,2020-07-15 22:00:00,2020-07-15,23,114,0,108,45
6068,5056,391,2020-07-14 22:00:00,2020-07-14,14,113,0,107,29
6054,5027,391,2020-07-13 22:00:00,2020-07-13,30,112,0,106,14
6024,5013,391,2020-07-12 22:00:00,2020-07-12,33,111,1,105,116
5991,4897,390,2020-07-11 22:00:00,2020-07-11,18,110,3,104,66
5973,4831,387,2020-07-10 22:00:00,2020-07-10,21,109,1,103,14
5952,4817,386,2020-07-09 22:00:00,2020-07-09,20,108,2,102,59
5932,4758,384,2020-07-08 22:00:00,2020-07-08,18,107,2,101,52
5914,4706,382,2020-07-07 22:00:00,2020-07-07,17,106,1,100,22
5897,4684,381,2020-07-06 22:00:00,2020-07-06,26,105,1,99,17
5871,4667,380,2020-07-05 22:00:00,2020-07-05,14,104,4,98,70
5857,4597,376,2020-07-04 22:00:00,2020-07-04,35,103,1,97,89
5822,4508,375,2020-07-03 22:00:00,2020-07-03,20,102,2,96,17
5802,4491,373,2020-07-02 22:00:00,2020-07-02,20,101,2,95,28
5782,4463,371,2020-07-01 22:00:00,2020-07-01,22,100,4,94,28
5760,4435,367,2020-06-30 22:00:00,2020-06-30,13,99,0,93,23
5747,4412,367,2020-06-29 22:00:00,2020-06-29,30,98,0,92,11
5717,4401,367,2020-06-28 22:00:00,2020-06-28,46,97,2,91,20
5671,4381,365,2020-06-27 22:00:00,2020-06-27,33,96,8,90,11
5638,4370,357,2020-06-26 22:00:00,2020-06-26,40,95,10,89,12
5598,4358,347,2020-06-25 22:00:00,2020-06-25,27,94,4,88,42
5571,4316,343,2020-06-24 22:00:00,2020-06-24,13,93,4,87,26
5558,4290,339,2020-06-23 22:00:00,2020-06-23,14,92,0,86,15
5544,4275,339,2020-06-22 22:00:00,2020-06-22,26,91,0,85,31
5518,4244,339,2020-06-21 22:00:00,2020-06-21,32,90,2,84,35
5486,4209,337,2020-06-20 22:00:00,2020-06-20,36,89,6,83,69
5450,4140,331,2020-06-19 22:00:00,2020-06-19,14,88,1,82,36
5436,4104,330,2020-06-18 22:00:00,2020-06-18,72,87,4,81,37
5364,4067,326,2020-06-17 22:00:00,2020-06-17,19,86,6,80,26
5345,4041,320,2020-06-16 22:00:00,2020-06-16,27,85,0,79,54
5318,3987,320,2020-06-15 22:00:00,2020-06-15,19,84,2,78,82
5299,3905,318,2020-06-14 22:00:00,2020-06-14,48,83,3,77,62
5251,3843,315,2020-06-13 22:00:00,2020-06-13,42,82,7,76,178
5209,3665,308,2020-06-12 22:00:00,2020-06-12,31,81,7,75,80
5178,3585,301,2020-06-11 22:00:00,2020-06-11,46,80,7,74,84
5132,3501,294,2020-06-10 22:00:00,2020-06-10,53,79,8,73,109
5079,3392,286,2020-06-09 22:00:00,2020-06-09,36,78,0,72,0
5043,3392,286,2020-06-08 22:00:00,2020-06-08,24,77,3,71,73
5019,3319,283,2020-06-07 22:00:00,2020-06-07,66,76,5,70,72
4953,3247,278,2020-06-06 22:00:00,2020-06-06,77,75,5,69,60
4876,3187,273,2020-06-05 22:00:00,2020-06-05,81,74,8,68,30
4795,3157,265,2020-06-04 22:00:00,2020-06-04,46,73,9,67,86
4749,3071,256,2020-06-03 22:00:00,2020-06-03,64,72,11,66,117
4685,2954,245,2020-06-02 22:00:00,2020-06-02,34,71,0,65,6
4651,2948,245,2020-06-01 22:00:00,2020-06-01,159,70,7,64,146
4492,2802,238,2020-05-31 22:00:00,2020-05-31,0,69,0,63,0
4492,2802,238,2020-05-30 22:00:00,2020-05-30,103,68,6,62,72
4389,2730,232,2020-05-29 22:00:00,2020-05-29,103,67,9,61,39
4286,2691,223,2020-05-28 22:00:00,2020-05-28,55,66,9,60,141
4231,2550,214,2020-05-27 22:00:00,2020-05-27,34,65,4,59,116
4197,2434,210,2020-05-26 22:00:00,2020-05-26,48,64,1,58,230
4149,2204,209,2020-05-25 22:00:00,2020-05-25,60,63,1,57,7
4089,2197,208,2020-05-24 22:00:00,2020-05-24,75,62,4,56,115
4014,2082,204,2020-05-23 22:00:00,2020-05-23,79,61,5,55,315
3935,1767,199,2020-05-22 22:00:00,2020-05-22,67,60,9,54,379
3868,1388,190,2020-05-21 22:00:00,2020-05-21,147,59,18,53,119
3721,1269,172,2020-05-20 22:00:00,2020-05-20,69,58,0,52,0
3652,1269,172,2020-05-19 22:00:00,2020-05-19,56,57,0,51,1
3596,1268,172,2020-05-18 22:00:00,2020-05-18,40,56,1,50,10
3556,1258,171,2020-05-17 22:00:00,2020-05-17,92,55,12,49,4
3464,1254,159,2020-05-16 22:00:00,2020-05-16,82,54,8,48,7
3382,1247,151,2020-05-15 22:00:00,2020-05-15,83,53,1,47,11
3299,1236,150,2020-05-14 22:00:00,2020-05-14,60,52,8,46,2
3239,1234,142,2020-05-13 22:00:00,2020-05-13,79,51,9,45,3
3160,1231,133,2020-05-12 22:00:00,2020-05-12,89,50,0,44,2
3071,1229,133,2020-05-11 22:00:00,2020-05-11,60,49,2,43,1
3011,1228,131,2020-05-10 22:00:00,2020-05-10,64,48,10,42,18
2947,1210,121,2020-05-09 22:00:00,2020-05-09,104,47,7,41,45
2843,1165,114,2020-05-08 22:00:00,2020-05-08,102,46,22,40,58
2741,1107,92,2020-05-07 22:00:00,2020-05-07,105,45,0,39,0
2636,1107,92,2020-05-06 22:00:00,2020-05-06,48,44,6,38,0
2588,1107,86,2020-05-05 22:00:00,2020-05-05,70,43,0,37,0
2518,1107,86,2020-05-04 22:00:00,2020-05-04,89,42,2,36,90
2429,1017,84,2020-05-03 22:00:00,2020-05-03,119,41,3,35,37
2310,980,81,2020-05-02 22:00:00,2020-05-02,164,40,9,34,44
2146,936,72,2020-05-01 22:00:00,2020-05-01,88,39,12,33,0
2058,936,60,2020-04-30 22:00:00,2020-04-30,48,38,0,32,0
2010,936,60,2020-04-29 22:00:00,2020-04-29,72,37,0,31,138
1938,798,60,2020-04-28 22:00:00,2020-04-28,74,36,0,30,21
1864,777,60,2020-04-27 22:00:00,2020-04-27,67,35,7,29,0
1797,777,53,2020-04-26 22:00:00,2020-04-26,77,34,0,28,199
1720,578,53,2020-04-25 22:00:00,2020-04-25,50,33,2,27,27
1670,551,51,2020-04-24 22:00:00,2020-04-24,82,32,3,26,1
1588,550,48,2020-04-23 22:00:00,2020-04-23,98,31,6,25,4
1490,546,42,2020-04-22 22:00:00,2020-04-22,43,30,0,24,25
1447,521,42,2020-04-21 22:00:00,2020-04-21,55,29,1,23,8
1392,513,41,2020-04-20 22:00:00,2020-04-20,50,28,3,22,0
1342,513,38,2020-04-19 22:00:00,2020-04-19,55,27,1,21,45
1287,468,37,2020-04-18 22:00:00,2020-04-18,76,26,3,20,13
1211,455,34,2020-04-17 22:00:00,2020-04-17,72,25,2,19,90
1139,365,32,2020-04-16 22:00:00,2020-04-16,48,24,5,18,116
1091,249,27,2020-04-15 22:00:00,2020-04-15,71,23,4,17,0
1020,249,23,2020-04-14 22:00:00,2020-04-14,35,22,0,16,10
985,239,23,2020-04-13 22:00:00,2020-04-13,56,21,0,15,5
929,234,23,2020-04-12 22:00:00,2020-04-12,44,20,1,14,0
885,234,22,2020-04-11 22:00:00,2020-04-11,66,19,1,13,7
819,227,21,2020-04-10 22:00:00,2020-04-10,31,18,3,12,0
788,227,18,2020-04-09 22:00:00,2020-04-09,41,17,5,11,76
747,151,13,2020-04-08 22:00:00,2020-04-08,32,16,4,10,0
715,151,9,2020-04-07 22:00:00,2020-04-07,46,15,0,9,4
669,147,9,2020-04-06 22:00:00,2020-04-06,48,14,0,8,1
621,146,9,2020-04-05 22:00:00,2020-04-05,81,13,2,7,2
540,144,7,2020-04-04 21:00:00,2020-04-04,61,12,2,6,43
479,101,5,2020-04-03 21:00:00,2020-04-03,64,11,1,5,45
415,56,4,2020-04-02 21:00:00,2020-04-02,48,10,1,4,56
367,0,3,2020-04-01 21:00:00,2020-04-01,53,9,0,3,0
314,0,3,2020-03-31 21:00:00,2020-03-31,56,8,0,2,0
258,0,3,2020-03-30 21:00:00,2020-03-30,44,7,1,1,0
214,0,2,2020-03-29 21:00:00,2020-03-29,27,6,0,0,0
187,0,2,2020-03-28 21:00:00,2020-03-28,33,5,1,0,0
154,0,1,2020-03-27 21:10:00,2020-03-27,17,4,0,0,0
137,0,1,2020-03-26 22:20:00,2020-03-26,29,3,0,0,0
108,0,1,2020-03-25 23:20:00,2020-03-25,7,2,0,0,0
101,0,1,2020-03-24 21:20:00,2020-03-24,23,1,1,0,0
78,0,0,2020-03-23 21:40:00,2020-03-23,13,0,0,0,0
65,0,0,2020-03-22 21:00:00,2020-03-22,10,0,0,0,0
55,0,0,2020-03-21 21:00:00,2020-03-21,11,0,0,0,0
44,0,0,2020-03-20 21:20:00,2020-03-20,5,0,0,0,0
39,0,0,2020-03-19 21:30:00,2020-03-19,13,0,0,0,0
26,0,0,2020-03-18 22:00:00,2020-03-18,9,0,0,0,0
17,0,0,2020-03-17 21:00:00,2020-03-17,4,0,0,0,0
13,0,0,2020-03-16 21:00:00,2020-03-16,6,0,0,0,0
7,0,0,2020-03-15 21:00:00,2020-03-15,1,0,0,0,0
6,0,0,2020-03-14 21:00:00,2020-03-14,0,0,0,0,0
6,0,0,2020-03-13 21:00:00,2020-03-13,1,0,0,0,0
5,0,0,2020-03-12 21:00:00,2020-03-12,0,0,0,0,0
5,0,0,2020-03-11 21:00:00,2020-03-11,1,0,0,0,0
4,0,0,2020-03-10 21:00:00,2020-03-10,0,0,0,0,0
4,0,0,2020-03-09 21:00:00,2020-03-09,0,0,0,0,0
4,0,0,2020-03-08 21:00:00,2020-03-08,2,0,0,0,0
2,0,0,2020-03-07 21:00:00,2020-03-07,0,0,0,0,0
2,0,0,2020-03-06 21:00:00,2020-03-06,0,0,0,0,0
2,0,0,2020-03-05 21:00:00,2020-03-05,0,0,0,0,0
2,0,0,2020-03-04 21:00:00,2020-03-04,1,0,0,0,0
1,0,0,2020-03-03 21:00:00,2020-03-03,1,0,0,0,0
0,0,0,2020-03-02 21:00:00,2020-03-02,0,0,0,0,0
0,0,0,2020-03-01 21:00:00,2020-03-01,0,0,0,0,0
0,0,0,2020-02-29 21:00:00,2020-02-29,0,0,0,0,0
0,0,0,2020-02-28 21:00:00,2020-02-28,0,0,0,0,0
0,0,0,2020-02-27 21:00:00,2020-02-27,0,0,0,0,0
0,0,0,2020-02-26 21:00:00,2020-02-26,0,0,0,0,0
0,0,0,2020-02-25 21:00:00,2020-02-25,0,0,0,0,0
0,0,0,2020-02-24 21:00:00,2020-02-24,0,0,0,0,0
0,0,0,2020-02-23 21:00:00,2020-02-23,0,0,0,0,0
0,0,0,2020-02-22 21:00:00,2020-02-22,0,0,0,0,0
0,0,0,2020-02-21 21:00:00,2020-02-21,0,0,0,0,0
0,0,0,2020-02-20 21:00:00,2020-02-20,0,0,0,0,0
0,0,0,2020-02-19 21:00:00,2020-02-19,0,0,0,0,0
0,0,0,2020-02-18 21:00:00,2020-02-18,0,0,0,0,0
0,0,0,2020-02-17 21:00:00,2020-02-17,0,0,0,0,0
0,0,0,2020-02-16 21:00:00,2020-02-16,0,0,0,0,0
0,0,0,2020-02-15 21:00:00,2020-02-15,0,0,0,0,0
0,0,0,2020-02-14 21:00:00,2020-02-14,0,0,0,0,0
0,0,0,2020-02-13 21:00:00,2020-02-13,0,0,0,0,0
0,0,0,2020-02-12 21:00:00,2020-02-12,0,0,0,0,0
0,0,0,2020-02-11 20:30:00,2020-02-11,0,0,0,0,0
0,0,0,2020-02-10 21:00:00,2020-02-10,0,0,0,0,0
0,0,0,2020-02-09 21:00:00,2020-02-09,0,0,0,0,0
0,0,0,2020-02-08 21:00:00,2020-02-08,0,0,0,0,0
0,0,0,2020-02-07 21:00:00,2020-02-07,0,0,0,0,0
0,0,0,2020-02-06 21:00:00,2020-02-06,0,0,0,0,0
0,0,0,2020-02-05 21:00:00,2020-02-05,0,0,0,0,0
0,0,0,2020-02-04 20:00:00,2020-02-04,0,0,0,0,0
0,0,0,2020-02-03 20:00:00,2020-02-03,0,0,0,0,0
0,0,0,2020-02-02 20:00:00,2020-02-02,0,0,0,0,0
0,0,0,2020-02-01 10:00:00,2020-02-01,0,0,0,0,0
0,0,0,2020-01-31 12:30:00,2020-01-31,0,0,0,0,0
0,0,0,2020-01-30 12:00:00,2020-01-30,0,0,0,0,0
0,0,0,2020-01-29 14:00:00,2020-01-29,0,0,0,0,0
0,0,0,2020-01-28 11:30:00,2020-01-28,0,0,0,0,0
0,0,0,2020-01-27 14:00:00,2020-01-27,0,0,0,0,0
0,0,0,2020-01-26 13:00:00,2020-01-26,0,0,0,0,0
0,0,0,2020-01-25 15:00:00,2020-01-25,0,0,0,0,0
0,0,0,2020-01-24 15:00:00,2020-01-24,0,0,0,0,0
0,0,0,2020-01-23 15:00:00,2020-01-23,0,0,0,0,0
0,0,0,2020-01-22 15:00:00,2020-01-22,0,0,0,0,0
0,0,0,2020-01-21 15:00:00,2020-01-21,0,0,0,0,0
