Confirmed,Recovered,Deaths,Date_last_updated_AEDT,date_day,New,DayElapsed,New_death,DayElapsed_death,New_recover
183327,4030,15922,2020-08-06 22:00:00,2020-08-06,357,144,-17,143,0
182970,4030,15939,2020-08-05 22:00:00,2020-08-05,356,143,10,142,12
182614,4018,15929,2020-08-04 22:00:00,2020-08-04,264,142,8,141,0
182350,4018,15921,2020-08-03 22:00:00,2020-08-03,321,141,6,140,0
182029,4018,15915,2020-08-02 22:00:00,2020-08-02,369,140,10,139,0
181660,4018,15905,2020-08-01 22:00:00,2020-08-01,690,139,-9,138,11
180970,4007,15914,2020-07-31 22:00:00,2020-07-31,204,138,0,137,0
180766,4007,15914,2020-07-30 22:00:00,2020-07-30,471,137,0,136,9
180295,3998,15914,2020-07-29 22:00:00,2020-07-29,483,136,18,135,5
179812,3993,15896,2020-07-28 22:00:00,2020-07-28,449,135,17,134,0
179363,3993,15879,2020-07-27 22:00:00,2020-07-27,505,134,21,133,0
178858,3993,15858,2020-07-26 22:00:00,2020-07-26,513,133,8,132,2
178345,3991,15850,2020-07-25 22:00:00,2020-07-25,458,132,34,131,11
177887,3980,15816,2020-07-24 22:00:00,2020-07-24,242,131,20,130,0
177645,3980,15796,2020-07-23 22:00:00,2020-07-23,389,130,-30,129,7
177256,3973,15826,2020-07-22 22:00:00,2020-07-22,293,129,20,128,4
176963,3969,15806,2020-07-21 22:00:00,2020-07-21,149,128,16,127,0
176814,3969,15790,2020-07-20 22:00:00,2020-07-20,0,127,0,126,0
176814,3969,15790,2020-07-19 22:00:00,2020-07-19,240,126,14,125,0
176574,3969,15776,2020-07-18 22:00:00,2020-07-18,73,125,21,124,3
176501,3966,15755,2020-07-17 22:00:00,2020-07-17,223,124,59,123,3
176278,3963,15696,2020-07-16 22:00:00,2020-07-16,363,123,24,122,10
175915,3953,15672,2020-07-15 22:00:00,2020-07-15,393,122,20,121,2
175522,3951,15652,2020-07-14 22:00:00,2020-07-14,224,121,32,120,0
175298,3951,15620,2020-07-13 22:00:00,2020-07-13,339,120,3,119,0
174959,3951,15617,2020-07-12 22:00:00,2020-07-12,331,119,48,118,0
174628,3951,15569,2020-07-11 22:00:00,2020-07-11,358,118,27,117,4
174270,3947,15542,2020-07-10 22:00:00,2020-07-10,231,117,31,116,0
174039,3947,15511,2020-07-09 22:00:00,2020-07-09,161,116,146,115,15
173878,3932,15365,2020-07-08 22:00:00,2020-07-08,267,115,49,114,2
173611,3930,15316,2020-07-07 22:00:00,2020-07-07,209,114,20,113,0
173402,3930,15296,2020-07-06 22:00:00,2020-07-06,369,113,22,112,0
173033,3930,15274,2020-07-05 22:00:00,2020-07-05,291,112,26,111,0
172742,3930,15248,2020-07-04 22:00:00,2020-07-04,386,111,58,110,8
172356,3922,15190,2020-07-03 22:00:00,2020-07-03,405,110,32,109,0
171951,3922,15158,2020-07-02 22:00:00,2020-07-02,284,109,36,108,7
171667,3915,15122,2020-07-01 22:00:00,2020-07-01,395,108,50,107,0
171272,3915,15072,2020-06-30 22:00:00,2020-06-30,90,107,18,106,0
171182,3915,15054,2020-06-29 22:00:00,2020-06-29,309,106,25,105,0
170873,3915,15029,2020-06-28 22:00:00,2020-06-28,289,105,33,104,0
170584,3915,14996,2020-06-27 22:00:00,2020-06-27,388,104,50,103,7
170196,3908,14946,2020-06-26 22:00:00,2020-06-26,304,103,1870,102,0
169892,3908,13076,2020-06-25 22:00:00,2020-06-25,158,102,51,101,2
169734,3906,13025,2020-06-24 22:00:00,2020-06-24,319,101,51,100,0
169415,3906,12974,2020-06-23 22:00:00,2020-06-23,273,100,35,99,0
169142,3906,12939,2020-06-22 22:00:00,2020-06-22,308,99,15,98,3
168834,3903,12924,2020-06-21 22:00:00,2020-06-21,338,98,22,97,6
168496,3897,12902,2020-06-20 22:00:00,2020-06-20,389,97,33,96,4
168107,3893,12869,2020-06-19 22:00:00,2020-06-19,404,96,34,95,6
167703,3887,12835,2020-06-18 22:00:00,2020-06-18,277,95,43,94,8
167426,3879,12792,2020-06-17 22:00:00,2020-06-17,323,94,84,93,0
167103,3879,12708,2020-06-16 22:00:00,2020-06-16,222,93,49,92,0
166881,3879,12659,2020-06-15 22:00:00,2020-06-15,276,92,38,91,0
166605,3879,12621,2020-06-14 22:00:00,2020-06-14,441,91,132,90,12
166164,3867,12489,2020-06-13 22:00:00,2020-06-13,348,90,46,89,0
165816,3867,12443,2020-06-12 22:00:00,2020-06-12,470,89,66,88,0
165346,3867,12377,2020-06-11 22:00:00,2020-06-11,550,88,74,87,11
164796,3856,12303,2020-06-10 22:00:00,2020-06-10,299,87,89,86,0
164497,3856,12214,2020-06-09 22:00:00,2020-06-09,333,86,38,85,3
164164,3853,12176,2020-06-08 22:00:00,2020-06-08,271,85,70,84,0
163893,3853,12106,2020-06-07 22:00:00,2020-06-07,557,84,57,83,6
163336,3847,12049,2020-06-06 22:00:00,2020-06-06,806,83,79,82,25
162530,3822,11970,2020-06-05 22:00:00,2020-06-05,462,82,90,81,0
162068,3822,11880,2020-06-04 22:00:00,2020-06-04,523,81,109,80,0
161545,3822,11771,2020-06-03 22:00:00,2020-06-03,627,80,48,79,41
160918,3781,11723,2020-06-02 22:00:00,2020-06-02,473,79,25,78,0
160445,3781,11698,2020-06-01 22:00:00,2020-06-01,837,78,64,77,0
159608,3781,11634,2020-05-31 22:00:00,2020-05-31,764,77,103,76,0
158844,3781,11531,2020-05-30 22:00:00,2020-05-30,1659,76,122,75,0
157185,3781,11409,2020-05-29 22:00:00,2020-05-29,557,75,70,74,11
156628,3770,11339,2020-05-28 22:00:00,2020-05-28,864,74,145,73,0
155764,3770,11194,2020-05-27 22:00:00,2020-05-27,672,73,47,72,0
155092,3770,11147,2020-05-26 22:00:00,2020-05-26,938,72,9,71,0
154154,3770,11138,2020-05-25 22:00:00,2020-05-25,1014,71,56,70,0
153140,3770,11082,2020-05-24 22:00:00,2020-05-24,561,70,97,69,34
152579,3736,10985,2020-05-23 22:00:00,2020-05-23,993,69,139,68,0
151586,3736,10846,2020-05-22 22:00:00,2020-05-22,810,68,97,67,0
150776,3736,10749,2020-05-21 22:00:00,2020-05-21,1420,67,162,66,14
149356,3722,10587,2020-05-20 22:00:00,2020-05-20,1116,66,148,65,0
148240,3722,10439,2020-05-19 22:00:00,2020-05-19,1736,65,76,64,0
146504,3722,10363,2020-05-18 22:00:00,2020-05-18,1415,64,102,63,427
145089,3295,10261,2020-05-17 22:00:00,2020-05-17,1105,63,113,62,21
143984,3274,10148,2020-05-16 22:00:00,2020-05-16,1280,62,202,61,37
142704,3237,9946,2020-05-15 22:00:00,2020-05-15,1144,61,232,60,6
141560,3231,9714,2020-05-14 22:00:00,2020-05-14,643,60,183,59,3
140917,3228,9531,2020-05-13 22:00:00,2020-05-13,711,59,191,58,14
140206,3214,9340,2020-05-12 22:00:00,2020-05-12,1452,58,84,57,0
138754,3214,9256,2020-05-11 22:00:00,2020-05-11,1357,57,140,56,2484
137397,730,9116,2020-05-10 22:00:00,2020-05-10,1557,56,156,55,0
135840,730,8960,2020-05-09 22:00:00,2020-05-09,1849,55,153,54,0
133991,730,8807,2020-05-08 22:00:00,2020-05-08,2101,54,258,53,0
131890,730,8549,2020-05-07 22:00:00,2020-05-07,1297,53,305,52,0
130593,730,8244,2020-05-06 22:00:00,2020-05-06,2324,52,334,51,0
128269,730,7910,2020-05-05 22:00:00,2020-05-05,1525,51,39,50,0
126744,730,7871,2020-05-04 22:00:00,2020-05-04,3027,50,129,49,0
123717,730,7742,2020-05-03 22:00:00,2020-05-03,2527,49,204,48,0
121190,730,7538,2020-05-02 22:00:00,2020-05-02,2538,48,310,47,0
118652,730,7228,2020-05-01 22:00:00,2020-05-01,2287,47,457,46,0
116365,730,6771,2020-04-30 22:00:00,2020-04-30,2509,46,329,45,0
113856,730,6442,2020-04-29 22:00:00,2020-04-29,2668,45,398,44,0
111188,730,6044,2020-04-28 22:00:00,2020-04-28,2150,44,106,43,0
109038,730,5938,2020-04-27 22:00:00,2020-04-27,3515,43,0,42,0
105523,730,5938,2020-04-26 22:00:00,2020-04-26,3327,42,255,41,0
102196,730,5683,2020-04-25 22:00:00,2020-04-25,2171,41,257,40,0
100025,730,5426,2020-04-24 22:00:00,2020-04-24,4111,40,276,39,0
95914,730,5150,2020-04-23 22:00:00,2020-04-23,3527,39,397,38,0
92387,730,4753,2020-04-22 22:00:00,2020-04-22,3581,38,233,37,0
88806,730,4520,2020-04-21 22:00:00,2020-04-21,3505,37,158,36,0
85301,730,4362,2020-04-20 22:00:00,2020-04-20,3702,36,113,35,232
81599,498,4249,2020-04-19 22:00:00,2020-04-19,3132,35,409,34,28
78467,470,3840,2020-04-18 22:00:00,2020-04-18,3150,34,322,33,0
75317,470,3518,2020-04-17 22:00:00,2020-04-17,4287,33,362,32,0
71030,470,3156,2020-04-16 22:00:00,2020-04-16,2206,32,351,31,76
68824,394,2805,2020-04-15 22:00:00,2020-04-15,4240,31,362,30,39
64584,355,2443,2020-04-14 22:00:00,2020-04-14,2734,30,93,29,0
61850,355,2350,2020-04-13 22:00:00,2020-04-13,3699,29,167,28,0
58151,355,2183,2020-04-12 22:00:00,2020-04-12,3563,28,251,27,304
54588,51,1932,2020-04-11 22:00:00,2020-04-11,3561,27,223,26,0
51027,51,1709,2020-04-10 22:00:00,2020-04-10,3590,26,205,25,0
47437,51,1504,2020-04-09 22:00:00,2020-04-09,3021,25,272,24,0
44416,51,1232,2020-04-08 22:00:00,2020-04-08,3326,24,229,23,51
41090,0,1003,2020-04-07 22:00:00,2020-04-07,3585,23,86,22,0
37505,0,917,2020-04-06 22:00:00,2020-04-06,3381,22,71,21,0
34124,0,846,2020-04-05 22:00:00,2020-04-05,4229,21,200,20,0
29895,0,646,2020-04-04 21:00:00,2020-04-04,4305,20,109,19,0
25590,0,537,2020-04-03 21:00:00,2020-04-03,3335,19,182,18,0
22255,0,355,2020-04-02 21:00:00,2020-04-02,3258,18,88,17,-1
18997,1,267,2020-04-01 21:00:00,2020-04-01,2361,17,69,16,0
16636,1,198,2020-03-31 21:00:00,2020-03-31,3250,16,37,15,0
13386,1,161,2020-03-30 21:00:00,2020-03-30,2262,15,21,14,0
11124,1,140,2020-03-29 21:00:00,2020-03-29,2299,14,32,13,0
8825,1,108,2020-03-28 21:00:00,2020-03-28,1949,13,27,12,0
6876,1,81,2020-03-27 21:10:00,2020-03-27,2469,12,19,11,0
4407,1,62,2020-03-26 22:20:00,2020-03-26,732,11,18,10,0
3675,1,44,2020-03-25 23:20:00,2020-03-25,831,10,17,9,0
2844,1,27,2020-03-24 21:20:00,2020-03-24,930,9,6,8,0
1914,1,21,2020-03-23 21:40:00,2020-03-23,587,8,5,7,0
1327,1,16,2020-03-22 21:00:00,2020-03-22,437,7,5,6,0
890,1,11,2020-03-21 21:00:00,2020-03-21,148,6,2,5,0
742,1,9,2020-03-20 21:20:00,2020-03-20,315,5,4,4,0
427,1,5,2020-03-19 21:30:00,2020-03-19,160,4,2,3,0
267,1,3,2020-03-18 22:00:00,2020-03-18,88,3,0,2,0
179,1,3,2020-03-17 21:00:00,2020-03-17,70,2,1,1,1
109,0,2,2020-03-16 21:00:00,2020-03-16,39,1,0,0,0
70,0,2,2020-03-15 21:00:00,2020-03-15,20,0,1,0,0
50,0,1,2020-03-14 21:00:00,2020-03-14,19,0,0,0,0
31,0,1,2020-03-13 21:00:00,2020-03-13,8,0,0,0,0
23,0,1,2020-03-12 21:00:00,2020-03-12,8,0,0,0,0
15,0,1,2020-03-11 21:00:00,2020-03-11,4,0,1,0,0
11,0,0,2020-03-10 21:00:00,2020-03-10,5,0,0,0,0
6,0,0,2020-03-09 21:00:00,2020-03-09,2,0,0,0,0
4,0,0,2020-03-08 21:00:00,2020-03-08,0,0,0,0,0
4,0,0,2020-03-07 21:00:00,2020-03-07,2,0,0,0,0
2,0,0,2020-03-06 21:00:00,2020-03-06,1,0,0,0,0
1,0,0,2020-03-05 21:00:00,2020-03-05,1,0,0,0,0
0,0,0,2020-03-04 21:00:00,2020-03-04,0,0,0,0,0
0,0,0,2020-03-03 21:00:00,2020-03-03,0,0,0,0,0
0,0,0,2020-03-02 21:00:00,2020-03-02,0,0,0,0,0
0,0,0,2020-03-01 21:00:00,2020-03-01,0,0,0,0,0
0,0,0,2020-02-29 21:00:00,2020-02-29,0,0,0,0,0
0,0,0,2020-02-28 21:00:00,2020-02-28,0,0,0,0,0
0,0,0,2020-02-27 21:00:00,2020-02-27,0,0,0,0,0
0,0,0,2020-02-26 21:00:00,2020-02-26,0,0,0,0,0
0,0,0,2020-02-25 21:00:00,2020-02-25,0,0,0,0,0
0,0,0,2020-02-24 21:00:00,2020-02-24,0,0,0,0,0
0,0,0,2020-02-23 21:00:00,2020-02-23,0,0,0,0,0
0,0,0,2020-02-22 21:00:00,2020-02-22,0,0,0,0,0
0,0,0,2020-02-21 21:00:00,2020-02-21,0,0,0,0,0
0,0,0,2020-02-20 21:00:00,2020-02-20,0,0,0,0,0
0,0,0,2020-02-19 21:00:00,2020-02-19,0,0,0,0,0
0,0,0,2020-02-18 21:00:00,2020-02-18,0,0,0,0,0
0,0,0,2020-02-17 21:00:00,2020-02-17,0,0,0,0,0
0,0,0,2020-02-16 21:00:00,2020-02-16,0,0,0,0,0
0,0,0,2020-02-15 21:00:00,2020-02-15,0,0,0,0,0
0,0,0,2020-02-14 21:00:00,2020-02-14,0,0,0,0,0
0,0,0,2020-02-13 21:00:00,2020-02-13,0,0,0,0,0
0,0,0,2020-02-12 21:00:00,2020-02-12,0,0,0,0,0
0,0,0,2020-02-11 20:30:00,2020-02-11,0,0,0,0,0
0,0,0,2020-02-10 21:00:00,2020-02-10,0,0,0,0,0
0,0,0,2020-02-09 21:00:00,2020-02-09,0,0,0,0,0
0,0,0,2020-02-08 21:00:00,2020-02-08,0,0,0,0,0
0,0,0,2020-02-07 21:00:00,2020-02-07,0,0,0,0,0
0,0,0,2020-02-06 21:00:00,2020-02-06,0,0,0,0,0
0,0,0,2020-02-05 21:00:00,2020-02-05,0,0,0,0,0
0,0,0,2020-02-04 20:00:00,2020-02-04,0,0,0,0,0
0,0,0,2020-02-03 20:00:00,2020-02-03,0,0,0,0,0
0,0,0,2020-02-02 20:00:00,2020-02-02,0,0,0,0,0
0,0,0,2020-02-01 10:00:00,2020-02-01,0,0,0,0,0
0,0,0,2020-01-31 12:30:00,2020-01-31,0,0,0,0,0
0,0,0,2020-01-30 12:00:00,2020-01-30,0,0,0,0,0
0,0,0,2020-01-29 14:00:00,2020-01-29,0,0,0,0,0
0,0,0,2020-01-28 11:30:00,2020-01-28,0,0,0,0,0
0,0,0,2020-01-27 14:00:00,2020-01-27,0,0,0,0,0
0,0,0,2020-01-26 13:00:00,2020-01-26,0,0,0,0,0
0,0,0,2020-01-25 15:00:00,2020-01-25,0,0,0,0,0
0,0,0,2020-01-24 15:00:00,2020-01-24,0,0,0,0,0
0,0,0,2020-01-23 15:00:00,2020-01-23,0,0,0,0,0
0,0,0,2020-01-22 15:00:00,2020-01-22,0,0,0,0,0
0,0,0,2020-01-21 15:00:00,2020-01-21,0,0,0,0,0
