Confirmed,Recovered,Deaths,Date_last_updated_AEDT,date_day,New,DayElapsed,New_death,DayElapsed_death,New_recover
3643,2991,50,2020-08-06 22:00:00,2020-08-06,12,146,0,145,0
3631,2991,50,2020-08-05 22:00:00,2020-08-05,11,145,0,144,0
3620,2991,50,2020-08-04 22:00:00,2020-08-04,12,144,0,143,0
3608,2991,50,2020-08-03 22:00:00,2020-08-03,13,143,0,142,0
3595,2991,50,2020-08-02 22:00:00,2020-08-02,11,142,1,141,191
3584,2800,49,2020-08-01 22:00:00,2020-08-01,17,141,0,140,0
3567,2800,49,2020-07-31 22:00:00,2020-07-31,20,140,0,139,0
3547,2800,49,2020-07-30 22:00:00,2020-07-30,18,139,0,138,0
3529,2800,49,2020-07-29 22:00:00,2020-07-29,19,138,0,137,0
3510,2800,49,2020-07-28 22:00:00,2020-07-28,14,137,0,136,1
3496,2799,49,2020-07-27 22:00:00,2020-07-27,17,136,0,135,0
3479,2799,49,2020-07-26 22:00:00,2020-07-26,14,135,0,134,0
3465,2799,49,2020-07-25 22:00:00,2020-07-25,14,134,0,133,0
3451,2799,49,2020-07-24 22:00:00,2020-07-24,7,133,0,132,0
3444,2799,49,2020-07-23 22:00:00,2020-07-23,19,132,0,131,0
3425,2799,49,2020-07-22 22:00:00,2020-07-22,15,131,0,130,0
3410,2799,49,2020-07-21 22:00:00,2020-07-21,11,130,0,129,0
3399,2799,49,2020-07-20 22:00:00,2020-07-20,20,129,0,128,0
3379,2799,49,2020-07-19 22:00:00,2020-07-19,18,128,0,127,0
3361,2799,49,2020-07-18 22:00:00,2020-07-18,15,127,0,126,0
3346,2799,49,2020-07-17 22:00:00,2020-07-17,8,126,0,125,0
3338,2799,49,2020-07-16 22:00:00,2020-07-16,10,125,0,124,0
3328,2799,49,2020-07-15 22:00:00,2020-07-15,12,124,0,123,0
3316,2799,49,2020-07-14 22:00:00,2020-07-14,13,123,0,122,0
3303,2799,49,2020-07-13 22:00:00,2020-07-13,14,122,0,121,0
3289,2799,49,2020-07-12 22:00:00,2020-07-12,4,121,0,120,0
3285,2799,49,2020-07-11 22:00:00,2020-07-11,7,120,1,119,12
3278,2787,48,2020-07-10 22:00:00,2020-07-10,14,119,0,118,-10
3264,2797,48,2020-07-09 22:00:00,2020-07-09,13,118,0,117,0
3251,2797,48,2020-07-08 22:00:00,2020-07-08,7,117,0,116,-1
3244,2798,48,2020-07-07 22:00:00,2020-07-07,4,116,0,115,-1
3240,2799,48,2020-07-06 22:00:00,2020-07-06,10,115,0,114,0
3230,2799,48,2020-07-05 22:00:00,2020-07-05,14,114,0,113,11
3216,2788,48,2020-07-04 22:00:00,2020-07-04,5,113,0,112,-1
3211,2789,48,2020-07-03 22:00:00,2020-07-03,0,112,0,111,2
3211,2787,48,2020-07-02 22:00:00,2020-07-02,8,111,0,110,0
3203,2787,48,2020-07-01 22:00:00,2020-07-01,14,110,0,109,3
3189,2784,48,2020-06-30 22:00:00,2020-06-30,5,109,0,108,0
3184,2784,48,2020-06-29 22:00:00,2020-06-29,7,108,0,107,0
3177,2784,48,2020-06-28 22:00:00,2020-06-28,3,107,0,106,0
3174,2784,48,2020-06-27 22:00:00,2020-06-27,6,106,0,105,2
3168,2782,48,2020-06-26 22:00:00,2020-06-26,6,105,0,104,6
3162,2776,48,2020-06-25 22:00:00,2020-06-25,3,104,0,103,5
3159,2771,48,2020-06-24 22:00:00,2020-06-24,9,103,0,102,0
3150,2771,48,2020-06-23 22:00:00,2020-06-23,-1,102,0,101,0
3151,2771,48,2020-06-22 22:00:00,2020-06-22,2,101,0,100,0
3149,2771,48,2020-06-21 22:00:00,2020-06-21,5,100,0,99,0
3144,2771,48,2020-06-20 22:00:00,2020-06-20,1,99,0,98,1
3143,2770,48,2020-06-19 22:00:00,2020-06-19,6,98,0,97,0
3137,2770,48,2020-06-18 22:00:00,2020-06-18,2,97,0,96,0
3135,2770,48,2020-06-17 22:00:00,2020-06-17,1,96,0,95,2
3134,2768,48,2020-06-16 22:00:00,2020-06-16,3,95,0,94,2
3131,2766,48,2020-06-15 22:00:00,2020-06-15,3,94,0,93,0
3128,2766,48,2020-06-14 22:00:00,2020-06-14,9,93,0,92,3
3119,2763,48,2020-06-13 22:00:00,2020-06-13,4,92,0,91,20
3115,2743,48,2020-06-12 22:00:00,2020-06-12,-2,91,0,90,5
3117,2738,48,2020-06-11 22:00:00,2020-06-11,0,90,0,89,3
3117,2735,48,2020-06-10 22:00:00,2020-06-10,3,89,0,88,6
3114,2729,48,2020-06-09 22:00:00,2020-06-09,2,88,0,87,5
3112,2724,48,2020-06-08 22:00:00,2020-06-08,3,87,0,86,1
3109,2723,48,2020-06-07 22:00:00,2020-06-07,-1,86,0,85,4
3110,2719,48,2020-06-06 22:00:00,2020-06-06,0,85,0,84,5
3110,2714,48,2020-06-05 22:00:00,2020-06-05,4,84,0,83,14
3106,2700,48,2020-06-04 22:00:00,2020-06-04,2,83,0,82,9
3104,2691,48,2020-06-03 22:00:00,2020-06-03,0,82,0,81,4
3104,2687,48,2020-06-02 22:00:00,2020-06-02,6,81,0,80,2
3098,2685,48,2020-06-01 22:00:00,2020-06-01,3,80,0,79,0
3095,2685,48,2020-05-31 22:00:00,2020-05-31,3,79,0,78,2
3092,2683,48,2020-05-30 22:00:00,2020-05-30,0,78,0,77,17
3092,2666,48,2020-05-29 22:00:00,2020-05-29,2,77,0,76,-4
3090,2670,48,2020-05-28 22:00:00,2020-05-28,1,76,0,75,7
3089,2663,48,2020-05-27 22:00:00,2020-05-27,-3,75,0,74,2
3092,2661,48,2020-05-26 22:00:00,2020-05-26,2,74,0,73,5
3090,2656,48,2020-05-25 22:00:00,2020-05-25,3,73,0,72,3
3087,2653,48,2020-05-24 22:00:00,2020-05-24,1,72,0,71,0
3086,2653,48,2020-05-23 22:00:00,2020-05-23,2,71,0,70,5
3084,2648,48,2020-05-22 22:00:00,2020-05-22,2,70,1,69,0
3082,2648,47,2020-05-21 22:00:00,2020-05-21,1,69,0,68,17
3081,2631,47,2020-05-20 22:00:00,2020-05-20,3,68,1,67,17
3078,2614,46,2020-05-19 22:00:00,2020-05-19,2,67,0,66,2
3076,2612,46,2020-05-18 22:00:00,2020-05-18,1,66,1,65,0
3075,2612,45,2020-05-17 22:00:00,2020-05-17,1,65,0,64,1
3074,2611,45,2020-05-16 22:00:00,2020-05-16,3,64,0,63,6
3071,2605,45,2020-05-15 22:00:00,2020-05-15,8,63,0,62,10
3063,2595,45,2020-05-14 22:00:00,2020-05-14,4,62,0,61,24
3059,2571,45,2020-05-13 22:00:00,2020-05-13,6,61,1,60,28
3053,2543,44,2020-05-12 22:00:00,2020-05-12,0,60,0,59,26
3053,2517,44,2020-05-11 22:00:00,2020-05-11,0,59,0,58,2
3053,2515,44,2020-05-10 22:00:00,2020-05-10,2,58,0,57,11
3051,2504,44,2020-05-09 22:00:00,2020-05-09,4,57,0,56,18
3047,2486,44,2020-05-08 22:00:00,2020-05-08,3,56,0,55,23
3044,2463,44,2020-05-07 22:00:00,2020-05-07,2,55,0,54,45
3042,2418,44,2020-05-06 22:00:00,2020-05-06,7,54,1,53,69
3035,2349,43,2020-05-05 22:00:00,2020-05-05,2,53,0,52,21
3033,2328,43,2020-05-04 22:00:00,2020-05-04,0,52,1,51,22
3033,2306,42,2020-05-03 22:00:00,2020-05-03,2,51,1,50,6
3031,2300,41,2020-05-02 22:00:00,2020-05-02,6,50,0,49,7
3025,2293,41,2020-05-01 22:00:00,2020-05-01,9,49,1,48,9
3016,2284,40,2020-04-30 22:00:00,2020-04-30,0,48,1,47,18
3016,2266,39,2020-04-29 22:00:00,2020-04-29,7,47,4,46,23
3009,2243,35,2020-04-28 22:00:00,2020-04-28,5,46,1,45,16
3004,2227,34,2020-04-27 22:00:00,2020-04-27,2,45,0,44,19
3002,2208,34,2020-04-26 22:00:00,2020-04-26,8,44,1,43,15
2994,2193,33,2020-04-25 22:00:00,2020-04-25,12,43,1,42,137
2982,2056,32,2020-04-24 22:00:00,2020-04-24,6,42,1,41,50
2976,2006,31,2020-04-23 22:00:00,2020-04-23,5,41,0,40,80
2971,1926,31,2020-04-22 22:00:00,2020-04-22,2,40,0,39,171
2969,1755,31,2020-04-21 22:00:00,2020-04-21,6,39,1,38,390
2963,1365,30,2020-04-20 22:00:00,2020-04-20,6,38,2,37,8
2957,1357,28,2020-04-19 22:00:00,2020-04-19,21,37,2,36,4
2936,1353,26,2020-04-18 22:00:00,2020-04-18,10,36,1,35,2
2926,1351,25,2020-04-17 22:00:00,2020-04-17,29,35,0,34,0
2897,1351,25,2020-04-16 22:00:00,2020-04-16,11,34,0,33,0
2886,1351,25,2020-04-15 22:00:00,2020-04-15,16,33,0,32,0
2870,1351,25,2020-04-14 22:00:00,2020-04-14,7,32,0,31,0
2863,1351,25,2020-04-13 22:00:00,2020-04-13,9,31,2,30,0
2854,1351,23,2020-04-12 22:00:00,2020-04-12,7,30,1,29,0
2847,1351,22,2020-04-11 22:00:00,2020-04-11,25,29,1,28,1
2822,1350,21,2020-04-10 22:00:00,2020-04-10,49,28,1,27,1346
2773,4,20,2020-04-09 22:00:00,2020-04-09,39,27,0,26,0
2734,4,20,2020-04-08 22:00:00,2020-04-08,48,26,0,25,0
2686,4,20,2020-04-07 22:00:00,2020-04-07,49,25,2,24,0
2637,4,18,2020-04-06 21:00:00,2020-04-06,57,24,2,23,0
2580,4,16,2020-04-05 22:00:00,2020-04-05,87,23,5,22,0
2493,4,11,2020-04-04 21:00:00,2020-04-04,104,22,0,21,0
2389,4,11,2020-04-03 21:00:00,2020-04-03,91,21,2,20,0
2298,4,9,2020-04-02 21:00:00,2020-04-02,116,20,0,19,0
2182,4,9,2020-04-01 21:00:00,2020-04-01,150,19,2,18,0
2032,4,7,2020-03-31 21:00:00,2020-03-31,114,18,0,17,0
1918,4,7,2020-03-30 21:00:00,2020-03-30,127,17,0,16,0
1791,4,7,2020-03-29 21:00:00,2020-03-29,174,16,0,15,0
1617,4,7,2020-03-28 21:00:00,2020-03-28,212,15,1,14,0
1405,4,6,2020-03-27 21:10:00,2020-03-27,186,14,0,13,0
1219,4,6,2020-03-26 22:20:00,2020-03-26,190,13,0,12,0
1029,4,6,2020-03-25 23:20:00,2020-03-25,116,12,0,11,0
913,4,6,2020-03-24 21:20:00,2020-03-24,209,11,1,10,0
704,4,5,2020-03-23 21:40:00,2020-03-23,172,10,0,9,0
532,4,5,2020-03-22 21:00:00,2020-03-22,97,9,0,8,0
435,4,5,2020-03-21 21:00:00,2020-03-21,54,8,0,7,0
381,4,5,2020-03-20 21:20:00,2020-03-20,75,7,1,6,0
306,4,4,2020-03-19 21:30:00,2020-03-19,40,6,0,5,0
266,4,4,2020-03-18 22:00:00,2020-03-18,57,5,1,4,0
209,4,3,2020-03-17 21:00:00,2020-03-17,39,4,0,3,0
170,4,3,2020-03-16 21:00:00,2020-03-16,36,3,0,2,0
134,4,3,2020-03-15 21:00:00,2020-03-15,23,2,1,1,0
111,4,2,2020-03-14 21:00:00,2020-03-14,20,1,0,0,0
91,4,2,2020-03-13 21:00:00,2020-03-13,14,0,0,0,0
77,4,2,2020-03-12 21:00:00,2020-03-12,13,0,0,0,0
64,4,2,2020-03-11 21:00:00,2020-03-11,10,0,0,0,0
54,4,2,2020-03-10 21:00:00,2020-03-10,7,0,0,0,0
47,4,2,2020-03-09 21:00:00,2020-03-09,7,0,0,0,0
40,4,2,2020-03-08 21:00:00,2020-03-08,5,0,1,0,0
35,4,1,2020-03-07 21:00:00,2020-03-07,7,0,0,0,0
28,4,1,2020-03-06 21:00:00,2020-03-06,6,0,0,0,0
22,4,1,2020-03-05 21:00:00,2020-03-05,6,0,1,0,0
16,4,0,2020-03-04 21:00:00,2020-03-04,3,0,0,0,0
13,4,0,2020-03-03 21:00:00,2020-03-03,4,0,0,0,0
9,4,0,2020-03-02 21:00:00,2020-03-02,4,0,0,0,0
5,4,0,2020-03-01 21:00:00,2020-03-01,1,0,0,0,0
4,4,0,2020-02-29 21:00:00,2020-02-29,0,0,0,0,0
4,4,0,2020-02-28 21:00:00,2020-02-28,0,0,0,0,0
4,4,0,2020-02-27 21:00:00,2020-02-27,0,0,0,0,0
4,4,0,2020-02-26 21:00:00,2020-02-26,0,0,0,0,0
4,4,0,2020-02-25 21:00:00,2020-02-25,0,0,0,0,0
4,4,0,2020-02-24 21:00:00,2020-02-24,0,0,0,0,0
4,4,0,2020-02-23 21:00:00,2020-02-23,0,0,0,0,0
4,4,0,2020-02-22 21:00:00,2020-02-22,0,0,0,0,0
4,4,0,2020-02-21 21:00:00,2020-02-21,0,0,0,0,0
4,4,0,2020-02-20 21:00:00,2020-02-20,0,0,0,0,0
4,4,0,2020-02-19 21:00:00,2020-02-19,0,0,0,0,0
4,4,0,2020-02-18 21:00:00,2020-02-18,0,0,0,0,0
4,4,0,2020-02-17 21:00:00,2020-02-17,0,0,0,0,0
4,4,0,2020-02-16 21:00:00,2020-02-16,0,0,0,0,0
4,4,0,2020-02-15 21:00:00,2020-02-15,0,0,0,0,0
4,4,0,2020-02-14 21:00:00,2020-02-14,0,0,0,0,1
4,3,0,2020-02-13 21:00:00,2020-02-13,0,0,0,0,0
4,3,0,2020-02-12 21:00:00,2020-02-12,0,0,0,0,0
4,3,0,2020-02-11 20:30:00,2020-02-11,0,0,0,0,0
4,3,0,2020-02-10 21:00:00,2020-02-10,0,0,0,0,0
4,3,0,2020-02-09 21:00:00,2020-02-09,0,0,0,0,0
4,3,0,2020-02-08 21:00:00,2020-02-08,0,0,0,0,0
4,3,0,2020-02-07 21:00:00,2020-02-07,0,0,0,0,0
4,3,0,2020-02-06 21:00:00,2020-02-06,0,0,0,0,0
4,3,0,2020-02-05 21:00:00,2020-02-05,0,0,0,0,0
4,3,0,2020-02-04 20:00:00,2020-02-04,0,0,0,0,0
4,3,0,2020-02-03 20:00:00,2020-02-03,0,0,0,0,1
4,2,0,2020-02-02 20:00:00,2020-02-02,0,0,0,0,0
4,2,0,2020-02-01 10:00:00,2020-02-01,0,0,0,0,0
4,2,0,2020-01-31 12:30:00,2020-01-31,0,0,0,0,2
4,0,0,2020-01-30 12:00:00,2020-01-30,0,0,0,0,0
4,0,0,2020-01-29 14:00:00,2020-01-29,0,0,0,0,0
4,0,0,2020-01-28 11:30:00,2020-01-28,1,0,0,0,0
3,0,0,2020-01-27 14:00:00,2020-01-27,0,0,0,0,0
3,0,0,2020-01-26 13:00:00,2020-01-26,0,0,0,0,0
3,0,0,2020-01-25 15:00:00,2020-01-25,3,0,0,0,0
0,0,0,2020-01-24 15:00:00,2020-01-24,0,0,0,0,0
0,0,0,2020-01-23 15:00:00,2020-01-23,0,0,0,0,0
0,0,0,2020-01-22 15:00:00,2020-01-22,0,0,0,0,0
0,0,0,2020-01-21 15:00:00,2020-01-21,0,0,0,0,0
