Confirmed,Recovered,Deaths,Date_last_updated_AEDT,date_day,New,DayElapsed,New_death,DayElapsed_death,New_recover
1152,1057,69,2020-08-06 22:00:00,2020-08-06,0,125,0,130,20
1152,1037,69,2020-08-05 22:00:00,2020-08-05,0,124,0,129,5
1152,1032,69,2020-08-04 22:00:00,2020-08-04,5,123,0,128,0
1147,1032,69,2020-08-03 22:00:00,2020-08-03,11,122,0,127,4
1136,1028,69,2020-08-02 22:00:00,2020-08-02,2,121,0,126,0
1134,1028,69,2020-08-01 22:00:00,2020-08-01,0,120,0,125,0
1134,1028,69,2020-07-31 22:00:00,2020-07-31,2,119,0,124,1
1132,1027,69,2020-07-30 22:00:00,2020-07-30,0,118,0,123,0
1132,1027,69,2020-07-29 22:00:00,2020-07-29,0,117,0,122,0
1132,1027,69,2020-07-28 22:00:00,2020-07-28,-4,116,0,121,0
1136,1027,69,2020-07-27 22:00:00,2020-07-27,12,115,0,120,2
1124,1025,69,2020-07-26 22:00:00,2020-07-26,0,114,0,119,1
1124,1024,69,2020-07-25 22:00:00,2020-07-25,0,113,0,118,2
1124,1022,69,2020-07-24 22:00:00,2020-07-24,2,112,0,117,4
1122,1018,69,2020-07-23 22:00:00,2020-07-23,9,111,0,116,0
1113,1018,69,2020-07-22 22:00:00,2020-07-22,8,110,0,115,4
1105,1014,69,2020-07-21 22:00:00,2020-07-21,1,109,0,114,0
1104,1014,69,2020-07-20 22:00:00,2020-07-20,0,108,0,113,0
1104,1014,69,2020-07-19 22:00:00,2020-07-19,2,107,0,112,1
1102,1013,69,2020-07-18 22:00:00,2020-07-18,0,106,0,111,20
1102,993,69,2020-07-17 22:00:00,2020-07-17,2,105,0,110,0
1100,993,69,2020-07-16 22:00:00,2020-07-16,1,104,1,109,1
1099,992,68,2020-07-15 22:00:00,2020-07-15,0,103,0,108,0
1099,992,68,2020-07-14 22:00:00,2020-07-14,0,102,0,107,0
1099,992,68,2020-07-13 22:00:00,2020-07-13,0,101,0,106,0
1099,992,68,2020-07-12 22:00:00,2020-07-12,0,100,0,105,14
1099,978,68,2020-07-11 22:00:00,2020-07-11,2,99,0,104,2
1097,976,68,2020-07-10 22:00:00,2020-07-10,0,98,0,103,0
1097,976,68,2020-07-09 22:00:00,2020-07-09,3,97,0,102,2
1094,974,68,2020-07-08 22:00:00,2020-07-08,1,96,0,101,6
1093,968,68,2020-07-07 22:00:00,2020-07-07,5,95,0,100,3
1088,965,68,2020-07-06 22:00:00,2020-07-06,0,94,0,99,0
1088,965,68,2020-07-05 22:00:00,2020-07-05,6,93,0,98,2
1082,963,68,2020-07-04 22:00:00,2020-07-04,1,92,0,97,4
1081,959,68,2020-07-03 22:00:00,2020-07-03,6,91,1,96,12
1075,947,67,2020-07-02 22:00:00,2020-07-02,0,90,0,95,4
1075,943,67,2020-07-01 22:00:00,2020-07-01,0,89,0,94,4
1075,939,67,2020-06-30 22:00:00,2020-06-30,1,88,0,93,0
1074,939,67,2020-06-29 22:00:00,2020-06-29,6,87,0,92,2
1068,937,67,2020-06-28 22:00:00,2020-06-28,6,86,0,91,13
1062,924,67,2020-06-27 22:00:00,2020-06-27,3,85,0,90,5
1059,919,67,2020-06-26 22:00:00,2020-06-26,8,84,0,89,6
1051,913,67,2020-06-25 22:00:00,2020-06-25,0,83,0,88,0
1051,913,67,2020-06-24 22:00:00,2020-06-24,5,82,0,87,0
1046,913,67,2020-06-23 22:00:00,2020-06-23,10,81,0,86,2
1036,911,67,2020-06-22 22:00:00,2020-06-22,1,80,0,85,0
1035,911,67,2020-06-21 22:00:00,2020-06-21,15,79,0,84,10
1020,901,67,2020-06-20 22:00:00,2020-06-20,0,78,0,83,0
1020,901,67,2020-06-19 22:00:00,2020-06-19,0,77,0,82,8
1020,893,67,2020-06-18 22:00:00,2020-06-18,4,76,1,81,8
1016,885,66,2020-06-17 22:00:00,2020-06-17,36,75,0,80,0
980,885,66,2020-06-16 22:00:00,2020-06-16,0,74,0,79,0
980,885,66,2020-06-15 22:00:00,2020-06-15,0,73,0,78,4
980,881,66,2020-06-14 22:00:00,2020-06-14,2,72,1,77,0
978,881,65,2020-06-13 22:00:00,2020-06-13,4,71,0,76,3
974,878,65,2020-06-12 22:00:00,2020-06-12,0,70,0,75,2
974,876,65,2020-06-11 22:00:00,2020-06-11,0,69,0,74,5
974,871,65,2020-06-10 22:00:00,2020-06-10,1,68,0,73,2
973,869,65,2020-06-09 22:00:00,2020-06-09,0,67,0,72,2
973,867,65,2020-06-08 22:00:00,2020-06-08,3,66,0,71,0
970,867,65,2020-06-07 22:00:00,2020-06-07,4,65,0,70,4
966,863,65,2020-06-06 22:00:00,2020-06-06,3,64,0,69,3
963,860,65,2020-06-05 22:00:00,2020-06-05,2,63,0,68,3
961,857,65,2020-06-04 22:00:00,2020-06-04,1,62,0,67,9
960,848,65,2020-06-03 22:00:00,2020-06-03,2,61,0,66,4
958,844,65,2020-06-02 22:00:00,2020-06-02,0,60,1,65,5
958,839,64,2020-06-01 22:00:00,2020-06-01,2,59,0,64,21
956,818,64,2020-05-31 22:00:00,2020-05-31,1,58,0,63,5
955,813,64,2020-05-30 22:00:00,2020-05-30,0,57,0,62,10
955,803,64,2020-05-29 22:00:00,2020-05-29,3,56,1,61,7
952,796,63,2020-05-28 22:00:00,2020-05-28,0,55,0,60,0
952,796,63,2020-05-27 22:00:00,2020-05-27,1,54,1,59,10
951,786,62,2020-05-26 22:00:00,2020-05-26,6,53,1,58,3
945,783,61,2020-05-25 22:00:00,2020-05-25,2,52,0,57,8
943,775,61,2020-05-24 22:00:00,2020-05-24,6,51,1,56,11
937,764,60,2020-05-23 22:00:00,2020-05-23,13,50,0,55,11
924,753,60,2020-05-22 22:00:00,2020-05-22,4,49,2,54,15
920,738,58,2020-05-21 22:00:00,2020-05-21,6,48,3,53,4
914,734,55,2020-05-20 22:00:00,2020-05-20,5,47,0,52,20
909,714,55,2020-05-19 22:00:00,2020-05-19,5,46,1,51,16
904,698,54,2020-05-18 22:00:00,2020-05-18,15,45,3,50,9
889,689,51,2020-05-17 22:00:00,2020-05-17,4,44,0,49,5
885,684,51,2020-05-16 22:00:00,2020-05-16,9,43,1,48,7
876,677,50,2020-05-15 22:00:00,2020-05-15,16,42,1,47,19
860,658,49,2020-05-14 22:00:00,2020-05-14,6,41,2,46,10
854,648,47,2020-05-13 22:00:00,2020-05-13,22,40,1,45,11
832,637,46,2020-05-12 22:00:00,2020-05-12,11,39,0,44,13
821,624,46,2020-05-11 22:00:00,2020-05-11,6,38,1,43,7
815,617,45,2020-05-10 22:00:00,2020-05-10,20,37,1,42,17
795,600,44,2020-05-09 22:00:00,2020-05-09,14,36,2,41,14
781,586,42,2020-05-08 22:00:00,2020-05-08,11,35,4,40,25
770,561,38,2020-05-07 22:00:00,2020-05-07,7,34,0,39,18
763,543,38,2020-05-06 22:00:00,2020-05-06,8,33,1,38,9
755,534,37,2020-05-05 22:00:00,2020-05-05,5,32,1,37,16
750,518,36,2020-05-04 22:00:00,2020-05-04,14,31,1,36,11
736,507,35,2020-05-03 22:00:00,2020-05-03,8,30,2,35,29
728,478,33,2020-05-02 22:00:00,2020-05-02,9,29,1,34,26
719,452,32,2020-05-01 22:00:00,2020-05-01,6,28,0,33,17
713,435,32,2020-04-30 22:00:00,2020-04-30,4,27,1,32,32
709,403,31,2020-04-29 22:00:00,2020-04-29,8,26,2,31,18
701,385,29,2020-04-28 22:00:00,2020-04-28,5,25,0,30,35
696,350,29,2020-04-27 22:00:00,2020-04-27,12,24,2,29,25
684,325,27,2020-04-26 22:00:00,2020-04-26,3,23,3,28,36
681,289,24,2020-04-25 22:00:00,2020-04-25,10,22,0,27,33
671,256,24,2020-04-24 22:00:00,2020-04-24,9,21,2,26,63
662,193,22,2020-04-23 22:00:00,2020-04-23,5,20,2,25,66
657,127,20,2020-04-22 22:00:00,2020-04-22,2,19,0,24,3
655,124,20,2020-04-21 22:00:00,2020-04-21,7,18,0,23,7
648,117,20,2020-04-20 22:00:00,2020-04-20,9,17,1,22,4
639,113,19,2020-04-19 22:00:00,2020-04-19,12,16,1,21,3
627,110,18,2020-04-18 22:00:00,2020-04-18,18,15,3,20,5
609,105,15,2020-04-17 22:00:00,2020-04-17,25,14,1,19,15
584,90,14,2020-04-16 22:00:00,2020-04-16,14,13,0,18,0
570,90,14,2020-04-15 22:00:00,2020-04-15,22,12,1,17,4
548,86,13,2020-04-14 22:00:00,2020-04-14,19,11,1,16,11
529,75,12,2020-04-13 22:00:00,2020-04-13,38,10,1,15,34
491,41,11,2020-04-12 22:00:00,2020-04-12,53,9,0,14,0
438,41,11,2020-04-11 22:00:00,2020-04-11,28,8,0,13,1
410,40,11,2020-04-10 22:00:00,2020-04-10,68,7,0,12,12
342,28,11,2020-04-09 22:00:00,2020-04-09,64,6,0,11,2
278,26,11,2020-04-08 22:00:00,2020-04-08,25,5,1,10,0
253,26,10,2020-04-07 22:00:00,2020-04-07,69,4,0,9,13
184,13,10,2020-04-06 22:00:00,2020-04-06,40,3,2,8,13
144,0,8,2020-04-05 22:00:00,2020-04-05,24,2,3,7,0
120,0,5,2020-04-04 21:00:00,2020-04-04,22,1,0,6,0
98,0,5,2020-04-03 21:00:00,2020-04-03,24,0,0,5,0
74,0,5,2020-04-02 21:00:00,2020-04-02,40,0,2,4,0
34,0,3,2020-04-01 21:00:00,2020-04-01,7,0,0,3,0
27,0,3,2020-03-31 21:00:00,2020-03-31,5,0,0,2,0
22,0,3,2020-03-30 21:00:00,2020-03-30,4,0,2,1,0
18,0,1,2020-03-29 21:00:00,2020-03-29,8,0,0,0,0
10,0,1,2020-03-28 21:00:00,2020-03-28,0,0,0,0,0
10,0,1,2020-03-27 21:10:00,2020-03-27,3,0,0,0,0
7,0,1,2020-03-26 22:20:00,2020-03-26,0,0,0,0,0
7,0,1,2020-03-25 23:20:00,2020-03-25,4,0,1,0,0
3,0,0,2020-03-24 21:20:00,2020-03-24,1,0,0,0,0
2,0,0,2020-03-23 21:40:00,2020-03-23,1,0,0,0,0
1,0,0,2020-03-22 21:00:00,2020-03-22,0,0,0,0,0
1,0,0,2020-03-21 21:00:00,2020-03-21,0,0,0,0,0
1,0,0,2020-03-20 21:20:00,2020-03-20,1,0,0,0,0
0,0,0,2020-03-19 21:30:00,2020-03-19,0,0,0,0,0
0,0,0,2020-03-18 22:00:00,2020-03-18,0,0,0,0,0
0,0,0,2020-03-17 21:00:00,2020-03-17,0,0,0,0,0
0,0,0,2020-03-16 21:00:00,2020-03-16,0,0,0,0,0
0,0,0,2020-03-15 21:00:00,2020-03-15,0,0,0,0,0
0,0,0,2020-03-14 21:00:00,2020-03-14,0,0,0,0,0
0,0,0,2020-03-13 21:00:00,2020-03-13,0,0,0,0,0
0,0,0,2020-03-12 21:00:00,2020-03-12,0,0,0,0,0
0,0,0,2020-03-11 21:00:00,2020-03-11,0,0,0,0,0
0,0,0,2020-03-10 21:00:00,2020-03-10,0,0,0,0,0
0,0,0,2020-03-09 21:00:00,2020-03-09,0,0,0,0,0
0,0,0,2020-03-08 21:00:00,2020-03-08,0,0,0,0,0
0,0,0,2020-03-07 21:00:00,2020-03-07,0,0,0,0,0
0,0,0,2020-03-06 21:00:00,2020-03-06,0,0,0,0,0
0,0,0,2020-03-05 21:00:00,2020-03-05,0,0,0,0,0
0,0,0,2020-03-04 21:00:00,2020-03-04,0,0,0,0,0
0,0,0,2020-03-03 21:00:00,2020-03-03,0,0,0,0,0
0,0,0,2020-03-02 21:00:00,2020-03-02,0,0,0,0,0
0,0,0,2020-03-01 21:00:00,2020-03-01,0,0,0,0,0
0,0,0,2020-02-29 21:00:00,2020-02-29,0,0,0,0,0
0,0,0,2020-02-28 21:00:00,2020-02-28,0,0,0,0,0
0,0,0,2020-02-27 21:00:00,2020-02-27,0,0,0,0,0
0,0,0,2020-02-26 21:00:00,2020-02-26,0,0,0,0,0
0,0,0,2020-02-25 21:00:00,2020-02-25,0,0,0,0,0
0,0,0,2020-02-24 21:00:00,2020-02-24,0,0,0,0,0
0,0,0,2020-02-23 21:00:00,2020-02-23,0,0,0,0,0
0,0,0,2020-02-22 21:00:00,2020-02-22,0,0,0,0,0
0,0,0,2020-02-21 21:00:00,2020-02-21,0,0,0,0,0
0,0,0,2020-02-20 21:00:00,2020-02-20,0,0,0,0,0
0,0,0,2020-02-19 21:00:00,2020-02-19,0,0,0,0,0
0,0,0,2020-02-18 21:00:00,2020-02-18,0,0,0,0,0
0,0,0,2020-02-17 21:00:00,2020-02-17,0,0,0,0,0
0,0,0,2020-02-16 21:00:00,2020-02-16,0,0,0,0,0
0,0,0,2020-02-15 21:00:00,2020-02-15,0,0,0,0,0
0,0,0,2020-02-14 21:00:00,2020-02-14,0,0,0,0,0
0,0,0,2020-02-13 21:00:00,2020-02-13,0,0,0,0,0
0,0,0,2020-02-12 21:00:00,2020-02-12,0,0,0,0,0
0,0,0,2020-02-11 20:30:00,2020-02-11,0,0,0,0,0
0,0,0,2020-02-10 21:00:00,2020-02-10,0,0,0,0,0
0,0,0,2020-02-09 21:00:00,2020-02-09,0,0,0,0,0
0,0,0,2020-02-08 21:00:00,2020-02-08,0,0,0,0,0
0,0,0,2020-02-07 21:00:00,2020-02-07,0,0,0,0,0
0,0,0,2020-02-06 21:00:00,2020-02-06,0,0,0,0,0
0,0,0,2020-02-05 21:00:00,2020-02-05,0,0,0,0,0
0,0,0,2020-02-04 20:00:00,2020-02-04,0,0,0,0,0
0,0,0,2020-02-03 20:00:00,2020-02-03,0,0,0,0,0
0,0,0,2020-02-02 20:00:00,2020-02-02,0,0,0,0,0
0,0,0,2020-02-01 10:00:00,2020-02-01,0,0,0,0,0
0,0,0,2020-01-31 12:30:00,2020-01-31,0,0,0,0,0
0,0,0,2020-01-30 12:00:00,2020-01-30,0,0,0,0,0
0,0,0,2020-01-29 14:00:00,2020-01-29,0,0,0,0,0
0,0,0,2020-01-28 11:30:00,2020-01-28,0,0,0,0,0
0,0,0,2020-01-27 14:00:00,2020-01-27,0,0,0,0,0
0,0,0,2020-01-26 13:00:00,2020-01-26,0,0,0,0,0
0,0,0,2020-01-25 15:00:00,2020-01-25,0,0,0,0,0
0,0,0,2020-01-24 15:00:00,2020-01-24,0,0,0,0,0
0,0,0,2020-01-23 15:00:00,2020-01-23,0,0,0,0,0
0,0,0,2020-01-22 15:00:00,2020-01-22,0,0,0,0,0
0,0,0,2020-01-21 15:00:00,2020-01-21,0,0,0,0,0
