Confirmed,Recovered,Deaths,Date_last_updated_AEDT,date_day,New,DayElapsed,New_death,DayElapsed_death,New_recover
11289,7221,511,2020-08-06 22:00:00,2020-08-06,87,137,6,134,113
11202,7108,505,2020-08-05 22:00:00,2020-08-05,74,136,5,133,136
11128,6972,500,2020-08-04 22:00:00,2020-08-04,74,135,3,132,90
11054,6882,497,2020-08-03 22:00:00,2020-08-03,163,134,4,131,184
10891,6698,493,2020-08-02 22:00:00,2020-08-02,137,133,7,130,144
10754,6554,486,2020-08-01 22:00:00,2020-08-01,137,132,6,129,534
10617,6020,480,2020-07-31 22:00:00,2020-07-31,114,131,4,128,89
10503,5931,476,2020-07-30 22:00:00,2020-07-30,188,130,5,127,268
10315,5663,471,2020-07-29 22:00:00,2020-07-29,102,129,5,126,99
10213,5564,466,2020-07-28 22:00:00,2020-07-28,127,128,6,125,137
10086,5427,460,2020-07-27 22:00:00,2020-07-27,152,127,0,124,70
9934,5357,460,2020-07-26 22:00:00,2020-07-26,137,126,9,123,103
9797,5254,451,2020-07-25 22:00:00,2020-07-25,128,125,6,122,183
9669,5071,445,2020-07-24 22:00:00,2020-07-24,122,124,3,121,0
9547,5071,442,2020-07-23 22:00:00,2020-07-23,135,123,10,120,131
9412,4940,432,2020-07-22 22:00:00,2020-07-22,163,122,0,119,69
9249,4871,432,2020-07-21 22:00:00,2020-07-21,96,121,10,118,61
9153,4810,422,2020-07-20 22:00:00,2020-07-20,127,120,8,117,83
9026,4727,414,2020-07-19 22:00:00,2020-07-19,240,119,8,116,51
8786,4676,406,2020-07-18 22:00:00,2020-07-18,163,118,5,115,111
8623,4565,401,2020-07-17 22:00:00,2020-07-17,93,117,8,114,0
8530,4565,393,2020-07-16 22:00:00,2020-07-16,198,116,4,113,97
8332,4468,389,2020-07-15 22:00:00,2020-07-15,135,115,4,112,142
8197,4326,385,2020-07-14 22:00:00,2020-07-14,86,114,3,111,123
8111,4203,382,2020-07-13 22:00:00,2020-07-13,136,113,6,110,123
7975,4080,376,2020-07-12 22:00:00,2020-07-12,198,112,8,109,120
7777,3960,368,2020-07-11 22:00:00,2020-07-11,205,111,6,108,336
7572,3624,362,2020-07-10 22:00:00,2020-07-10,166,110,3,107,70
7406,3554,359,2020-07-09 22:00:00,2020-07-09,162,109,8,106,230
7244,3324,351,2020-07-08 22:00:00,2020-07-08,120,108,5,105,125
7124,3199,346,2020-07-07 22:00:00,2020-07-07,78,107,5,104,172
7046,3027,341,2020-07-06 22:00:00,2020-07-06,114,106,7,103,40
6932,2987,334,2020-07-05 22:00:00,2020-07-05,145,105,6,102,111
6787,2876,328,2020-07-04 22:00:00,2020-07-04,162,104,7,101,128
6625,2748,321,2020-07-03 22:00:00,2020-07-03,171,103,15,100,150
6454,2598,306,2020-07-02 22:00:00,2020-07-02,120,102,4,99,123
6334,2475,302,2020-07-01 22:00:00,2020-07-01,125,101,4,98,48
6209,2427,298,2020-06-30 22:00:00,2020-06-30,129,100,12,97,112
6080,2315,286,2020-06-29 22:00:00,2020-06-29,174,99,9,96,79
5906,2236,277,2020-06-28 22:00:00,2020-06-28,148,98,9,95,30
5758,2206,268,2020-06-27 22:00:00,2020-06-27,163,97,3,94,40
5595,2166,265,2020-06-26 22:00:00,2020-06-26,150,96,6,93,75
5445,2091,259,2020-06-25 22:00:00,2020-06-25,134,95,8,92,43
5311,2048,251,2020-06-24 22:00:00,2020-06-24,115,94,4,91,74
5196,1974,247,2020-06-23 22:00:00,2020-06-23,90,93,9,90,48
5106,1926,238,2020-06-22 22:00:00,2020-06-22,101,92,5,89,22
5005,1904,233,2020-06-21 22:00:00,2020-06-21,185,91,11,88,41
4820,1863,222,2020-06-20 22:00:00,2020-06-20,156,90,6,87,27
4664,1836,216,2020-06-19 22:00:00,2020-06-19,182,89,6,86,33
4482,1803,210,2020-06-18 22:00:00,2020-06-18,183,88,9,85,46
4299,1757,201,2020-06-17 22:00:00,2020-06-17,10,87,0,84,0
4289,1757,201,2020-06-16 22:00:00,2020-06-16,232,86,13,83,47
4057,1710,188,2020-06-15 22:00:00,2020-06-15,162,85,9,82,5
3895,1705,179,2020-06-14 22:00:00,2020-06-14,194,84,8,81,11
3701,1694,171,2020-06-13 22:00:00,2020-06-13,163,83,2,80,12
3538,1682,169,2020-06-12 22:00:00,2020-06-12,0,82,0,79,0
3538,1682,169,2020-06-11 22:00:00,2020-06-11,299,81,12,78,24
3239,1658,157,2020-06-10 22:00:00,2020-06-10,87,80,1,77,5
3152,1653,156,2020-06-09 22:00:00,2020-06-09,127,79,3,76,7
3025,1646,153,2020-06-08 22:00:00,2020-06-08,110,78,2,75,6
2915,1640,151,2020-06-07 22:00:00,2020-06-07,125,77,2,74,8
2790,1632,149,2020-06-06 22:00:00,2020-06-06,179,76,2,73,11
2611,1621,147,2020-06-05 22:00:00,2020-06-05,0,75,0,72,0
2611,1621,147,2020-06-04 22:00:00,2020-06-04,119,74,2,71,16
2492,1605,145,2020-06-03 22:00:00,2020-06-03,177,73,5,70,36
2315,1569,140,2020-06-02 22:00:00,2020-06-02,89,72,7,69,17
2226,1552,133,2020-06-01 22:00:00,2020-06-01,62,71,2,68,17
2164,1535,131,2020-05-31 22:00:00,2020-05-31,35,70,5,67,19
2129,1516,126,2020-05-30 22:00:00,2020-05-30,52,69,5,66,30
2077,1486,121,2020-05-29 22:00:00,2020-05-29,38,68,2,65,16
2039,1470,119,2020-05-28 22:00:00,2020-05-28,25,67,3,64,17
2014,1453,116,2020-05-27 22:00:00,2020-05-27,15,66,3,63,14
1999,1439,113,2020-05-26 22:00:00,2020-05-26,0,65,0,62,0
1999,1439,113,2020-05-25 22:00:00,2020-05-25,21,64,0,61,17
1978,1422,113,2020-05-24 22:00:00,2020-05-24,57,63,1,60,35
1921,1387,112,2020-05-23 22:00:00,2020-05-23,23,62,1,59,9
1898,1378,111,2020-05-22 22:00:00,2020-05-22,0,61,0,58,0
1898,1378,111,2020-05-21 22:00:00,2020-05-21,40,60,1,57,11
1858,1367,110,2020-05-20 22:00:00,2020-05-20,19,59,4,56,16
1839,1351,106,2020-05-19 22:00:00,2020-05-19,47,58,5,55,58
1792,1293,101,2020-05-18 22:00:00,2020-05-18,30,57,3,54,26
1762,1267,98,2020-05-17 22:00:00,2020-05-17,0,56,0,53,0
1762,1267,98,2020-05-16 22:00:00,2020-05-16,39,55,3,52,32
1723,1235,95,2020-05-15 22:00:00,2020-05-15,0,54,0,51,0
1723,1235,95,2020-05-14 22:00:00,2020-05-14,49,53,3,50,30
1674,1205,92,2020-05-13 22:00:00,2020-05-13,10,52,1,49,5
1664,1200,91,2020-05-12 22:00:00,2020-05-12,0,51,0,48,0
1664,1200,91,2020-05-11 22:00:00,2020-05-11,42,50,0,47,88
1622,1112,91,2020-05-10 22:00:00,2020-05-10,36,49,1,46,13
1586,1099,90,2020-05-09 22:00:00,2020-05-09,0,48,0,45,0
1586,1099,90,2020-05-08 22:00:00,2020-05-08,47,47,2,44,42
1539,1057,88,2020-05-07 22:00:00,2020-05-07,0,46,0,43,0
1539,1057,88,2020-05-06 22:00:00,2020-05-06,21,45,3,42,65
1518,992,85,2020-05-05 22:00:00,2020-05-05,7,44,1,41,47
1511,945,84,2020-05-04 22:00:00,2020-05-04,5,43,2,40,93
1506,852,82,2020-05-03 22:00:00,2020-05-03,12,42,1,39,45
1494,807,81,2020-05-02 22:00:00,2020-05-02,29,41,4,38,69
1465,738,77,2020-05-01 22:00:00,2020-05-01,23,40,4,37,111
1442,627,73,2020-04-30 22:00:00,2020-04-30,21,39,2,36,38
1421,589,71,2020-04-29 22:00:00,2020-04-29,22,38,6,35,36
1399,553,65,2020-04-28 22:00:00,2020-04-28,13,37,4,34,53
1386,500,61,2020-04-27 22:00:00,2020-04-27,0,36,0,33,0
1386,500,61,2020-04-26 22:00:00,2020-04-26,60,35,4,32,163
1326,337,57,2020-04-25 22:00:00,2020-04-25,26,34,1,31,36
1300,301,56,2020-04-24 22:00:00,2020-04-24,0,33,0,30,0
1300,301,56,2020-04-23 22:00:00,2020-04-23,69,32,1,29,77
1231,224,55,2020-04-22 22:00:00,2020-04-22,0,31,0,28,0
1231,224,55,2020-04-21 22:00:00,2020-04-21,6,30,1,27,24
1225,200,54,2020-04-20 22:00:00,2020-04-20,18,29,3,26,21
1207,179,51,2020-04-19 22:00:00,2020-04-19,90,28,2,25,40
1117,139,49,2020-04-18 22:00:00,2020-04-18,36,27,3,24,18
1081,121,46,2020-04-17 22:00:00,2020-04-17,107,26,1,23,23
974,98,45,2020-04-16 22:00:00,2020-04-16,66,25,1,22,12
908,86,44,2020-04-15 22:00:00,2020-04-15,0,24,6,21,42
908,44,38,2020-04-14 22:00:00,2020-04-14,54,23,0,20,0
854,44,38,2020-04-13 22:00:00,2020-04-13,26,22,4,19,3
828,41,34,2020-04-12 22:00:00,2020-04-12,117,21,2,18,0
711,41,32,2020-04-11 22:00:00,2020-04-11,48,20,2,17,4
663,37,30,2020-04-10 22:00:00,2020-04-10,46,19,1,16,2
617,35,29,2020-04-09 22:00:00,2020-04-09,18,18,3,15,5
599,30,26,2020-04-08 22:00:00,2020-04-08,29,17,3,14,0
570,30,23,2020-04-07 22:00:00,2020-04-07,15,16,5,13,7
555,23,18,2020-04-06 22:00:00,2020-04-06,72,15,1,12,3
483,20,17,2020-04-05 22:00:00,2020-04-05,53,14,5,11,0
430,20,12,2020-04-04 21:00:00,2020-04-04,46,13,1,10,3
384,17,11,2020-04-03 21:00:00,2020-04-03,30,12,0,9,0
354,17,11,2020-04-02 21:00:00,2020-04-02,25,11,2,8,5
329,12,9,2020-04-01 21:00:00,2020-04-01,44,10,2,7,0
285,12,7,2020-03-31 21:00:00,2020-03-31,26,9,1,6,9
259,3,6,2020-03-30 21:00:00,2020-03-30,18,8,2,5,0
241,3,4,2020-03-29 21:00:00,2020-03-29,22,7,1,4,0
219,3,3,2020-03-28 21:00:00,2020-03-28,18,6,0,3,0
201,3,3,2020-03-27 21:10:00,2020-03-27,24,5,0,2,2
177,1,3,2020-03-26 22:20:00,2020-03-26,0,4,1,1,0
177,1,2,2020-03-25 23:20:00,2020-03-25,41,3,0,0,0
136,1,2,2020-03-24 21:20:00,2020-03-24,21,2,0,0,0
115,1,2,2020-03-23 21:40:00,2020-03-23,30,1,2,0,0
85,1,0,2020-03-22 21:00:00,2020-03-22,8,0,0,0,0
77,1,0,2020-03-21 21:00:00,2020-03-21,10,0,0,0,0
67,1,0,2020-03-20 21:20:00,2020-03-20,24,0,0,0,0
43,1,0,2020-03-19 21:30:00,2020-03-19,12,0,0,0,0
31,1,0,2020-03-18 22:00:00,2020-03-18,7,0,0,0,0
24,1,0,2020-03-17 21:00:00,2020-03-17,5,0,0,0,0
19,1,0,2020-03-16 21:00:00,2020-03-16,0,0,0,0,0
19,1,0,2020-03-15 21:00:00,2020-03-15,5,0,0,0,0
14,1,0,2020-03-14 21:00:00,2020-03-14,5,0,0,0,0
9,1,0,2020-03-13 21:00:00,2020-03-13,0,0,0,0,0
9,1,0,2020-03-12 21:00:00,2020-03-12,2,0,0,0,1
7,0,0,2020-03-11 21:00:00,2020-03-11,0,0,0,0,0
7,0,0,2020-03-10 21:00:00,2020-03-10,4,0,0,0,0
3,0,0,2020-03-09 21:00:00,2020-03-09,0,0,0,0,0
3,0,0,2020-03-08 21:00:00,2020-03-08,0,0,0,0,0
3,0,0,2020-03-07 21:00:00,2020-03-07,2,0,0,0,0
1,0,0,2020-03-06 21:00:00,2020-03-06,0,0,0,0,0
1,0,0,2020-03-05 21:00:00,2020-03-05,0,0,0,0,0
1,0,0,2020-03-04 21:00:00,2020-03-04,0,0,0,0,0
1,0,0,2020-03-03 21:00:00,2020-03-03,0,0,0,0,0
1,0,0,2020-03-02 21:00:00,2020-03-02,0,0,0,0,0
1,0,0,2020-03-01 21:00:00,2020-03-01,0,0,0,0,0
1,0,0,2020-02-29 21:00:00,2020-02-29,0,0,0,0,0
1,0,0,2020-02-28 21:00:00,2020-02-28,0,0,0,0,0
1,0,0,2020-02-27 21:00:00,2020-02-27,1,0,0,0,0
0,0,0,2020-02-26 21:00:00,2020-02-26,0,0,0,0,0
0,0,0,2020-02-25 21:00:00,2020-02-25,0,0,0,0,0
0,0,0,2020-02-24 21:00:00,2020-02-24,0,0,0,0,0
0,0,0,2020-02-23 21:00:00,2020-02-23,0,0,0,0,0
0,0,0,2020-02-22 21:00:00,2020-02-22,0,0,0,0,0
0,0,0,2020-02-21 21:00:00,2020-02-21,0,0,0,0,0
0,0,0,2020-02-20 21:00:00,2020-02-20,0,0,0,0,0
0,0,0,2020-02-19 21:00:00,2020-02-19,0,0,0,0,0
0,0,0,2020-02-18 21:00:00,2020-02-18,0,0,0,0,0
0,0,0,2020-02-17 21:00:00,2020-02-17,0,0,0,0,0
0,0,0,2020-02-16 21:00:00,2020-02-16,0,0,0,0,0
0,0,0,2020-02-15 21:00:00,2020-02-15,0,0,0,0,0
0,0,0,2020-02-14 21:00:00,2020-02-14,0,0,0,0,0
0,0,0,2020-02-13 21:00:00,2020-02-13,0,0,0,0,0
0,0,0,2020-02-12 21:00:00,2020-02-12,0,0,0,0,0
0,0,0,2020-02-11 20:30:00,2020-02-11,0,0,0,0,0
0,0,0,2020-02-10 21:00:00,2020-02-10,0,0,0,0,0
0,0,0,2020-02-09 21:00:00,2020-02-09,0,0,0,0,0
0,0,0,2020-02-08 21:00:00,2020-02-08,0,0,0,0,0
0,0,0,2020-02-07 21:00:00,2020-02-07,0,0,0,0,0
0,0,0,2020-02-06 21:00:00,2020-02-06,0,0,0,0,0
0,0,0,2020-02-05 21:00:00,2020-02-05,0,0,0,0,0
0,0,0,2020-02-04 20:00:00,2020-02-04,0,0,0,0,0
0,0,0,2020-02-03 20:00:00,2020-02-03,0,0,0,0,0
0,0,0,2020-02-02 20:00:00,2020-02-02,0,0,0,0,0
0,0,0,2020-02-01 10:00:00,2020-02-01,0,0,0,0,0
0,0,0,2020-01-31 12:30:00,2020-01-31,0,0,0,0,0
0,0,0,2020-01-30 12:00:00,2020-01-30,0,0,0,0,0
0,0,0,2020-01-29 14:00:00,2020-01-29,0,0,0,0,0
0,0,0,2020-01-28 11:30:00,2020-01-28,0,0,0,0,0
0,0,0,2020-01-27 14:00:00,2020-01-27,0,0,0,0,0
0,0,0,2020-01-26 13:00:00,2020-01-26,0,0,0,0,0
0,0,0,2020-01-25 15:00:00,2020-01-25,0,0,0,0,0
0,0,0,2020-01-24 15:00:00,2020-01-24,0,0,0,0,0
0,0,0,2020-01-23 15:00:00,2020-01-23,0,0,0,0,0
0,0,0,2020-01-22 15:00:00,2020-01-22,0,0,0,0,0
0,0,0,2020-01-21 15:00:00,2020-01-21,0,0,0,0,0
