Confirmed,Recovered,Deaths,Date_last_updated_AEDT,date_day,New,DayElapsed,New_death,DayElapsed_death,New_recover
9409,8857,256,2020-08-06 22:00:00,2020-08-06,47,154,0,145,105
9362,8752,256,2020-08-05 22:00:00,2020-08-05,28,153,0,144,0
9334,8752,256,2020-08-04 22:00:00,2020-08-04,66,152,1,143,0
9268,8752,255,2020-08-03 22:00:00,2020-08-03,15,151,0,142,0
9253,8752,255,2020-08-02 22:00:00,2020-08-02,13,150,0,141,0
9240,8752,255,2020-08-01 22:00:00,2020-08-01,32,149,0,140,0
9208,8752,255,2020-07-31 22:00:00,2020-07-31,36,148,0,139,0
9172,8752,255,2020-07-30 22:00:00,2020-07-30,22,147,0,138,0
9150,8752,255,2020-07-29 22:00:00,2020-07-29,18,146,0,137,0
9132,8752,255,2020-07-28 22:00:00,2020-07-28,15,145,0,136,0
9117,8752,255,2020-07-27 22:00:00,2020-07-27,6,144,0,135,78
9111,8674,255,2020-07-26 22:00:00,2020-07-26,19,143,0,134,0
9092,8674,255,2020-07-25 22:00:00,2020-07-25,7,142,0,133,0
9085,8674,255,2020-07-24 22:00:00,2020-07-24,23,141,0,132,0
9062,8674,255,2020-07-23 22:00:00,2020-07-23,9,140,0,131,536
9053,8138,255,2020-07-22 22:00:00,2020-07-22,15,139,0,130,0
9038,8138,255,2020-07-21 22:00:00,2020-07-21,10,138,0,129,0
9028,8138,255,2020-07-20 22:00:00,2020-07-20,0,137,0,128,0
9028,8138,255,2020-07-19 22:00:00,2020-07-19,3,136,0,127,0
9025,8138,255,2020-07-18 22:00:00,2020-07-18,10,135,1,126,0
9015,8138,254,2020-07-17 22:00:00,2020-07-17,4,134,1,125,0
9011,8138,253,2020-07-16 22:00:00,2020-07-16,10,133,0,124,0
9001,8138,253,2020-07-15 22:00:00,2020-07-15,17,132,0,123,0
8984,8138,253,2020-07-14 22:00:00,2020-07-14,3,131,1,122,0
8981,8138,252,2020-07-13 22:00:00,2020-07-13,4,130,0,121,0
8977,8138,252,2020-07-12 22:00:00,2020-07-12,3,129,0,120,0
8974,8138,252,2020-07-11 22:00:00,2020-07-11,9,128,0,119,0
8965,8138,252,2020-07-10 22:00:00,2020-07-10,11,127,1,118,0
8954,8138,251,2020-07-09 22:00:00,2020-07-09,7,126,0,117,0
8947,8138,251,2020-07-08 22:00:00,2020-07-08,11,125,0,116,0
8936,8138,251,2020-07-07 22:00:00,2020-07-07,6,124,0,115,0
8930,8138,251,2020-07-06 22:00:00,2020-07-06,3,123,0,114,0
8927,8138,251,2020-07-05 22:00:00,2020-07-05,6,122,0,113,0
8921,8138,251,2020-07-04 22:00:00,2020-07-04,19,121,0,112,0
8902,8138,251,2020-07-03 22:00:00,2020-07-03,0,120,0,111,0
8902,8138,251,2020-07-02 22:00:00,2020-07-02,15,119,1,110,0
8887,8138,250,2020-07-01 22:00:00,2020-07-01,21,118,1,109,0
8866,8138,249,2020-06-30 22:00:00,2020-06-30,11,117,0,108,0
8855,8138,249,2020-06-29 22:00:00,2020-06-29,9,116,0,107,0
8846,8138,249,2020-06-28 22:00:00,2020-06-28,14,115,0,106,0
8832,8138,249,2020-06-27 22:00:00,2020-06-27,44,114,0,105,0
8788,8138,249,2020-06-26 22:00:00,2020-06-26,0,113,0,104,0
8788,8138,249,2020-06-25 22:00:00,2020-06-25,16,112,1,103,0
8772,8138,248,2020-06-24 22:00:00,2020-06-24,21,111,0,102,0
8751,8138,248,2020-06-23 22:00:00,2020-06-23,6,110,4,101,0
8745,8138,244,2020-06-22 22:00:00,2020-06-22,3,109,0,100,0
8742,8138,244,2020-06-21 22:00:00,2020-06-21,16,108,0,99,0
8726,8138,244,2020-06-20 22:00:00,2020-06-20,18,107,0,98,0
8708,8138,244,2020-06-19 22:00:00,2020-06-19,16,106,1,97,0
8692,8138,243,2020-06-18 22:00:00,2020-06-18,32,105,1,96,0
8660,8138,242,2020-06-17 22:00:00,2020-06-17,13,104,0,95,0
8647,8138,242,2020-06-16 22:00:00,2020-06-16,16,103,0,94,0
8631,8138,242,2020-06-15 22:00:00,2020-06-15,3,102,0,93,0
8628,8138,242,2020-06-14 22:00:00,2020-06-14,8,101,0,92,0
8620,8138,242,2020-06-13 22:00:00,2020-06-13,12,100,0,91,0
8608,8138,242,2020-06-12 22:00:00,2020-06-12,14,99,3,90,0
8594,8138,239,2020-06-11 22:00:00,2020-06-11,18,98,0,89,0
8576,8138,239,2020-06-10 22:00:00,2020-06-10,15,97,0,88,0
8561,8138,239,2020-06-09 22:00:00,2020-06-09,14,96,1,87,0
8547,8138,238,2020-06-08 22:00:00,2020-06-08,5,95,0,86,0
8542,8138,238,2020-06-07 22:00:00,2020-06-07,20,94,0,85,0
8522,8138,238,2020-06-06 22:00:00,2020-06-06,18,93,0,84,0
8504,8138,238,2020-06-05 22:00:00,2020-06-05,27,92,1,83,0
8477,8138,237,2020-06-04 22:00:00,2020-06-04,22,91,0,82,411
8455,7727,237,2020-06-03 22:00:00,2020-06-03,9,90,1,81,0
8446,7727,236,2020-06-02 22:00:00,2020-06-02,6,89,0,80,0
8440,7727,236,2020-06-01 22:00:00,2020-06-01,3,88,0,79,0
8437,7727,236,2020-05-31 22:00:00,2020-05-31,12,87,0,78,0
8425,7727,236,2020-05-30 22:00:00,2020-05-30,14,86,0,77,0
8411,7727,236,2020-05-29 22:00:00,2020-05-29,10,85,0,76,0
8401,7727,236,2020-05-28 22:00:00,2020-05-28,18,84,1,75,0
8383,7727,235,2020-05-27 22:00:00,2020-05-27,19,83,0,74,0
8364,7727,235,2020-05-26 22:00:00,2020-05-26,12,82,0,73,0
8352,7727,235,2020-05-25 22:00:00,2020-05-25,6,81,0,72,0
8346,7727,235,2020-05-24 22:00:00,2020-05-24,14,80,0,71,0
8332,7727,235,2020-05-23 22:00:00,2020-05-23,23,79,0,70,7695
8309,32,235,2020-05-22 22:00:00,2020-05-22,28,78,1,69,0
8281,32,234,2020-05-21 22:00:00,2020-05-21,14,77,0,68,0
8267,32,234,2020-05-20 22:00:00,2020-05-20,10,76,1,67,0
8257,32,233,2020-05-19 22:00:00,2020-05-19,8,75,0,66,0
8249,32,233,2020-05-18 22:00:00,2020-05-18,12,74,1,65,0
8237,32,232,2020-05-17 22:00:00,2020-05-17,18,73,0,64,0
8219,32,232,2020-05-16 22:00:00,2020-05-16,23,72,0,63,0
8196,32,232,2020-05-15 22:00:00,2020-05-15,21,71,3,62,0
8175,32,229,2020-05-14 22:00:00,2020-05-14,18,70,1,61,0
8157,32,228,2020-05-13 22:00:00,2020-05-13,25,69,4,60,0
8132,32,224,2020-05-12 22:00:00,2020-05-12,27,68,5,59,0
8105,32,219,2020-05-11 22:00:00,2020-05-11,6,67,0,58,0
8099,32,219,2020-05-10 22:00:00,2020-05-10,29,66,1,57,0
8070,32,218,2020-05-09 22:00:00,2020-05-09,36,65,1,56,0
8034,32,217,2020-05-08 22:00:00,2020-05-08,38,64,1,55,0
7996,32,216,2020-05-07 22:00:00,2020-05-07,41,63,1,54,0
7955,32,215,2020-05-06 22:00:00,2020-05-06,51,62,1,53,0
7904,32,214,2020-05-05 22:00:00,2020-05-05,57,61,1,52,0
7847,32,213,2020-05-04 22:00:00,2020-05-04,38,60,2,51,0
7809,32,211,2020-05-03 22:00:00,2020-05-03,26,59,1,50,0
7783,32,210,2020-05-02 22:00:00,2020-05-02,24,58,0,49,0
7759,32,210,2020-05-01 22:00:00,2020-05-01,49,57,3,48,0
7710,32,207,2020-04-30 22:00:00,2020-04-30,50,56,1,47,0
7660,32,206,2020-04-29 22:00:00,2020-04-29,61,55,0,46,0
7599,32,206,2020-04-28 22:00:00,2020-04-28,72,54,4,45,0
7527,32,202,2020-04-27 22:00:00,2020-04-27,28,53,1,44,0
7499,32,201,2020-04-26 22:00:00,2020-04-26,36,52,2,43,0
7463,32,199,2020-04-25 22:00:00,2020-04-25,62,51,5,42,0
7401,32,194,2020-04-24 22:00:00,2020-04-24,63,50,5,41,0
7338,32,189,2020-04-23 22:00:00,2020-04-23,97,49,7,40,0
7241,32,182,2020-04-22 22:00:00,2020-04-22,85,48,0,39,0
7156,32,182,2020-04-21 22:00:00,2020-04-21,53,47,17,38,0
7103,32,165,2020-04-20 22:00:00,2020-04-20,34,46,0,37,0
7069,32,165,2020-04-19 22:00:00,2020-04-19,77,45,3,36,0
6992,32,162,2020-04-18 22:00:00,2020-04-18,87,44,4,35,0
6905,32,158,2020-04-17 22:00:00,2020-04-17,107,43,8,34,0
6798,32,150,2020-04-16 22:00:00,2020-04-16,112,42,8,33,0
6686,32,142,2020-04-15 22:00:00,2020-04-15,81,41,8,32,0
6605,32,134,2020-04-14 22:00:00,2020-04-14,80,40,6,31,0
6525,32,128,2020-04-13 22:00:00,2020-04-13,66,39,5,30,0
6459,32,123,2020-04-12 22:00:00,2020-04-12,99,38,10,29,0
6360,32,113,2020-04-11 22:00:00,2020-04-11,141,37,5,28,0
6219,32,108,2020-04-10 22:00:00,2020-04-10,177,36,7,27,0
6042,32,101,2020-04-09 22:00:00,2020-04-09,-44,35,8,26,0
6086,32,93,2020-04-08 22:00:00,2020-04-08,220,34,10,25,0
5866,32,83,2020-04-07 22:00:00,2020-04-07,106,33,10,24,0
5760,32,73,2020-04-06 22:00:00,2020-04-06,115,32,7,23,0
5645,32,66,2020-04-05 22:00:00,2020-04-05,275,31,7,22,0
5370,32,59,2020-04-04 21:00:00,2020-04-04,115,30,5,21,0
5255,32,54,2020-04-03 21:00:00,2020-04-03,357,29,9,20,19
4898,13,45,2020-04-02 21:00:00,2020-04-02,199,28,5,19,0
4699,13,40,2020-04-01 21:00:00,2020-04-01,204,27,6,18,0
4495,13,34,2020-03-31 21:00:00,2020-03-31,182,26,5,17,6
4313,7,29,2020-03-30 21:00:00,2020-03-30,259,25,6,16,0
4054,7,23,2020-03-29 21:00:00,2020-03-29,258,24,3,15,0
3796,7,20,2020-03-28 21:00:00,2020-03-28,373,23,5,14,1
3423,6,15,2020-03-27 21:10:00,2020-03-27,211,22,1,13,0
3212,6,14,2020-03-26 22:20:00,2020-03-26,310,21,0,12,0
2902,6,14,2020-03-25 23:20:00,2020-03-25,255,20,3,11,0
2647,6,11,2020-03-24 21:20:00,2020-03-24,232,19,3,10,0
2415,6,8,2020-03-23 21:40:00,2020-03-23,199,18,1,9,0
2216,6,7,2020-03-22 21:00:00,2020-03-22,221,17,0,8,5
1995,1,7,2020-03-21 21:00:00,2020-03-21,193,16,0,7,0
1802,1,7,2020-03-20 21:20:00,2020-03-20,171,15,1,6,0
1631,1,6,2020-03-19 21:30:00,2020-03-19,108,14,2,5,0
1523,1,4,2020-03-18 22:00:00,2020-03-18,157,13,1,4,0
1366,1,3,2020-03-17 21:00:00,2020-03-17,103,12,0,3,0
1263,1,3,2020-03-16 21:00:00,2020-03-16,130,11,0,2,0
1133,1,3,2020-03-15 21:00:00,2020-03-15,130,10,2,1,0
1003,1,1,2020-03-14 21:00:00,2020-03-14,175,9,0,0,0
828,1,1,2020-03-13 21:00:00,2020-03-13,180,8,1,0,0
648,1,0,2020-03-12 21:00:00,2020-03-12,227,7,0,0,0
421,1,0,2020-03-11 21:00:00,2020-03-11,182,6,0,0,0
239,1,0,2020-03-10 21:00:00,2020-03-10,61,5,0,0,0
178,1,0,2020-03-09 21:00:00,2020-03-09,21,4,0,0,0
157,1,0,2020-03-08 21:00:00,2020-03-08,21,3,0,0,0
136,1,0,2020-03-07 21:00:00,2020-03-07,35,2,0,0,1
101,0,0,2020-03-06 21:00:00,2020-03-06,35,1,0,0,0
66,0,0,2020-03-05 21:00:00,2020-03-05,33,0,0,0,0
33,0,0,2020-03-04 21:00:00,2020-03-04,8,0,0,0,0
25,0,0,2020-03-03 21:00:00,2020-03-03,6,0,0,0,0
19,0,0,2020-03-02 21:00:00,2020-03-02,4,0,0,0,0
15,0,0,2020-03-01 21:00:00,2020-03-01,9,0,0,0,0
6,0,0,2020-02-29 21:00:00,2020-02-29,2,0,0,0,0
4,0,0,2020-02-28 21:00:00,2020-02-28,3,0,0,0,0
1,0,0,2020-02-27 21:00:00,2020-02-27,1,0,0,0,0
0,0,0,2020-02-26 21:00:00,2020-02-26,0,0,0,0,0
0,0,0,2020-02-25 21:00:00,2020-02-25,0,0,0,0,0
0,0,0,2020-02-24 21:00:00,2020-02-24,0,0,0,0,0
0,0,0,2020-02-23 21:00:00,2020-02-23,0,0,0,0,0
0,0,0,2020-02-22 21:00:00,2020-02-22,0,0,0,0,0
0,0,0,2020-02-21 21:00:00,2020-02-21,0,0,0,0,0
0,0,0,2020-02-20 21:00:00,2020-02-20,0,0,0,0,0
0,0,0,2020-02-19 21:00:00,2020-02-19,0,0,0,0,0
0,0,0,2020-02-18 21:00:00,2020-02-18,0,0,0,0,0
0,0,0,2020-02-17 21:00:00,2020-02-17,0,0,0,0,0
0,0,0,2020-02-16 21:00:00,2020-02-16,0,0,0,0,0
0,0,0,2020-02-15 21:00:00,2020-02-15,0,0,0,0,0
0,0,0,2020-02-14 21:00:00,2020-02-14,0,0,0,0,0
0,0,0,2020-02-13 21:00:00,2020-02-13,0,0,0,0,0
0,0,0,2020-02-12 21:00:00,2020-02-12,0,0,0,0,0
0,0,0,2020-02-11 20:30:00,2020-02-11,0,0,0,0,0
0,0,0,2020-02-10 21:00:00,2020-02-10,0,0,0,0,0
0,0,0,2020-02-09 21:00:00,2020-02-09,0,0,0,0,0
0,0,0,2020-02-08 21:00:00,2020-02-08,0,0,0,0,0
0,0,0,2020-02-07 21:00:00,2020-02-07,0,0,0,0,0
0,0,0,2020-02-06 21:00:00,2020-02-06,0,0,0,0,0
0,0,0,2020-02-05 21:00:00,2020-02-05,0,0,0,0,0
0,0,0,2020-02-04 20:00:00,2020-02-04,0,0,0,0,0
0,0,0,2020-02-03 20:00:00,2020-02-03,0,0,0,0,0
0,0,0,2020-02-02 20:00:00,2020-02-02,0,0,0,0,0
0,0,0,2020-02-01 10:00:00,2020-02-01,0,0,0,0,0
0,0,0,2020-01-31 12:30:00,2020-01-31,0,0,0,0,0
0,0,0,2020-01-30 12:00:00,2020-01-30,0,0,0,0,0
0,0,0,2020-01-29 14:00:00,2020-01-29,0,0,0,0,0
0,0,0,2020-01-28 11:30:00,2020-01-28,0,0,0,0,0
0,0,0,2020-01-27 14:00:00,2020-01-27,0,0,0,0,0
0,0,0,2020-01-26 13:00:00,2020-01-26,0,0,0,0,0
0,0,0,2020-01-25 15:00:00,2020-01-25,0,0,0,0,0
0,0,0,2020-01-24 15:00:00,2020-01-24,0,0,0,0,0
0,0,0,2020-01-23 15:00:00,2020-01-23,0,0,0,0,0
0,0,0,2020-01-22 15:00:00,2020-01-22,0,0,0,0,0
0,0,0,2020-01-21 15:00:00,2020-01-21,0,0,0,0,0
