Confirmed,DayElapsed_death,Deaths,New,New_death,New_recover,Recovered,Date_last_updated_AEDT,date_day,DayElapsed
21444,152,280,485,8,216,12722,2020-08-06 22:00:00,2020-08-06,150
20959,151,272,719,15,144,12506,2020-08-05 22:00:00,2020-08-05,149
20240,150,257,413,11,177,12362,2020-08-04 22:00:00,2020-08-04,148
19827,149,246,397,13,200,12185,2020-08-03 22:00:00,2020-08-03,147
19430,148,233,654,8,407,11985,2020-08-02 22:00:00,2020-08-02,146
18776,147,225,379,4,219,11578,2020-08-01 22:00:00,2020-08-01,145
18397,146,221,611,8,227,11359,2020-07-31 22:00:00,2020-07-31,144
17786,145,213,721,15,139,11132,2020-07-30 22:00:00,2020-07-30,143
17065,144,198,282,9,189,10993,2020-07-29 22:00:00,2020-07-29,142
16783,143,189,370,6,122,10804,2020-07-28 22:00:00,2020-07-28,141
16413,142,183,555,6,140,10682,2020-07-27 22:00:00,2020-07-27,140
15858,141,177,460,10,162,10542,2020-07-26 22:00:00,2020-07-26,139
15398,140,167,356,6,80,10380,2020-07-25 22:00:00,2020-07-25,138
15042,139,161,291,6,160,10300,2020-07-24 22:00:00,2020-07-24,137
14751,138,155,413,5,233,10140,2020-07-23 22:00:00,2020-07-23,136
14338,137,150,476,1,2,9907,2020-07-22 22:00:00,2020-07-22,135
13862,136,149,363,4,150,9905,2020-07-21 22:00:00,2020-07-21,134
13499,135,145,269,1,120,9755,2020-07-20 22:00:00,2020-07-20,133
13230,134,144,364,4,112,9635,2020-07-19 22:00:00,2020-07-19,132
12866,133,140,212,2,45,9523,2020-07-18 22:00:00,2020-07-18,131
12654,132,138,426,3,88,9478,2020-07-17 22:00:00,2020-07-17,130
12228,131,135,316,2,108,9390,2020-07-16 22:00:00,2020-07-16,129
11912,130,133,247,3,93,9282,2020-07-15 22:00:00,2020-07-15,128
11665,129,130,272,0,67,9189,2020-07-14 22:00:00,2020-07-14,127
11393,128,130,183,0,42,9122,2020-07-13 22:00:00,2020-07-13,126
11210,127,130,245,1,3,9080,2020-07-12 22:00:00,2020-07-12,125
10965,126,129,196,2,118,9077,2020-07-11 22:00:00,2020-07-11,124
10769,125,127,306,0,34,8959,2020-07-10 22:00:00,2020-07-10,123
10463,124,127,176,0,90,8925,2020-07-09 22:00:00,2020-07-09,122
10287,123,127,132,0,32,8835,2020-07-08 22:00:00,2020-07-08,121
10155,122,127,173,0,37,8803,2020-07-07 22:00:00,2020-07-07,120
9982,121,127,139,2,21,8766,2020-07-06 22:00:00,2020-07-06,119
9843,120,125,90,0,44,8745,2020-07-05 22:00:00,2020-07-05,118
9753,119,125,107,0,36,8701,2020-07-04 22:00:00,2020-07-04,117
9646,118,125,65,0,40,8665,2020-07-03 22:00:00,2020-07-03,116
9581,117,125,83,0,33,8625,2020-07-02 22:00:00,2020-07-02,115
9498,116,125,86,0,26,8592,2020-07-01 22:00:00,2020-07-01,114
9412,115,125,67,0,29,8566,2020-06-30 22:00:00,2020-06-30,113
9345,114,125,83,0,15,8537,2020-06-29 22:00:00,2020-06-29,112
9262,113,125,49,0,14,8522,2020-06-28 22:00:00,2020-06-28,111
9213,112,125,49,0,21,8508,2020-06-27 22:00:00,2020-06-27,110
9164,111,125,38,0,16,8487,2020-06-26 22:00:00,2020-06-26,109
9126,110,125,41,0,19,8471,2020-06-25 22:00:00,2020-06-25,108
9085,109,125,30,1,9,8452,2020-06-24 22:00:00,2020-06-24,107
9055,108,124,21,0,13,8443,2020-06-23 22:00:00,2020-06-23,106
9034,107,124,15,0,7,8430,2020-06-22 22:00:00,2020-06-22,105
9019,106,124,27,0,8,8423,2020-06-21 22:00:00,2020-06-21,104
8992,105,124,29,0,8,8415,2020-06-20 22:00:00,2020-06-20,103
8963,104,124,18,0,10,8407,2020-06-19 22:00:00,2020-06-19,102
8945,103,124,22,0,0,8397,2020-06-18 22:00:00,2020-06-18,101
8923,102,124,23,0,12,8397,2020-06-17 22:00:00,2020-06-17,100
8900,101,124,14,0,6,8385,2020-06-16 22:00:00,2020-06-16,99
8886,100,124,15,0,13,8379,2020-06-15 22:00:00,2020-06-15,98
8871,99,124,18,0,26,8366,2020-06-14 22:00:00,2020-06-14,97
8853,98,124,13,0,30,8340,2020-06-13 22:00:00,2020-06-13,96
8840,97,124,4,0,22,8310,2020-06-12 22:00:00,2020-06-12,95
8836,96,124,9,0,15,8288,2020-06-11 22:00:00,2020-06-11,94
8827,95,124,10,0,24,8273,2020-06-10 22:00:00,2020-06-10,93
8817,94,124,2,0,15,8249,2020-06-09 22:00:00,2020-06-09,92
8815,93,124,5,0,5,8234,2020-06-08 22:00:00,2020-06-08,91
8810,92,124,5,0,10,8229,2020-06-07 22:00:00,2020-06-07,90
8805,91,124,4,0,13,8219,2020-06-06 22:00:00,2020-06-06,89
8801,90,124,11,0,19,8206,2020-06-05 22:00:00,2020-06-05,88
8790,89,124,11,0,23,8187,2020-06-04 22:00:00,2020-06-04,87
8779,88,124,8,0,15,8164,2020-06-03 22:00:00,2020-06-03,86
8771,87,124,17,-1,6,8149,2020-06-02 22:00:00,2020-06-02,85
8754,86,125,10,0,5,8143,2020-06-01 22:00:00,2020-06-01,84
8744,85,125,10,0,8,8138,2020-05-31 22:00:00,2020-05-31,83
8734,84,125,12,0,24,8130,2020-05-30 22:00:00,2020-05-30,82
8722,83,125,17,0,10,8106,2020-05-29 22:00:00,2020-05-29,81
8705,82,125,18,1,30,8096,2020-05-28 22:00:00,2020-05-28,80
8687,81,124,6,1,9,8066,2020-05-27 22:00:00,2020-05-27,79
8681,80,123,15,0,26,8057,2020-05-26 22:00:00,2020-05-26,78
8666,79,123,4,0,23,8031,2020-05-25 22:00:00,2020-05-25,77
8662,78,123,3,0,16,8008,2020-05-24 22:00:00,2020-05-24,76
8659,77,123,16,1,15,7992,2020-05-23 22:00:00,2020-05-23,75
8643,76,122,15,1,11,7977,2020-05-22 22:00:00,2020-05-22,74
8628,75,121,2,0,31,7966,2020-05-21 22:00:00,2020-05-21,73
8626,74,121,11,1,35,7935,2020-05-20 22:00:00,2020-05-20,72
8615,73,120,12,0,28,7900,2020-05-19 22:00:00,2020-05-19,71
8603,72,120,9,1,27,7872,2020-05-18 22:00:00,2020-05-18,70
8594,71,119,10,0,9,7845,2020-05-17 22:00:00,2020-05-17,69
8584,70,119,18,0,42,7836,2020-05-16 22:00:00,2020-05-16,68
8566,69,119,31,0,30,7794,2020-05-15 22:00:00,2020-05-15,67
8535,68,119,14,0,48,7764,2020-05-14 22:00:00,2020-05-14,66
8521,67,119,12,1,43,7716,2020-05-13 22:00:00,2020-05-13,65
8509,66,118,20,0,59,7673,2020-05-12 22:00:00,2020-05-12,64
8489,65,118,12,0,36,7614,2020-05-11 22:00:00,2020-05-11,63
8477,64,118,14,0,32,7578,2020-05-10 22:00:00,2020-05-10,62
8463,63,118,16,0,77,7546,2020-05-09 22:00:00,2020-05-09,61
8447,62,118,19,0,58,7469,2020-05-08 22:00:00,2020-05-08,60
8428,61,118,21,1,76,7411,2020-05-07 22:00:00,2020-05-07,59
8407,60,117,28,2,103,7335,2020-05-06 22:00:00,2020-05-06,58
8379,59,115,25,0,55,7232,2020-05-05 22:00:00,2020-05-05,57
8354,58,115,26,1,62,7177,2020-05-04 22:00:00,2020-05-04,56
8328,57,114,18,1,29,7115,2020-05-03 22:00:00,2020-05-03,55
8310,56,113,22,1,57,7086,2020-05-02 22:00:00,2020-05-02,54
8288,55,112,17,2,42,7029,2020-05-01 22:00:00,2020-05-01,53
8271,54,110,9,2,59,6987,2020-04-30 22:00:00,2020-04-30,52
8262,53,108,15,5,63,6928,2020-04-29 22:00:00,2020-04-29,51
8247,52,103,14,1,80,6865,2020-04-28 22:00:00,2020-04-28,50
8233,51,102,8,1,75,6785,2020-04-27 22:00:00,2020-04-27,49
8225,50,101,25,3,192,6710,2020-04-26 22:00:00,2020-04-26,48
8200,49,98,24,3,264,6518,2020-04-25 22:00:00,2020-04-25,47
8176,48,95,22,4,131,6254,2020-04-24 22:00:00,2020-04-24,46
8154,47,91,8,3,130,6123,2020-04-23 22:00:00,2020-04-23,45
8146,46,88,13,1,286,5993,2020-04-22 22:00:00,2020-04-22,44
8133,45,87,31,2,457,5707,2020-04-21 22:00:00,2020-04-21,43
8102,44,85,23,2,93,5250,2020-04-20 22:00:00,2020-04-20,42
8079,43,83,50,4,113,5157,2020-04-19 22:00:00,2020-04-19,41
8029,42,79,55,3,400,5044,2020-04-18 22:00:00,2020-04-18,40
7974,41,76,68,4,143,4644,2020-04-17 22:00:00,2020-04-17,39
7906,40,72,36,0,85,4501,2020-04-16 22:00:00,2020-04-16,38
7870,39,72,68,1,189,4416,2020-04-15 22:00:00,2020-04-15,37
7802,38,71,58,5,194,4227,2020-04-14 22:00:00,2020-04-14,36
7744,37,66,65,3,292,4033,2020-04-13 22:00:00,2020-04-13,35
7679,36,63,39,3,106,3741,2020-04-12 22:00:00,2020-04-12,34
7640,35,60,107,4,126,3635,2020-04-11 22:00:00,2020-04-11,33
7533,34,56,151,4,208,3509,2020-04-10 22:00:00,2020-04-10,32
7382,33,52,114,1,205,3301,2020-04-09 22:00:00,2020-04-09,31
7268,32,51,155,2,207,3096,2020-04-08 22:00:00,2020-04-08,30
7113,31,49,174,7,280,2889,2020-04-07 22:00:00,2020-04-07,29
6939,30,42,177,5,1726,2609,2020-04-06 22:00:00,2020-04-06,28
6762,29,37,232,6,96,883,2020-04-05 22:00:00,2020-04-05,27
6530,28,31,279,2,89,787,2020-04-04 21:00:00,2020-04-04,26
6251,27,29,293,4,57,698,2020-04-03 21:00:00,2020-04-03,25
5958,26,25,365,3,127,641,2020-04-02 21:00:00,2020-04-02,24
5593,25,22,364,2,77,514,2020-04-01 21:00:00,2020-04-01,23
5229,24,20,370,0,61,437,2020-03-31 21:00:00,2020-03-31,22
4859,23,20,340,3,80,376,2020-03-30 21:00:00,2020-03-30,21
4519,22,17,408,3,6,296,2020-03-29 21:00:00,2020-03-29,20
4111,21,14,544,2,58,290,2020-03-28 21:00:00,2020-03-28,19
3567,20,12,459,0,10,232,2020-03-27 21:10:00,2020-03-27,18
3108,19,12,452,4,63,222,2020-03-26 22:20:00,2020-03-26,17
2656,18,8,340,0,10,159,2020-03-25 23:20:00,2020-03-25,16
2316,17,8,486,1,55,149,2020-03-24 21:20:00,2020-03-24,15
1830,16,7,406,0,0,94,2020-03-23 21:40:00,2020-03-23,14
1424,15,7,296,0,42,94,2020-03-22 21:00:00,2020-03-22,13
1128,14,7,211,0,0,52,2020-03-21 21:00:00,2020-03-21,12
917,13,7,179,1,2,52,2020-03-20 21:20:00,2020-03-20,11
738,12,6,150,0,3,50,2020-03-19 21:30:00,2020-03-19,10
588,11,6,123,1,20,47,2020-03-18 22:00:00,2020-03-18,9
465,10,5,82,0,0,27,2020-03-17 21:00:00,2020-03-17,8
383,9,5,78,0,0,27,2020-03-16 21:00:00,2020-03-16,7
305,8,5,51,2,2,27,2020-03-15 21:00:00,2020-03-15,6
254,7,3,52,0,1,25,2020-03-14 21:00:00,2020-03-14,5
202,6,3,41,0,0,24,2020-03-13 21:00:00,2020-03-13,4
161,5,3,29,0,0,24,2020-03-12 21:00:00,2020-03-12,3
132,4,3,21,0,1,24,2020-03-11 21:00:00,2020-03-11,2
111,3,3,14,0,1,23,2020-03-10 21:00:00,2020-03-10,1
97,2,3,12,0,0,22,2020-03-09 21:00:00,2020-03-09,0
85,1,3,8,1,1,22,2020-03-08 21:00:00,2020-03-08,0
77,0,2,11,0,0,21,2020-03-07 21:00:00,2020-03-07,0
66,0,2,7,0,0,21,2020-03-06 21:00:00,2020-03-06,0
59,0,2,13,1,0,21,2020-03-05 21:00:00,2020-03-05,0
46,0,1,7,0,0,21,2020-03-04 21:00:00,2020-03-04,0
39,0,1,5,0,6,21,2020-03-03 21:00:00,2020-03-03,0
34,0,1,6,0,0,15,2020-03-02 21:00:00,2020-03-02,0
28,0,1,2,1,0,15,2020-03-01 21:00:00,2020-03-01,0
26,0,0,1,0,0,15,2020-02-29 21:00:00,2020-02-29,0
25,0,0,2,0,0,15,2020-02-28 21:00:00,2020-02-28,0
23,0,0,0,0,0,15,2020-02-27 21:00:00,2020-02-27,0
23,0,0,1,0,0,15,2020-02-26 21:00:00,2020-02-26,0
22,0,0,0,0,5,15,2020-02-25 21:00:00,2020-02-25,0
22,0,0,0,0,0,10,2020-02-24 21:00:00,2020-02-24,0
22,0,0,1,0,0,10,2020-02-23 21:00:00,2020-02-23,0
21,0,0,4,0,0,10,2020-02-22 21:00:00,2020-02-22,0
17,0,0,2,0,0,10,2020-02-21 21:00:00,2020-02-21,0
15,0,0,0,0,2,10,2020-02-20 21:00:00,2020-02-20,0
15,0,0,0,0,0,8,2020-02-19 21:00:00,2020-02-19,0
15,0,0,0,0,0,8,2020-02-18 21:00:00,2020-02-18,0
15,0,0,0,0,0,8,2020-02-17 21:00:00,2020-02-17,0
15,0,0,0,0,0,8,2020-02-16 21:00:00,2020-02-16,0
15,0,0,0,0,0,8,2020-02-15 21:00:00,2020-02-15,0
15,0,0,0,0,3,8,2020-02-14 21:00:00,2020-02-14,0
15,0,0,0,0,0,5,2020-02-13 21:00:00,2020-02-13,0
15,0,0,0,0,0,5,2020-02-12 21:00:00,2020-02-12,0
15,0,0,0,0,0,5,2020-02-11 20:30:00,2020-02-11,0
15,0,0,0,0,0,5,2020-02-10 21:00:00,2020-02-10,0
15,0,0,0,0,2,5,2020-02-09 21:00:00,2020-02-09,0
15,0,0,0,0,0,3,2020-02-08 21:00:00,2020-02-08,0
15,0,0,1,0,0,3,2020-02-07 21:00:00,2020-02-07,0
14,0,0,1,0,0,3,2020-02-06 21:00:00,2020-02-06,0
13,0,0,1,0,0,3,2020-02-05 21:00:00,2020-02-05,0
12,0,0,0,0,0,3,2020-02-04 20:00:00,2020-02-04,0
12,0,0,0,0,1,3,2020-02-03 20:00:00,2020-02-03,0
12,0,0,3,0,0,2,2020-02-02 20:00:00,2020-02-02,0
9,0,0,1,0,0,2,2020-02-01 10:00:00,2020-02-01,0
8,0,0,1,0,2,2,2020-01-31 12:30:00,2020-01-31,0
7,0,0,2,0,0,0,2020-01-30 12:00:00,2020-01-30,0
5,0,0,0,0,0,0,2020-01-29 14:00:00,2020-01-29,0
5,0,0,1,0,0,0,2020-01-28 11:30:00,2020-01-28,0
4,0,0,0,0,0,0,2020-01-27 14:00:00,2020-01-27,0
4,0,0,0,0,0,0,2020-01-26 13:00:00,2020-01-26,0
4,0,0,4,0,0,0,2020-01-25 15:00:00,2020-01-25,0
0,0,0,0,0,0,0,2020-01-24 15:00:00,2020-01-24,0
0,0,0,0,0,0,0,2020-01-23 15:00:00,2020-01-23,0
0,0,0,0,0,0,0,2020-01-22 15:00:00,2020-01-22,0
0,0,0,0,0,0,0,2020-01-21 15:00:00,2020-01-21,0
