Confirmed,Recovered,Deaths,Date_last_updated_AEDT,date_day,New,DayElapsed,New_death,DayElapsed_death,New_recover
40589,33390,583,2020-08-06 22:00:00,2020-08-06,1100,135,17,135,1066
39489,32324,566,2020-08-05 22:00:00,2020-08-05,858,134,15,134,1154
38631,31170,551,2020-08-04 22:00:00,2020-08-04,395,133,1,133,345
38236,30825,550,2020-08-03 22:00:00,2020-08-03,500,132,1,132,539
37736,30286,549,2020-08-02 22:00:00,2020-08-02,1277,131,8,131,1099
36459,29187,541,2020-08-01 22:00:00,2020-08-01,742,130,5,130,776
35717,28411,536,2020-07-31 22:00:00,2020-07-31,1105,129,13,129,1025
34612,27386,523,2020-07-30 22:00:00,2020-07-30,854,128,14,128,1023
33758,26363,509,2020-07-29 22:00:00,2020-07-29,1222,127,13,127,1144
32536,25219,496,2020-07-28 22:00:00,2020-07-28,1251,126,0,126,520
31285,24699,496,2020-07-27 22:00:00,2020-07-27,1204,125,0,125,645
30081,24054,496,2020-07-26 22:00:00,2020-07-26,141,124,12,124,776
29940,23278,484,2020-07-25 22:00:00,2020-07-25,1149,123,7,123,837
28791,22441,477,2020-07-24 22:00:00,2020-07-24,667,122,3,122,845
28124,21596,474,2020-07-23 22:00:00,2020-07-23,977,121,13,121,932
27147,20664,461,2020-07-22 22:00:00,2020-07-22,1711,120,9,120,912
25436,19752,452,2020-07-21 22:00:00,2020-07-21,170,119,1,119,284
25266,19468,451,2020-07-20 22:00:00,2020-07-20,209,118,0,118,280
25057,19188,451,2020-07-19 22:00:00,2020-07-19,917,117,6,117,419
24140,18769,445,2020-07-18 22:00:00,2020-07-18,694,116,7,116,672
23446,18097,438,2020-07-17 22:00:00,2020-07-17,632,115,6,115,729
22814,17368,432,2020-07-16 22:00:00,2020-07-16,1074,114,4,114,730
21740,16638,428,2020-07-15 22:00:00,2020-07-15,994,113,4,113,820
20746,15818,424,2020-07-14 22:00:00,2020-07-14,511,112,2,112,329
20235,15489,422,2020-07-13 22:00:00,2020-07-13,456,111,1,111,350
19779,15139,421,2020-07-12 22:00:00,2020-07-12,686,110,5,110,488
19093,14651,416,2020-07-11 22:00:00,2020-07-11,596,109,6,109,548
18497,14103,410,2020-07-10 22:00:00,2020-07-10,603,108,3,108,561
17894,13542,407,2020-07-09 22:00:00,2020-07-09,671,107,2,107,533
17223,13009,405,2020-07-08 22:00:00,2020-07-08,857,106,5,106,575
16366,12434,400,2020-07-07 22:00:00,2020-07-07,435,105,1,105,186
15931,12248,399,2020-07-06 22:00:00,2020-07-06,283,104,0,104,281
15648,11967,399,2020-07-05 22:00:00,2020-07-05,579,103,0,103,446
15069,11521,399,2020-07-04 22:00:00,2020-07-04,527,102,4,102,471
14542,11050,395,2020-07-03 22:00:00,2020-07-03,423,101,6,101,442
14119,10608,389,2020-07-02 22:00:00,2020-07-02,359,100,2,100,520
13760,10088,387,2020-07-01 22:00:00,2020-07-01,583,99,2,99,498
13177,9590,385,2020-06-30 22:00:00,2020-06-30,230,98,0,98,191
12947,9399,385,2020-06-29 22:00:00,2020-06-29,301,97,1,97,242
12646,9157,384,2020-06-28 22:00:00,2020-06-28,299,96,7,96,339
12347,8818,377,2020-06-27 22:00:00,2020-06-27,399,95,2,95,307
11948,8511,375,2020-06-26 22:00:00,2020-06-26,434,94,3,94,365
11514,8146,372,2020-06-25 22:00:00,2020-06-25,483,93,1,93,256
11031,7890,371,2020-06-24 22:00:00,2020-06-24,297,92,2,92,237
10734,7653,369,2020-06-23 22:00:00,2020-06-23,218,91,0,91,120
10516,7533,369,2020-06-22 22:00:00,2020-06-22,478,90,1,90,116
10038,7417,368,2020-06-21 22:00:00,2020-06-21,328,89,1,89,200
9710,7217,367,2020-06-20 22:00:00,2020-06-20,355,88,1,88,141
9355,7076,366,2020-06-19 22:00:00,2020-06-19,446,87,2,87,173
8909,6903,364,2020-06-18 22:00:00,2020-06-18,257,86,1,86,133
8652,6770,363,2020-06-17 22:00:00,2020-06-17,235,85,3,85,137
8417,6633,360,2020-06-16 22:00:00,2020-06-16,186,84,0,84,50
8231,6583,360,2020-06-15 22:00:00,2020-06-15,153,83,0,83,83
8078,6500,360,2020-06-14 22:00:00,2020-06-14,229,82,0,82,104
7849,6396,360,2020-06-13 22:00:00,2020-06-13,223,81,2,81,127
7626,6269,358,2020-06-12 22:00:00,2020-06-12,143,80,2,80,97
7483,6172,356,2020-06-11 22:00:00,2020-06-11,118,79,2,79,92
7365,6080,354,2020-06-10 22:00:00,2020-06-10,160,78,6,78,60
7205,6020,348,2020-06-09 22:00:00,2020-06-09,55,77,0,77,32
7150,5988,348,2020-06-08 22:00:00,2020-06-08,91,76,1,76,35
7059,5953,347,2020-06-07 22:00:00,2020-06-07,52,75,2,75,81
7007,5872,345,2020-06-06 22:00:00,2020-06-06,100,74,1,74,87
6907,5785,344,2020-06-05 22:00:00,2020-06-05,102,73,3,73,71
6805,5714,341,2020-06-04 22:00:00,2020-06-04,68,72,2,72,107
6737,5607,339,2020-06-03 22:00:00,2020-06-03,164,71,5,71,96
6573,5511,334,2020-06-02 22:00:00,2020-06-02,152,70,0,70,73
6421,5438,334,2020-06-01 22:00:00,2020-06-01,0,69,0,69,0
6421,5438,334,2020-05-31 22:00:00,2020-05-31,83,68,5,68,96
6338,5342,329,2020-05-30 22:00:00,2020-05-30,65,67,3,67,104
6273,5238,326,2020-05-29 22:00:00,2020-05-29,44,66,4,66,100
6229,5138,322,2020-05-28 22:00:00,2020-05-28,91,65,4,65,312
6138,4826,318,2020-05-27 22:00:00,2020-05-27,48,64,5,64,108
6090,4718,313,2020-05-26 22:00:00,2020-05-26,53,63,2,63,26
6037,4692,311,2020-05-25 22:00:00,2020-05-25,77,62,0,62,44
5960,4648,311,2020-05-24 22:00:00,2020-05-24,111,61,4,61,113
5849,4535,307,2020-05-23 22:00:00,2020-05-23,169,60,3,60,171
5680,4364,304,2020-05-22 22:00:00,2020-05-22,148,59,5,59,96
5532,4268,299,2020-05-21 22:00:00,2020-05-21,43,58,6,58,131
5489,4137,293,2020-05-20 22:00:00,2020-05-20,91,57,5,57,127
5398,4010,288,2020-05-19 22:00:00,2020-05-19,88,56,0,56,25
5310,3985,288,2020-05-18 22:00:00,2020-05-18,73,55,0,55,38
5237,3947,288,2020-05-17 22:00:00,2020-05-17,150,54,3,54,143
5087,3804,285,2020-05-16 22:00:00,2020-05-16,124,53,1,53,139
4963,3665,284,2020-05-15 22:00:00,2020-05-15,105,52,6,52,100
4858,3565,278,2020-05-14 22:00:00,2020-05-14,126,51,0,51,139
4732,3426,278,2020-05-13 22:00:00,2020-05-13,116,50,4,50,183
4616,3243,274,2020-05-12 22:00:00,2020-05-12,27,49,2,49,37
4589,3206,272,2020-05-11 22:00:00,2020-05-11,99,48,2,48,50
4490,3156,270,2020-05-10 22:00:00,2020-05-10,66,47,4,47,90
4424,3066,266,2020-05-09 22:00:00,2020-05-09,94,46,6,46,78
4330,2988,260,2020-05-08 22:00:00,2020-05-08,127,45,7,45,78
4203,2910,253,2020-05-07 22:00:00,2020-05-07,76,44,6,44,79
4127,2831,247,2020-05-06 22:00:00,2020-05-06,83,43,9,43,148
4044,2683,238,2020-05-05 22:00:00,2020-05-05,72,42,0,42,47
3972,2636,238,2020-05-04 22:00:00,2020-05-04,121,41,0,41,80
3851,2556,238,2020-05-03 22:00:00,2020-05-03,103,40,8,40,88
3748,2468,230,2020-05-02 22:00:00,2020-05-02,130,39,8,39,66
3618,2402,222,2020-05-01 22:00:00,2020-05-01,145,38,8,38,83
3473,2319,214,2020-04-30 22:00:00,2020-04-30,63,37,7,37,59
3410,2260,207,2020-04-29 22:00:00,2020-04-29,129,36,10,36,89
3281,2171,197,2020-04-28 22:00:00,2020-04-28,27,35,2,35,29
3254,2142,195,2020-04-27 22:00:00,2020-04-27,60,34,1,34,60
3194,2082,194,2020-04-26 22:00:00,2020-04-26,73,33,6,33,118
3121,1964,188,2020-04-25 22:00:00,2020-04-25,104,32,9,32,78
3017,1886,179,2020-04-24 22:00:00,2020-04-24,123,31,9,31,112
2894,1774,170,2020-04-23 22:00:00,2020-04-23,87,30,6,30,71
2807,1703,164,2020-04-22 22:00:00,2020-04-22,127,29,21,29,89
2680,1614,143,2020-04-21 22:00:00,2020-04-21,81,28,3,28,39
2599,1575,140,2020-04-20 22:00:00,2020-04-20,29,27,1,27,41
2570,1534,139,2020-04-19 22:00:00,2020-04-19,105,26,3,26,474
2465,1060,136,2020-04-18 22:00:00,2020-04-18,108,25,5,25,0
2357,1060,131,2020-04-17 22:00:00,2020-04-17,94,24,8,24,0
2263,1060,123,2020-04-16 22:00:00,2020-04-16,79,23,15,23,0
2184,1060,108,2020-04-15 22:00:00,2020-04-15,115,22,9,22,651
2069,409,99,2020-04-14 22:00:00,2020-04-14,99,21,3,21,0
1970,409,96,2020-04-13 22:00:00,2020-04-13,102,20,2,20,0
1868,409,94,2020-04-12 22:00:00,2020-04-12,74,19,6,19,0
1794,409,88,2020-04-11 22:00:00,2020-04-11,108,18,8,18,0
1686,409,80,2020-04-10 22:00:00,2020-04-10,160,17,1,17,0
1526,409,79,2020-04-09 22:00:00,2020-04-09,52,16,12,16,0
1474,409,67,2020-04-08 22:00:00,2020-04-08,145,15,16,15,0
1329,409,51,2020-04-07 22:00:00,2020-04-07,75,14,5,14,26
1254,383,46,2020-04-06 22:00:00,2020-04-06,93,13,4,13,382
1161,1,42,2020-04-05 22:00:00,2020-04-05,171,12,4,12,0
990,1,38,2020-04-04 21:00:00,2020-04-04,109,11,4,11,0
881,1,34,2020-04-03 21:00:00,2020-04-03,160,10,4,10,0
721,1,30,2020-04-02 21:00:00,2020-04-02,153,9,7,9,1
568,0,23,2020-04-01 21:00:00,2020-04-01,85,8,6,8,0
483,0,17,2020-03-31 21:00:00,2020-03-31,52,7,1,7,0
431,0,16,2020-03-30 21:00:00,2020-03-30,54,6,1,6,0
377,0,15,2020-03-29 21:00:00,2020-03-29,55,5,7,5,0
322,0,8,2020-03-28 21:00:00,2020-03-28,74,4,1,4,0
248,0,7,2020-03-27 21:10:00,2020-03-27,84,3,1,3,0
164,0,6,2020-03-26 22:20:00,2020-03-26,58,2,3,2,0
106,0,3,2020-03-25 23:20:00,2020-03-25,25,1,1,1,0
81,0,2,2020-03-24 21:20:00,2020-03-24,13,0,0,0,0
68,0,2,2020-03-23 21:40:00,2020-03-23,15,0,1,0,0
53,0,1,2020-03-22 21:00:00,2020-03-22,4,0,0,0,0
49,0,1,2020-03-21 21:00:00,2020-03-21,5,0,0,0,0
44,0,1,2020-03-20 21:20:00,2020-03-20,13,0,1,0,0
31,0,0,2020-03-19 21:30:00,2020-03-19,12,0,0,0,0
19,0,0,2020-03-18 22:00:00,2020-03-18,9,0,0,0,0
10,0,0,2020-03-17 21:00:00,2020-03-17,3,0,0,0,0
7,0,0,2020-03-16 21:00:00,2020-03-16,3,0,0,0,0
4,0,0,2020-03-15 21:00:00,2020-03-15,0,0,0,0,0
4,0,0,2020-03-14 21:00:00,2020-03-14,1,0,0,0,0
3,0,0,2020-03-13 21:00:00,2020-03-13,1,0,0,0,0
2,0,0,2020-03-12 21:00:00,2020-03-12,0,0,0,0,0
2,0,0,2020-03-11 21:00:00,2020-03-11,1,0,0,0,0
1,0,0,2020-03-10 21:00:00,2020-03-10,0,0,0,0,0
1,0,0,2020-03-09 21:00:00,2020-03-09,0,0,0,0,0
1,0,0,2020-03-08 21:00:00,2020-03-08,0,0,0,0,0
1,0,0,2020-03-07 21:00:00,2020-03-07,1,0,0,0,0
0,0,0,2020-03-06 21:00:00,2020-03-06,0,0,0,0,0
0,0,0,2020-03-05 21:00:00,2020-03-05,0,0,0,0,0
0,0,0,2020-03-04 21:00:00,2020-03-04,0,0,0,0,0
0,0,0,2020-03-03 21:00:00,2020-03-03,0,0,0,0,0
0,0,0,2020-03-02 21:00:00,2020-03-02,0,0,0,0,0
0,0,0,2020-03-01 21:00:00,2020-03-01,0,0,0,0,0
0,0,0,2020-02-29 21:00:00,2020-02-29,0,0,0,0,0
0,0,0,2020-02-28 21:00:00,2020-02-28,0,0,0,0,0
0,0,0,2020-02-27 21:00:00,2020-02-27,0,0,0,0,0
0,0,0,2020-02-26 21:00:00,2020-02-26,0,0,0,0,0
0,0,0,2020-02-25 21:00:00,2020-02-25,0,0,0,0,0
0,0,0,2020-02-24 21:00:00,2020-02-24,0,0,0,0,0
0,0,0,2020-02-23 21:00:00,2020-02-23,0,0,0,0,0
0,0,0,2020-02-22 21:00:00,2020-02-22,0,0,0,0,0
0,0,0,2020-02-21 21:00:00,2020-02-21,0,0,0,0,0
0,0,0,2020-02-20 21:00:00,2020-02-20,0,0,0,0,0
0,0,0,2020-02-19 21:00:00,2020-02-19,0,0,0,0,0
0,0,0,2020-02-18 21:00:00,2020-02-18,0,0,0,0,0
0,0,0,2020-02-17 21:00:00,2020-02-17,0,0,0,0,0
0,0,0,2020-02-16 21:00:00,2020-02-16,0,0,0,0,0
0,0,0,2020-02-15 21:00:00,2020-02-15,0,0,0,0,0
0,0,0,2020-02-14 21:00:00,2020-02-14,0,0,0,0,0
0,0,0,2020-02-13 21:00:00,2020-02-13,0,0,0,0,0
0,0,0,2020-02-12 21:00:00,2020-02-12,0,0,0,0,0
0,0,0,2020-02-11 20:30:00,2020-02-11,0,0,0,0,0
0,0,0,2020-02-10 21:00:00,2020-02-10,0,0,0,0,0
0,0,0,2020-02-09 21:00:00,2020-02-09,0,0,0,0,0
0,0,0,2020-02-08 21:00:00,2020-02-08,0,0,0,0,0
0,0,0,2020-02-07 21:00:00,2020-02-07,0,0,0,0,0
0,0,0,2020-02-06 21:00:00,2020-02-06,0,0,0,0,0
0,0,0,2020-02-05 21:00:00,2020-02-05,0,0,0,0,0
0,0,0,2020-02-04 20:00:00,2020-02-04,0,0,0,0,0
0,0,0,2020-02-03 20:00:00,2020-02-03,0,0,0,0,0
0,0,0,2020-02-02 20:00:00,2020-02-02,0,0,0,0,0
0,0,0,2020-02-01 10:00:00,2020-02-01,0,0,0,0,0
0,0,0,2020-01-31 12:30:00,2020-01-31,0,0,0,0,0
0,0,0,2020-01-30 12:00:00,2020-01-30,0,0,0,0,0
0,0,0,2020-01-29 14:00:00,2020-01-29,0,0,0,0,0
0,0,0,2020-01-28 11:30:00,2020-01-28,0,0,0,0,0
0,0,0,2020-01-27 14:00:00,2020-01-27,0,0,0,0,0
0,0,0,2020-01-26 13:00:00,2020-01-26,0,0,0,0,0
0,0,0,2020-01-25 15:00:00,2020-01-25,0,0,0,0,0
0,0,0,2020-01-24 15:00:00,2020-01-24,0,0,0,0,0
0,0,0,2020-01-23 15:00:00,2020-01-23,0,0,0,0,0
0,0,0,2020-01-22 15:00:00,2020-01-22,0,0,0,0,0
0,0,0,2020-01-21 15:00:00,2020-01-21,0,0,0,0,0
