Confirmed,Recovered,Deaths,Date_last_updated_AEDT,date_day,New,DayElapsed,New_death,DayElapsed_death,New_recover
19979,1885,339,2020-08-06 22:00:00,2020-08-06,279,139,5,141,0
19700,1885,334,2020-08-05 22:00:00,2020-08-05,334,138,5,140,0
19366,1885,329,2020-08-04 22:00:00,2020-08-04,269,137,3,139,0
19097,1885,326,2020-08-03 22:00:00,2020-08-03,280,136,3,138,0
18817,1885,323,2020-08-02 22:00:00,2020-08-02,325,135,0,137,0
18492,1885,323,2020-08-01 22:00:00,2020-08-01,361,134,6,136,0
18131,1885,317,2020-07-31 22:00:00,2020-07-31,410,133,6,135,0
17721,1885,311,2020-07-30 22:00:00,2020-07-30,305,132,11,134,0
17416,1885,300,2020-07-29 22:00:00,2020-07-29,328,131,11,133,0
17088,1885,289,2020-07-28 22:00:00,2020-07-28,984,130,7,132,0
16104,1885,282,2020-07-27 22:00:00,2020-07-27,0,129,0,131,0
16104,1885,282,2020-07-26 22:00:00,2020-07-26,0,128,0,130,0
16104,1885,282,2020-07-25 22:00:00,2020-07-25,391,127,9,129,0
15713,1885,273,2020-07-24 22:00:00,2020-07-24,320,126,2,128,0
15393,1885,271,2020-07-23 22:00:00,2020-07-23,253,125,2,127,0
15140,1885,269,2020-07-22 22:00:00,2020-07-22,291,124,7,126,0
14849,1885,262,2020-07-21 22:00:00,2020-07-21,700,123,5,125,0
14149,1885,257,2020-07-20 22:00:00,2020-07-20,0,122,0,124,0
14149,1885,257,2020-07-19 22:00:00,2020-07-19,347,121,3,123,0
13802,1885,254,2020-07-18 22:00:00,2020-07-18,293,120,5,122,0
13509,1885,249,2020-07-17 22:00:00,2020-07-17,428,119,2,121,0
13081,1885,247,2020-07-16 22:00:00,2020-07-16,276,118,3,120,-9
12805,1894,244,2020-07-15 22:00:00,2020-07-15,367,117,7,119,0
12438,1894,237,2020-07-14 22:00:00,2020-07-14,268,116,3,118,0
12170,1894,234,2020-07-13 22:00:00,2020-07-13,319,115,2,117,0
11851,1894,232,2020-07-12 22:00:00,2020-07-12,397,114,0,116,0
11454,1894,232,2020-07-11 22:00:00,2020-07-11,259,113,2,115,0
11195,1894,230,2020-07-10 22:00:00,2020-07-10,378,112,6,114,0
10817,1894,224,2020-07-09 22:00:00,2020-07-09,212,111,4,113,0
10605,1894,220,2020-07-08 22:00:00,2020-07-08,210,110,5,112,0
10395,1894,215,2020-07-07 22:00:00,2020-07-07,465,109,2,111,0
9930,1894,213,2020-07-06 22:00:00,2020-07-06,0,108,0,110,0
9930,1894,213,2020-07-05 22:00:00,2020-07-05,294,107,4,109,0
9636,1894,209,2020-07-04 22:00:00,2020-07-04,341,106,0,108,0
9295,1894,209,2020-07-03 22:00:00,2020-07-03,364,105,1,107,0
8931,1894,208,2020-07-02 22:00:00,2020-07-02,274,104,1,106,0
8657,1894,207,2020-07-01 22:00:00,2020-07-01,172,103,3,105,0
8485,1894,204,2020-06-30 22:00:00,2020-06-30,144,102,2,104,0
8341,1894,202,2020-06-29 22:00:00,2020-06-29,247,101,0,103,0
8094,1894,202,2020-06-28 22:00:00,2020-06-28,276,100,0,102,0
7818,1894,202,2020-06-27 22:00:00,2020-06-27,249,99,5,101,0
7569,1894,197,2020-06-26 22:00:00,2020-06-26,124,98,2,100,0
7445,1894,195,2020-06-25 22:00:00,2020-06-25,170,97,3,99,0
7275,1894,192,2020-06-24 22:00:00,2020-06-24,192,96,0,98,0
7083,1894,192,2020-06-23 22:00:00,2020-06-23,511,95,4,97,0
6572,1894,188,2020-06-22 22:00:00,2020-06-22,0,94,0,96,0
6572,1894,188,2020-06-21 22:00:00,2020-06-21,0,93,0,95,0
6572,1894,188,2020-06-20 22:00:00,2020-06-20,206,92,1,94,0
6366,1894,187,2020-06-19 22:00:00,2020-06-19,146,91,4,93,0
6220,1894,183,2020-06-18 22:00:00,2020-06-18,122,90,1,92,0
6098,1894,182,2020-06-17 22:00:00,2020-06-17,278,89,2,91,0
5820,1894,180,2020-06-16 22:00:00,2020-06-16,443,88,7,90,0
5377,1894,173,2020-06-15 22:00:00,2020-06-15,0,87,0,89,0
5377,1894,173,2020-06-14 22:00:00,2020-06-14,0,86,0,88,0
5377,1894,173,2020-06-13 22:00:00,2020-06-13,140,85,2,87,0
5237,1894,171,2020-06-12 22:00:00,2020-06-12,177,84,2,86,0
5060,1894,169,2020-06-11 22:00:00,2020-06-11,68,83,0,85,0
4992,1894,169,2020-06-10 22:00:00,2020-06-10,70,82,6,84,0
4922,1894,163,2020-06-09 22:00:00,2020-06-09,260,81,0,83,0
4662,1894,163,2020-06-08 22:00:00,2020-06-08,92,80,2,82,0
4570,1894,161,2020-06-07 22:00:00,2020-06-07,0,79,0,81,0
4570,1894,161,2020-06-06 22:00:00,2020-06-06,96,78,2,80,0
4474,1894,159,2020-06-05 22:00:00,2020-06-05,75,77,0,79,0
4399,1894,159,2020-06-04 22:00:00,2020-06-04,64,76,2,78,0
4335,1894,157,2020-06-03 22:00:00,2020-06-03,33,75,3,77,0
4302,1894,154,2020-06-02 22:00:00,2020-06-02,59,74,1,76,0
4243,1894,153,2020-06-01 22:00:00,2020-06-01,58,73,0,75,0
4185,1894,153,2020-05-31 22:00:00,2020-05-31,54,72,2,74,0
4131,1894,151,2020-05-30 22:00:00,2020-05-30,44,71,0,73,0
4087,1894,151,2020-05-29 22:00:00,2020-05-29,49,70,3,72,0
4038,1894,148,2020-05-28 22:00:00,2020-05-28,70,69,0,71,0
3968,1894,148,2020-05-27 22:00:00,2020-05-27,19,68,0,70,0
3949,1894,148,2020-05-26 22:00:00,2020-05-26,22,67,0,69,0
3927,1894,148,2020-05-25 22:00:00,2020-05-25,39,66,1,68,0
3888,1894,147,2020-05-24 22:00:00,2020-05-24,24,65,0,67,0
3864,1894,147,2020-05-23 22:00:00,2020-05-23,47,64,2,66,0
3817,1894,145,2020-05-22 22:00:00,2020-05-22,16,63,1,65,488
3801,1406,144,2020-05-21 22:00:00,2020-05-21,75,62,4,64,0
3726,1406,140,2020-05-20 22:00:00,2020-05-20,39,61,2,63,0
3687,1406,138,2020-05-19 22:00:00,2020-05-19,63,60,1,62,0
3624,1406,137,2020-05-18 22:00:00,2020-05-18,12,59,0,61,0
3612,1406,137,2020-05-17 22:00:00,2020-05-17,71,58,0,60,0
3541,1406,137,2020-05-16 22:00:00,2020-05-16,62,57,0,59,0
3479,1406,137,2020-05-15 22:00:00,2020-05-15,63,56,3,58,0
3416,1406,134,2020-05-14 22:00:00,2020-05-14,58,55,4,57,281
3358,1125,130,2020-05-13 22:00:00,2020-05-13,72,54,0,56,0
3286,1125,130,2020-05-12 22:00:00,2020-05-12,58,53,3,55,0
3228,1125,127,2020-05-11 22:00:00,2020-05-11,68,52,0,54,0
3160,1125,127,2020-05-10 22:00:00,2020-05-10,92,51,3,53,0
3068,1125,124,2020-05-09 22:00:00,2020-05-09,79,50,3,52,0
2989,1125,121,2020-05-08 22:00:00,2020-05-08,73,49,6,51,0
2916,1125,115,2020-05-07 22:00:00,2020-05-07,77,48,2,50,530
2839,595,113,2020-05-06 22:00:00,2020-05-06,80,47,4,49,0
2759,595,109,2020-05-05 22:00:00,2020-05-05,79,46,0,48,0
2680,595,109,2020-05-04 22:00:00,2020-05-04,45,45,0,47,0
2635,595,109,2020-05-03 22:00:00,2020-05-03,56,44,5,46,0
2579,595,104,2020-05-02 22:00:00,2020-05-02,69,43,1,45,0
2510,595,103,2020-05-01 22:00:00,2020-05-01,64,42,2,44,0
2446,595,101,2020-04-30 22:00:00,2020-04-30,61,41,2,43,0
2385,595,99,2020-04-29 22:00:00,2020-04-29,31,40,7,42,0
2354,595,92,2020-04-28 22:00:00,2020-04-28,43,39,0,41,0
2311,595,92,2020-04-27 22:00:00,2020-04-27,58,38,5,40,0
2253,595,87,2020-04-26 22:00:00,2020-04-26,76,37,1,39,0
2177,595,86,2020-04-25 22:00:00,2020-04-25,50,36,3,38,0
2127,595,83,2020-04-24 22:00:00,2020-04-24,68,35,5,37,0
2059,595,78,2020-04-23 22:00:00,2020-04-23,57,34,0,36,553
2002,42,78,2020-04-22 22:00:00,2020-04-22,46,33,3,35,0
1956,42,75,2020-04-21 22:00:00,2020-04-21,46,32,1,34,0
1910,42,74,2020-04-20 22:00:00,2020-04-20,66,31,2,33,0
1844,42,72,2020-04-19 22:00:00,2020-04-19,59,30,2,32,0
1785,42,70,2020-04-18 22:00:00,2020-04-18,49,29,6,31,0
1736,42,64,2020-04-17 22:00:00,2020-04-17,73,28,6,30,0
1663,42,58,2020-04-16 22:00:00,2020-04-16,30,27,3,29,4
1633,38,55,2020-04-15 22:00:00,2020-04-15,49,26,2,28,38
1584,0,53,2020-04-14 22:00:00,2020-04-14,57,25,1,27,0
1527,0,52,2020-04-13 22:00:00,2020-04-13,80,24,1,26,0
1447,0,51,2020-04-12 22:00:00,2020-04-12,76,23,3,25,0
1371,0,48,2020-04-11 22:00:00,2020-04-11,50,22,4,24,0
1321,0,44,2020-04-10 22:00:00,2020-04-10,82,21,7,23,0
1239,0,37,2020-04-09 22:00:00,2020-04-09,58,20,4,22,0
1181,0,33,2020-04-08 22:00:00,2020-04-08,49,19,4,21,0
1132,0,29,2020-04-07 22:00:00,2020-04-07,64,18,2,20,0
1068,0,27,2020-04-06 22:00:00,2020-04-06,69,17,1,19,0
999,0,26,2020-04-05 22:00:00,2020-04-05,100,16,4,18,0
899,0,22,2020-04-04 21:00:00,2020-04-04,73,15,1,17,0
826,0,21,2020-04-03 21:00:00,2020-04-03,90,14,2,16,0
736,0,19,2020-04-02 21:00:00,2020-04-02,46,13,1,15,0
690,0,18,2020-04-01 21:00:00,2020-04-01,84,12,2,14,0
606,0,16,2020-03-31 21:00:00,2020-03-31,57,11,3,13,0
549,0,13,2020-03-30 21:00:00,2020-03-30,70,10,0,12,0
479,0,13,2020-03-29 21:00:00,2020-03-29,65,9,1,11,0
414,0,12,2020-03-28 21:00:00,2020-03-28,97,8,1,10,0
317,0,11,2020-03-27 21:10:00,2020-03-27,51,7,1,9,0
266,0,10,2020-03-26 22:20:00,2020-03-26,55,6,2,8,0
211,0,8,2020-03-25 23:20:00,2020-03-25,20,5,3,7,0
191,0,5,2020-03-24 21:20:00,2020-03-24,30,4,0,6,0
161,0,5,2020-03-23 21:40:00,2020-03-23,24,3,1,5,0
137,0,4,2020-03-22 21:00:00,2020-03-22,23,2,0,4,0
114,0,4,2020-03-21 21:00:00,2020-03-21,26,1,1,3,0
88,0,3,2020-03-20 21:20:00,2020-03-20,13,0,0,2,0
75,0,3,2020-03-19 21:30:00,2020-03-19,7,0,1,1,0
68,0,2,2020-03-18 22:00:00,2020-03-18,17,0,1,0,0
51,0,1,2020-03-17 21:00:00,2020-03-17,12,0,0,0,0
39,0,1,2020-03-16 21:00:00,2020-03-16,3,0,0,0,0
36,0,1,2020-03-15 21:00:00,2020-03-15,4,0,1,0,0
32,0,0,2020-03-14 21:00:00,2020-03-14,8,0,0,0,0
24,0,0,2020-03-13 21:00:00,2020-03-13,3,0,0,0,0
21,0,0,2020-03-12 21:00:00,2020-03-12,6,0,0,0,0
15,0,0,2020-03-11 21:00:00,2020-03-11,1,0,0,0,0
14,0,0,2020-03-10 21:00:00,2020-03-10,0,0,0,0,0
14,0,0,2020-03-09 21:00:00,2020-03-09,7,0,0,0,0
7,0,0,2020-03-08 21:00:00,2020-03-08,4,0,0,0,0
3,0,0,2020-03-07 21:00:00,2020-03-07,0,0,0,0,0
3,0,0,2020-03-06 21:00:00,2020-03-06,0,0,0,0,0
3,0,0,2020-03-05 21:00:00,2020-03-05,0,0,0,0,0
3,0,0,2020-03-04 21:00:00,2020-03-04,0,0,0,0,0
3,0,0,2020-03-03 21:00:00,2020-03-03,2,0,0,0,0
1,0,0,2020-03-02 21:00:00,2020-03-02,0,0,0,0,0
1,0,0,2020-03-01 21:00:00,2020-03-01,0,0,0,0,0
1,0,0,2020-02-29 21:00:00,2020-02-29,1,0,0,0,0
0,0,0,2020-02-28 21:00:00,2020-02-28,0,0,0,0,0
0,0,0,2020-02-27 21:00:00,2020-02-27,0,0,0,0,0
0,0,0,2020-02-26 21:00:00,2020-02-26,0,0,0,0,0
0,0,0,2020-02-25 21:00:00,2020-02-25,0,0,0,0,0
0,0,0,2020-02-24 21:00:00,2020-02-24,0,0,0,0,0
0,0,0,2020-02-23 21:00:00,2020-02-23,0,0,0,0,0
0,0,0,2020-02-22 21:00:00,2020-02-22,0,0,0,0,0
0,0,0,2020-02-21 21:00:00,2020-02-21,0,0,0,0,0
0,0,0,2020-02-20 21:00:00,2020-02-20,0,0,0,0,0
0,0,0,2020-02-19 21:00:00,2020-02-19,0,0,0,0,0
0,0,0,2020-02-18 21:00:00,2020-02-18,0,0,0,0,0
0,0,0,2020-02-17 21:00:00,2020-02-17,0,0,0,0,0
0,0,0,2020-02-16 21:00:00,2020-02-16,0,0,0,0,0
0,0,0,2020-02-15 21:00:00,2020-02-15,0,0,0,0,0
0,0,0,2020-02-14 21:00:00,2020-02-14,0,0,0,0,0
0,0,0,2020-02-13 21:00:00,2020-02-13,0,0,0,0,0
0,0,0,2020-02-12 21:00:00,2020-02-12,0,0,0,0,0
0,0,0,2020-02-11 20:30:00,2020-02-11,0,0,0,0,0
0,0,0,2020-02-10 21:00:00,2020-02-10,0,0,0,0,0
0,0,0,2020-02-09 21:00:00,2020-02-09,0,0,0,0,0
0,0,0,2020-02-08 21:00:00,2020-02-08,0,0,0,0,0
0,0,0,2020-02-07 21:00:00,2020-02-07,0,0,0,0,0
0,0,0,2020-02-06 21:00:00,2020-02-06,0,0,0,0,0
0,0,0,2020-02-05 21:00:00,2020-02-05,0,0,0,0,0
0,0,0,2020-02-04 20:00:00,2020-02-04,0,0,0,0,0
0,0,0,2020-02-03 20:00:00,2020-02-03,0,0,0,0,0
0,0,0,2020-02-02 20:00:00,2020-02-02,0,0,0,0,0
0,0,0,2020-02-01 10:00:00,2020-02-01,0,0,0,0,0
0,0,0,2020-01-31 12:30:00,2020-01-31,0,0,0,0,0
0,0,0,2020-01-30 12:00:00,2020-01-30,0,0,0,0,0
0,0,0,2020-01-29 14:00:00,2020-01-29,0,0,0,0,0
0,0,0,2020-01-28 11:30:00,2020-01-28,0,0,0,0,0
0,0,0,2020-01-27 14:00:00,2020-01-27,0,0,0,0,0
0,0,0,2020-01-26 13:00:00,2020-01-26,0,0,0,0,0
0,0,0,2020-01-25 15:00:00,2020-01-25,0,0,0,0,0
0,0,0,2020-01-24 15:00:00,2020-01-24,0,0,0,0,0
0,0,0,2020-01-23 15:00:00,2020-01-23,0,0,0,0,0
0,0,0,2020-01-22 15:00:00,2020-01-22,0,0,0,0,0
0,0,0,2020-01-21 15:00:00,2020-01-21,0,0,0,0,0
