Confirmed,Recovered,Deaths,Date_last_updated_AEDT,date_day,New,DayElapsed,New_death,DayElapsed_death,New_recover
13398,6907,89,2020-08-06 22:00:00,2020-08-06,333,131,1,75,289
13065,6618,88,2020-08-05 22:00:00,2020-08-05,295,130,4,74,199
12770,6419,84,2020-08-04 22:00:00,2020-08-04,473,129,0,73,1029
12297,5390,84,2020-08-03 22:00:00,2020-08-03,137,128,1,72,66
12160,5324,83,2020-08-02 22:00:00,2020-08-02,0,127,1,71,0
12160,5324,82,2020-08-01 22:00:00,2020-08-01,612,126,1,70,308
11548,5016,81,2020-07-31 22:00:00,2020-07-31,264,125,1,69,183
11284,4833,80,2020-07-30 22:00:00,2020-07-30,346,124,1,68,1081
10938,3752,79,2020-07-29 22:00:00,2020-07-29,317,123,1,67,0
10621,3752,78,2020-07-28 22:00:00,2020-07-28,152,122,2,66,0
10469,3752,76,2020-07-27 22:00:00,2020-07-27,163,121,1,65,470
10306,3282,75,2020-07-26 22:00:00,2020-07-26,213,120,5,64,562
10093,2720,70,2020-07-25 22:00:00,2020-07-25,0,119,0,63,0
10093,2720,70,2020-07-24 22:00:00,2020-07-24,349,118,4,62,0
9744,2720,66,2020-07-23 22:00:00,2020-07-23,346,117,2,61,788
9398,1932,64,2020-07-22 22:00:00,2020-07-22,170,116,0,60,0
9228,1932,64,2020-07-21 22:00:00,2020-07-21,312,115,2,59,11
8916,1921,62,2020-07-20 22:00:00,2020-07-20,367,114,3,58,0
8549,1921,59,2020-07-19 22:00:00,2020-07-19,349,113,4,57,325
8200,1596,55,2020-07-18 22:00:00,2020-07-18,436,112,4,56,104
7764,1492,51,2020-07-17 22:00:00,2020-07-17,700,111,5,55,408
7064,1084,46,2020-07-16 22:00:00,2020-07-16,300,110,2,54,0
6764,1084,44,2020-07-15 22:00:00,2020-07-15,0,109,2,53,0
6764,1084,42,2020-07-14 22:00:00,2020-07-14,291,108,4,52,0
6473,1084,38,2020-07-13 22:00:00,2020-07-13,243,107,4,51,142
6230,942,34,2020-07-12 22:00:00,2020-07-12,299,106,5,50,406
5931,536,29,2020-07-11 22:00:00,2020-07-11,380,105,2,49,0
5551,536,27,2020-07-10 22:00:00,2020-07-10,331,104,5,48,11
5220,525,22,2020-07-09 22:00:00,2020-07-09,191,103,3,47,31
5029,494,19,2020-07-08 22:00:00,2020-07-08,382,102,1,46,3
4647,491,18,2020-07-07 22:00:00,2020-07-07,308,101,1,45,0
4339,491,17,2020-07-06 22:00:00,2020-07-06,296,100,2,44,28
4043,463,15,2020-07-05 22:00:00,2020-07-05,444,99,3,43,0
3599,463,12,2020-07-04 22:00:00,2020-07-04,451,98,2,42,0
3148,463,10,2020-07-03 22:00:00,2020-07-03,170,97,2,41,3
2978,460,8,2020-07-02 22:00:00,2020-07-02,270,96,0,40,0
2708,460,8,2020-07-01 22:00:00,2020-07-01,318,95,3,39,9
2390,451,5,2020-06-30 22:00:00,2020-06-30,303,94,0,38,4
2087,447,5,2020-06-29 22:00:00,2020-06-29,233,93,1,37,0
1854,447,4,2020-06-28 22:00:00,2020-06-28,230,92,1,36,1
1624,446,3,2020-06-27 22:00:00,2020-06-27,110,91,0,35,0
1514,446,3,2020-06-26 22:00:00,2020-06-26,152,90,0,34,4
1362,442,3,2020-06-25 22:00:00,2020-06-25,51,89,0,33,0
1311,442,3,2020-06-24 22:00:00,2020-06-24,233,88,0,32,0
1078,442,3,2020-06-23 22:00:00,2020-06-23,163,87,0,31,3
915,439,3,2020-06-22 22:00:00,2020-06-22,88,86,0,30,0
827,439,3,2020-06-21 22:00:00,2020-06-21,68,85,0,29,2
759,437,3,2020-06-20 22:00:00,2020-06-20,120,84,0,28,0
639,437,3,2020-06-19 22:00:00,2020-06-19,60,83,0,27,22
579,415,3,2020-06-18 22:00:00,2020-06-18,65,82,0,26,0
514,415,3,2020-06-17 22:00:00,2020-06-17,8,81,0,25,0
506,415,3,2020-06-16 22:00:00,2020-06-16,14,80,0,24,0
492,415,3,2020-06-15 22:00:00,2020-06-15,3,79,0,23,0
489,415,3,2020-06-14 22:00:00,2020-06-14,0,78,0,22,1
489,414,3,2020-06-13 22:00:00,2020-06-13,2,77,0,21,4
487,410,3,2020-06-12 22:00:00,2020-06-12,2,76,0,20,0
485,410,3,2020-06-11 22:00:00,2020-06-11,3,75,0,19,0
482,410,3,2020-06-10 22:00:00,2020-06-10,8,74,0,18,6
474,404,3,2020-06-09 22:00:00,2020-06-09,2,73,0,17,1
472,403,3,2020-06-08 22:00:00,2020-06-08,8,72,0,16,3
464,400,3,2020-06-07 22:00:00,2020-06-07,0,71,0,15,0
464,400,3,2020-06-06 22:00:00,2020-06-06,0,70,0,14,23
464,377,3,2020-06-05 22:00:00,2020-06-05,1,69,0,13,0
463,377,3,2020-06-04 22:00:00,2020-06-04,12,68,0,12,5
451,372,3,2020-06-03 22:00:00,2020-06-03,0,67,0,11,0
451,372,3,2020-06-02 22:00:00,2020-06-02,2,66,0,10,0
449,372,3,2020-06-01 22:00:00,2020-06-01,1,65,0,9,4
448,368,3,2020-05-31 22:00:00,2020-05-31,1,64,0,8,0
447,368,3,2020-05-30 22:00:00,2020-05-30,1,63,0,7,0
446,368,3,2020-05-29 22:00:00,2020-05-29,11,62,0,6,3
435,365,3,2020-05-28 22:00:00,2020-05-28,1,61,0,5,0
434,365,3,2020-05-27 22:00:00,2020-05-27,11,60,0,4,8
423,357,3,2020-05-26 22:00:00,2020-05-26,0,59,0,3,0
423,357,3,2020-05-25 22:00:00,2020-05-25,0,58,0,2,9
423,348,3,2020-05-24 22:00:00,2020-05-24,0,57,1,1,2
423,346,2,2020-05-23 22:00:00,2020-05-23,0,56,0,0,0
423,346,2,2020-05-22 22:00:00,2020-05-22,25,55,0,0,0
398,346,2,2020-05-21 22:00:00,2020-05-21,7,54,0,0,0
391,346,2,2020-05-20 22:00:00,2020-05-20,3,53,0,0,9
388,337,2,2020-05-19 22:00:00,2020-05-19,7,52,0,0,2
381,335,2,2020-05-18 22:00:00,2020-05-18,5,51,0,0,1
376,334,2,2020-05-17 22:00:00,2020-05-17,1,50,0,0,7
375,327,2,2020-05-16 22:00:00,2020-05-16,0,49,0,0,17
375,310,2,2020-05-15 22:00:00,2020-05-15,0,48,0,0,0
375,310,2,2020-05-14 22:00:00,2020-05-14,0,47,0,0,2
375,308,2,2020-05-13 22:00:00,2020-05-13,0,46,0,0,7
375,301,2,2020-05-12 22:00:00,2020-05-12,0,45,0,0,0
375,301,2,2020-05-11 22:00:00,2020-05-11,0,44,0,0,73
375,228,2,2020-05-10 22:00:00,2020-05-10,0,43,0,0,0
375,228,2,2020-05-09 22:00:00,2020-05-09,0,42,0,0,52
375,176,2,2020-05-08 22:00:00,2020-05-08,1,41,0,0,2
374,174,2,2020-05-07 22:00:00,2020-05-07,3,40,0,0,47
371,127,2,2020-05-06 22:00:00,2020-05-06,9,39,0,0,25
362,102,2,2020-05-05 22:00:00,2020-05-05,9,38,0,0,25
353,77,2,2020-05-04 22:00:00,2020-05-04,0,37,0,0,1
353,76,2,2020-05-03 22:00:00,2020-05-03,0,36,0,0,0
353,76,2,2020-05-02 22:00:00,2020-05-02,9,35,0,0,0
344,76,2,2020-05-01 22:00:00,2020-05-01,0,34,0,0,5
344,71,2,2020-04-30 22:00:00,2020-04-30,1,33,0,0,0
343,71,2,2020-04-29 22:00:00,2020-04-29,1,32,0,0,-12
342,83,2,2020-04-28 22:00:00,2020-04-28,0,31,0,0,0
342,83,2,2020-04-27 22:00:00,2020-04-27,0,30,0,0,-9
342,92,2,2020-04-26 22:00:00,2020-04-26,-142,29,0,0,0
484,92,2,2020-04-25 22:00:00,2020-04-25,4,28,0,0,0
480,92,2,2020-04-24 22:00:00,2020-04-24,0,27,0,0,0
480,92,2,2020-04-23 22:00:00,2020-04-23,6,26,0,0,21
474,71,2,2020-04-22 22:00:00,2020-04-22,13,25,0,0,0
461,71,2,2020-04-21 22:00:00,2020-04-21,12,24,0,0,0
449,71,2,2020-04-20 22:00:00,2020-04-20,18,23,0,0,0
431,71,2,2020-04-19 22:00:00,2020-04-19,13,22,0,0,2
418,69,2,2020-04-18 22:00:00,2020-04-18,16,21,0,0,0
402,69,2,2020-04-17 22:00:00,2020-04-17,28,20,0,0,6
374,63,2,2020-04-16 22:00:00,2020-04-16,66,19,0,0,1
308,62,2,2020-04-15 22:00:00,2020-04-15,0,18,0,0,4
308,58,2,2020-04-14 22:00:00,2020-04-14,18,17,0,0,0
290,58,2,2020-04-13 22:00:00,2020-04-13,22,16,0,0,1
268,57,2,2020-04-12 22:00:00,2020-04-12,0,15,0,0,11
268,46,2,2020-04-11 22:00:00,2020-04-11,2,14,0,0,1
266,45,2,2020-04-10 22:00:00,2020-04-10,3,13,1,0,1
263,44,1,2020-04-09 22:00:00,2020-04-09,0,12,0,0,0
263,44,1,2020-04-08 22:00:00,2020-04-08,3,11,0,0,20
260,24,1,2020-04-07 22:00:00,2020-04-07,8,10,0,0,-1
252,25,1,2020-04-06 22:00:00,2020-04-06,26,9,0,0,2
226,23,1,2020-04-05 22:00:00,2020-04-05,21,8,0,0,2
205,21,1,2020-04-04 21:00:00,2020-04-04,34,7,0,0,3
171,18,1,2020-04-03 21:00:00,2020-04-03,16,6,0,0,0
155,18,1,2020-04-02 21:00:00,2020-04-02,21,5,0,0,0
134,18,1,2020-04-01 21:00:00,2020-04-01,17,4,0,0,0
117,18,1,2020-03-31 21:00:00,2020-03-31,2,3,0,0,0
115,18,1,2020-03-30 21:00:00,2020-03-30,9,2,0,0,0
106,18,1,2020-03-29 21:00:00,2020-03-29,9,1,0,0,0
97,18,1,2020-03-28 21:00:00,2020-03-28,6,0,0,0,1
91,17,1,2020-03-27 21:10:00,2020-03-27,7,0,0,0,0
84,17,1,2020-03-26 22:20:00,2020-03-26,22,0,1,0,1
62,16,0,2020-03-25 23:20:00,2020-03-25,2,0,0,0,-1
60,17,0,2020-03-24 21:20:00,2020-03-24,1,0,0,0,0
59,17,0,2020-03-23 21:40:00,2020-03-23,6,0,0,0,0
53,17,0,2020-03-22 21:00:00,2020-03-22,1,0,0,0,0
52,17,0,2020-03-21 21:00:00,2020-03-21,4,0,0,0,0
48,17,0,2020-03-20 21:20:00,2020-03-20,1,0,0,0,17
47,0,0,2020-03-19 21:30:00,2020-03-19,3,0,0,0,0
44,0,0,2020-03-18 22:00:00,2020-03-18,4,0,0,0,0
40,0,0,2020-03-17 21:00:00,2020-03-17,1,0,0,0,0
39,0,0,2020-03-16 21:00:00,2020-03-16,1,0,0,0,0
38,0,0,2020-03-15 21:00:00,2020-03-15,3,0,0,0,0
35,0,0,2020-03-14 21:00:00,2020-03-14,0,0,0,0,0
35,0,0,2020-03-13 21:00:00,2020-03-13,5,0,0,0,0
30,0,0,2020-03-12 21:00:00,2020-03-12,0,0,0,0,0
30,0,0,2020-03-11 21:00:00,2020-03-11,5,0,0,0,0
25,0,0,2020-03-10 21:00:00,2020-03-10,5,0,0,0,0
20,0,0,2020-03-09 21:00:00,2020-03-09,1,0,0,0,0
19,0,0,2020-03-08 21:00:00,2020-03-08,3,0,0,0,0
16,0,0,2020-03-07 21:00:00,2020-03-07,9,0,0,0,0
7,0,0,2020-03-06 21:00:00,2020-03-06,3,0,0,0,0
4,0,0,2020-03-05 21:00:00,2020-03-05,4,0,0,0,0
0,0,0,2020-03-04 21:00:00,2020-03-04,0,0,0,0,0
0,0,0,2020-03-03 21:00:00,2020-03-03,0,0,0,0,0
0,0,0,2020-03-02 21:00:00,2020-03-02,0,0,0,0,0
0,0,0,2020-03-01 21:00:00,2020-03-01,0,0,0,0,0
0,0,0,2020-02-29 21:00:00,2020-02-29,0,0,0,0,0
0,0,0,2020-02-28 21:00:00,2020-02-28,0,0,0,0,0
0,0,0,2020-02-27 21:00:00,2020-02-27,0,0,0,0,0
0,0,0,2020-02-26 21:00:00,2020-02-26,0,0,0,0,0
0,0,0,2020-02-25 21:00:00,2020-02-25,0,0,0,0,0
0,0,0,2020-02-24 21:00:00,2020-02-24,0,0,0,0,0
0,0,0,2020-02-23 21:00:00,2020-02-23,0,0,0,0,0
0,0,0,2020-02-22 21:00:00,2020-02-22,0,0,0,0,0
0,0,0,2020-02-21 21:00:00,2020-02-21,0,0,0,0,0
0,0,0,2020-02-20 21:00:00,2020-02-20,0,0,0,0,0
0,0,0,2020-02-19 21:00:00,2020-02-19,0,0,0,0,0
0,0,0,2020-02-18 21:00:00,2020-02-18,0,0,0,0,0
0,0,0,2020-02-17 21:00:00,2020-02-17,0,0,0,0,0
0,0,0,2020-02-16 21:00:00,2020-02-16,0,0,0,0,0
0,0,0,2020-02-15 21:00:00,2020-02-15,0,0,0,0,0
0,0,0,2020-02-14 21:00:00,2020-02-14,0,0,0,0,0
0,0,0,2020-02-13 21:00:00,2020-02-13,0,0,0,0,0
0,0,0,2020-02-12 21:00:00,2020-02-12,0,0,0,0,0
0,0,0,2020-02-11 20:30:00,2020-02-11,0,0,0,0,0
0,0,0,2020-02-10 21:00:00,2020-02-10,0,0,0,0,0
0,0,0,2020-02-09 21:00:00,2020-02-09,0,0,0,0,0
0,0,0,2020-02-08 21:00:00,2020-02-08,0,0,0,0,0
0,0,0,2020-02-07 21:00:00,2020-02-07,0,0,0,0,0
0,0,0,2020-02-06 21:00:00,2020-02-06,0,0,0,0,0
0,0,0,2020-02-05 21:00:00,2020-02-05,0,0,0,0,0
0,0,0,2020-02-04 20:00:00,2020-02-04,0,0,0,0,0
0,0,0,2020-02-03 20:00:00,2020-02-03,0,0,0,0,0
0,0,0,2020-02-02 20:00:00,2020-02-02,0,0,0,0,0
0,0,0,2020-02-01 10:00:00,2020-02-01,0,0,0,0,0
0,0,0,2020-01-31 12:30:00,2020-01-31,0,0,0,0,0
0,0,0,2020-01-30 12:00:00,2020-01-30,0,0,0,0,0
0,0,0,2020-01-29 14:00:00,2020-01-29,0,0,0,0,0
0,0,0,2020-01-28 11:30:00,2020-01-28,0,0,0,0,0
0,0,0,2020-01-27 14:00:00,2020-01-27,0,0,0,0,0
0,0,0,2020-01-26 13:00:00,2020-01-26,0,0,0,0,0
0,0,0,2020-01-25 15:00:00,2020-01-25,0,0,0,0,0
0,0,0,2020-01-24 15:00:00,2020-01-24,0,0,0,0,0
0,0,0,2020-01-23 15:00:00,2020-01-23,0,0,0,0,0
0,0,0,2020-01-22 15:00:00,2020-01-22,0,0,0,0,0
0,0,0,2020-01-21 15:00:00,2020-01-21,0,0,0,0,0
