Confirmed,Recovered,Deaths,Date_last_updated_AEDT,date_day,New,DayElapsed,New_death,DayElapsed_death,New_recover
6060,4839,61,2020-08-06 22:00:00,2020-08-06,208,124,2,135,194
5852,4645,59,2020-08-05 22:00:00,2020-08-05,128,123,4,134,396
5724,4249,55,2020-08-04 22:00:00,2020-08-04,80,122,3,133,283
5644,3966,52,2020-08-03 22:00:00,2020-08-03,159,121,0,132,180
5485,3786,52,2020-08-02 22:00:00,2020-08-02,147,120,3,131,238
5338,3548,49,2020-08-01 22:00:00,2020-08-01,131,119,2,130,298
5207,3250,47,2020-07-31 22:00:00,2020-07-31,341,118,1,129,81
4866,3169,46,2020-07-30 22:00:00,2020-07-30,192,117,1,128,130
4674,3039,45,2020-07-29 22:00:00,2020-07-29,126,116,2,127,134
4548,2905,43,2020-07-28 22:00:00,2020-07-28,104,115,2,126,111
4444,2794,41,2020-07-27 22:00:00,2020-07-27,116,114,1,125,115
4328,2679,40,2020-07-26 22:00:00,2020-07-26,104,113,2,124,83
4224,2596,38,2020-07-25 22:00:00,2020-07-25,111,112,2,123,109
4113,2487,36,2020-07-24 22:00:00,2020-07-24,113,111,0,122,96
4000,2391,36,2020-07-23 22:00:00,2020-07-23,183,110,1,121,84
3817,2307,35,2020-07-22 22:00:00,2020-07-22,69,109,2,120,136
3748,2171,33,2020-07-21 22:00:00,2020-07-21,27,108,2,119,253
3721,1918,31,2020-07-20 22:00:00,2020-07-20,92,107,2,118,275
3629,1643,29,2020-07-19 22:00:00,2020-07-19,172,106,1,117,162
3457,1481,28,2020-07-18 22:00:00,2020-07-18,115,105,1,116,102
3342,1379,27,2020-07-17 22:00:00,2020-07-17,144,104,2,115,41
3198,1338,25,2020-07-16 22:00:00,2020-07-16,124,103,0,114,30
3074,1308,25,2020-07-15 22:00:00,2020-07-15,94,102,0,113,15
2980,1293,25,2020-07-14 22:00:00,2020-07-14,32,101,3,112,18
2948,1275,22,2020-07-13 22:00:00,2020-07-13,128,100,1,111,14
2820,1261,21,2020-07-12 22:00:00,2020-07-12,84,99,1,110,5
2736,1256,20,2020-07-11 22:00:00,2020-07-11,98,98,0,109,27
2638,1229,20,2020-07-10 22:00:00,2020-07-10,84,97,0,108,17
2554,1212,20,2020-07-09 22:00:00,2020-07-09,52,96,0,107,19
2502,1193,20,2020-07-08 22:00:00,2020-07-08,46,95,0,106,13
2456,1180,20,2020-07-07 22:00:00,2020-07-07,29,94,0,105,14
2427,1166,20,2020-07-06 22:00:00,2020-07-06,42,93,0,104,32
2385,1134,20,2020-07-05 22:00:00,2020-07-05,36,92,1,103,21
2349,1113,19,2020-07-04 22:00:00,2020-07-04,46,91,0,102,5
2303,1108,19,2020-07-03 22:00:00,2020-07-03,43,90,0,101,6
2260,1102,19,2020-07-02 22:00:00,2020-07-02,39,89,2,100,13
2221,1089,17,2020-07-01 22:00:00,2020-07-01,30,88,1,99,9
2191,1080,16,2020-06-30 22:00:00,2020-06-30,64,87,1,98,15
2127,1065,15,2020-06-29 22:00:00,2020-06-29,185,86,0,97,20
1942,1045,15,2020-06-28 22:00:00,2020-06-28,231,85,2,96,32
1711,1013,13,2020-06-27 22:00:00,2020-06-27,142,84,0,95,37
1569,976,13,2020-06-26 22:00:00,2020-06-26,41,83,0,94,32
1528,944,13,2020-06-25 22:00:00,2020-06-25,106,82,0,93,18
1422,926,13,2020-06-24 22:00:00,2020-06-24,30,81,0,92,23
1392,903,13,2020-06-23 22:00:00,2020-06-23,13,80,0,91,32
1379,871,13,2020-06-22 22:00:00,2020-06-22,17,79,0,90,80
1362,791,13,2020-06-21 22:00:00,2020-06-21,26,78,0,89,50
1336,741,13,2020-06-20 22:00:00,2020-06-20,6,77,0,88,24
1330,717,13,2020-06-19 22:00:00,2020-06-19,22,76,0,87,6
1308,711,13,2020-06-18 22:00:00,2020-06-18,5,75,0,86,12
1303,699,13,2020-06-17 22:00:00,2020-06-17,7,74,1,85,26
1296,673,12,2020-06-16 22:00:00,2020-06-16,7,73,1,84,23
1289,650,11,2020-06-15 22:00:00,2020-06-15,28,72,0,83,3
1261,647,11,2020-06-14 22:00:00,2020-06-14,7,71,0,82,14
1254,633,11,2020-06-13 22:00:00,2020-06-13,24,70,0,81,9
1230,624,11,2020-06-12 22:00:00,2020-06-12,28,69,0,80,5
1202,619,11,2020-06-11 22:00:00,2020-06-11,15,68,0,79,15
1187,604,11,2020-06-10 22:00:00,2020-06-10,42,67,0,78,1
1145,603,11,2020-06-09 22:00:00,2020-06-09,10,66,0,77,28
1135,575,11,2020-06-08 22:00:00,2020-06-08,45,65,0,76,43
1090,532,11,2020-06-07 22:00:00,2020-06-07,3,64,0,75,16
1087,516,11,2020-06-06 22:00:00,2020-06-06,1,63,0,74,5
1086,511,11,2020-06-05 22:00:00,2020-06-05,16,62,0,73,0
1070,511,11,2020-06-04 22:00:00,2020-06-04,57,61,0,72,13
1013,498,11,2020-06-03 22:00:00,2020-06-03,18,60,0,71,10
995,488,11,2020-06-02 22:00:00,2020-06-02,9,59,0,70,11
986,477,11,2020-06-01 22:00:00,2020-06-01,22,58,0,69,11
964,466,11,2020-05-31 22:00:00,2020-05-31,47,57,0,68,53
917,413,11,2020-05-30 22:00:00,2020-05-30,17,56,0,67,11
900,402,11,2020-05-29 22:00:00,2020-05-29,16,55,0,66,10
884,392,11,2020-05-28 22:00:00,2020-05-28,7,54,0,65,10
877,382,11,2020-05-27 22:00:00,2020-05-27,12,53,0,64,38
865,344,11,2020-05-26 22:00:00,2020-05-26,3,52,0,63,37
862,307,11,2020-05-25 22:00:00,2020-05-25,12,51,0,62,9
850,298,11,2020-05-24 22:00:00,2020-05-24,12,50,0,61,34
838,264,11,2020-05-23 22:00:00,2020-05-23,2,49,0,60,8
836,256,11,2020-05-22 22:00:00,2020-05-22,3,48,0,59,14
833,242,11,2020-05-21 22:00:00,2020-05-21,4,47,0,58,12
829,230,11,2020-05-20 22:00:00,2020-05-20,41,46,0,57,11
788,219,11,2020-05-19 22:00:00,2020-05-19,2,45,0,56,17
786,202,11,2020-05-18 22:00:00,2020-05-18,8,44,0,55,4
778,198,11,2020-05-17 22:00:00,2020-05-17,19,43,0,54,5
759,193,11,2020-05-16 22:00:00,2020-05-16,5,42,0,53,9
754,184,11,2020-05-15 22:00:00,2020-05-15,14,41,0,52,2
740,182,11,2020-05-14 22:00:00,2020-05-14,3,40,1,51,9
737,173,10,2020-05-13 22:00:00,2020-05-13,13,39,0,50,3
724,170,10,2020-05-12 22:00:00,2020-05-12,11,38,0,49,5
713,165,10,2020-05-11 22:00:00,2020-05-11,24,37,0,48,10
689,155,10,2020-05-10 22:00:00,2020-05-10,126,36,0,47,3
563,152,10,2020-05-09 22:00:00,2020-05-09,101,35,0,46,4
462,148,10,2020-05-08 22:00:00,2020-05-08,22,34,0,45,6
440,142,10,2020-05-07 22:00:00,2020-05-07,9,33,0,44,7
431,135,10,2020-05-06 22:00:00,2020-05-06,16,32,0,43,5
415,130,10,2020-05-05 22:00:00,2020-05-05,19,31,0,42,4
396,126,10,2020-05-04 22:00:00,2020-05-04,26,30,0,41,7
370,119,10,2020-05-03 22:00:00,2020-05-03,37,29,0,40,4
333,115,10,2020-05-02 22:00:00,2020-05-02,67,28,0,39,2
266,113,10,2020-05-01 22:00:00,2020-05-01,17,27,1,38,2
249,111,9,2020-04-30 22:00:00,2020-04-30,10,26,0,37,9
239,102,9,2020-04-29 22:00:00,2020-04-29,9,25,0,36,7
230,95,9,2020-04-28 22:00:00,2020-04-28,2,24,0,35,10
228,85,9,2020-04-27 22:00:00,2020-04-27,0,23,0,34,0
228,85,9,2020-04-26 22:00:00,2020-04-26,5,22,0,33,7
223,78,9,2020-04-25 22:00:00,2020-04-25,3,21,0,32,8
220,70,9,2020-04-24 22:00:00,2020-04-24,7,20,0,31,8
213,62,9,2020-04-23 22:00:00,2020-04-23,0,19,0,30,0
213,62,9,2020-04-22 22:00:00,2020-04-22,5,18,1,29,9
208,53,8,2020-04-21 22:00:00,2020-04-21,0,17,0,28,7
208,46,8,2020-04-20 22:00:00,2020-04-20,2,16,0,27,5
206,41,8,2020-04-19 22:00:00,2020-04-19,4,15,0,26,6
202,35,8,2020-04-18 22:00:00,2020-04-18,3,14,0,25,5
199,30,8,2020-04-17 22:00:00,2020-04-17,25,13,0,24,0
174,30,8,2020-04-16 22:00:00,2020-04-16,13,12,0,23,7
161,23,8,2020-04-15 22:00:00,2020-04-15,2,11,1,22,1
159,22,7,2020-04-14 22:00:00,2020-04-14,12,10,1,21,0
147,22,6,2020-04-13 22:00:00,2020-04-13,13,9,0,20,0
134,22,6,2020-04-12 22:00:00,2020-04-12,1,8,0,19,4
133,18,6,2020-04-11 22:00:00,2020-04-11,4,7,0,18,0
129,18,6,2020-04-10 22:00:00,2020-04-10,5,6,1,17,0
124,18,5,2020-04-09 22:00:00,2020-04-09,5,5,0,16,3
119,15,5,2020-04-08 22:00:00,2020-04-08,4,4,0,15,0
115,15,5,2020-04-07 22:00:00,2020-04-07,2,3,0,14,3
113,12,5,2020-04-06 22:00:00,2020-04-06,9,2,2,13,0
104,12,3,2020-04-05 22:00:00,2020-04-05,8,1,0,12,0
96,12,3,2020-04-04 21:00:00,2020-04-04,4,0,0,11,8
92,4,3,2020-04-03 21:00:00,2020-04-03,15,0,0,10,2
77,2,3,2020-04-02 21:00:00,2020-04-02,8,0,0,9,1
69,1,3,2020-04-01 21:00:00,2020-04-01,4,0,0,8,0
65,1,3,2020-03-31 21:00:00,2020-03-31,1,0,0,7,0
64,1,3,2020-03-30 21:00:00,2020-03-30,8,0,0,6,0
56,1,3,2020-03-29 21:00:00,2020-03-29,0,0,0,5,0
56,1,3,2020-03-28 21:00:00,2020-03-28,4,0,0,4,0
52,1,3,2020-03-27 21:10:00,2020-03-27,11,0,0,3,1
41,0,3,2020-03-26 22:20:00,2020-03-26,4,0,0,2,0
37,0,3,2020-03-25 23:20:00,2020-03-25,10,0,1,1,0
27,0,2,2020-03-24 21:20:00,2020-03-24,5,0,1,0,0
22,0,1,2020-03-23 21:40:00,2020-03-23,0,0,0,0,0
22,0,1,2020-03-22 21:00:00,2020-03-22,4,0,0,0,0
18,0,1,2020-03-21 21:00:00,2020-03-21,5,0,1,0,0
13,0,0,2020-03-20 21:20:00,2020-03-20,2,0,0,0,0
11,0,0,2020-03-19 21:30:00,2020-03-19,0,0,0,0,0
11,0,0,2020-03-18 22:00:00,2020-03-18,2,0,0,0,0
9,0,0,2020-03-17 21:00:00,2020-03-17,1,0,0,0,0
8,0,0,2020-03-16 21:00:00,2020-03-16,1,0,0,0,0
7,0,0,2020-03-15 21:00:00,2020-03-15,1,0,0,0,0
6,0,0,2020-03-14 21:00:00,2020-03-14,0,0,0,0,0
6,0,0,2020-03-13 21:00:00,2020-03-13,1,0,0,0,0
5,0,0,2020-03-12 21:00:00,2020-03-12,0,0,0,0,0
5,0,0,2020-03-11 21:00:00,2020-03-11,4,0,0,0,0
1,0,0,2020-03-10 21:00:00,2020-03-10,0,0,0,0,0
1,0,0,2020-03-09 21:00:00,2020-03-09,0,0,0,0,0
1,0,0,2020-03-08 21:00:00,2020-03-08,1,0,0,0,0
0,0,0,2020-03-07 21:00:00,2020-03-07,0,0,0,0,0
0,0,0,2020-03-06 21:00:00,2020-03-06,0,0,0,0,0
0,0,0,2020-03-05 21:00:00,2020-03-05,0,0,0,0,0
0,0,0,2020-03-04 21:00:00,2020-03-04,0,0,0,0,0
0,0,0,2020-03-03 21:00:00,2020-03-03,0,0,0,0,0
0,0,0,2020-03-02 21:00:00,2020-03-02,0,0,0,0,0
0,0,0,2020-03-01 21:00:00,2020-03-01,0,0,0,0,0
0,0,0,2020-02-29 21:00:00,2020-02-29,0,0,0,0,0
0,0,0,2020-02-28 21:00:00,2020-02-28,0,0,0,0,0
0,0,0,2020-02-27 21:00:00,2020-02-27,0,0,0,0,0
0,0,0,2020-02-26 21:00:00,2020-02-26,0,0,0,0,0
0,0,0,2020-02-25 21:00:00,2020-02-25,0,0,0,0,0
0,0,0,2020-02-24 21:00:00,2020-02-24,0,0,0,0,0
0,0,0,2020-02-23 21:00:00,2020-02-23,0,0,0,0,0
0,0,0,2020-02-22 21:00:00,2020-02-22,0,0,0,0,0
0,0,0,2020-02-21 21:00:00,2020-02-21,0,0,0,0,0
0,0,0,2020-02-20 21:00:00,2020-02-20,0,0,0,0,0
0,0,0,2020-02-19 21:00:00,2020-02-19,0,0,0,0,0
0,0,0,2020-02-18 21:00:00,2020-02-18,0,0,0,0,0
0,0,0,2020-02-17 21:00:00,2020-02-17,0,0,0,0,0
0,0,0,2020-02-16 21:00:00,2020-02-16,0,0,0,0,0
0,0,0,2020-02-15 21:00:00,2020-02-15,0,0,0,0,0
0,0,0,2020-02-14 21:00:00,2020-02-14,0,0,0,0,0
0,0,0,2020-02-13 21:00:00,2020-02-13,0,0,0,0,0
0,0,0,2020-02-12 21:00:00,2020-02-12,0,0,0,0,0
0,0,0,2020-02-11 20:30:00,2020-02-11,0,0,0,0,0
0,0,0,2020-02-10 21:00:00,2020-02-10,0,0,0,0,0
0,0,0,2020-02-09 21:00:00,2020-02-09,0,0,0,0,0
0,0,0,2020-02-08 21:00:00,2020-02-08,0,0,0,0,0
0,0,0,2020-02-07 21:00:00,2020-02-07,0,0,0,0,0
0,0,0,2020-02-06 21:00:00,2020-02-06,0,0,0,0,0
0,0,0,2020-02-05 21:00:00,2020-02-05,0,0,0,0,0
0,0,0,2020-02-04 20:00:00,2020-02-04,0,0,0,0,0
0,0,0,2020-02-03 20:00:00,2020-02-03,0,0,0,0,0
0,0,0,2020-02-02 20:00:00,2020-02-02,0,0,0,0,0
0,0,0,2020-02-01 10:00:00,2020-02-01,0,0,0,0,0
0,0,0,2020-01-31 12:30:00,2020-01-31,0,0,0,0,0
0,0,0,2020-01-30 12:00:00,2020-01-30,0,0,0,0,0
0,0,0,2020-01-29 14:00:00,2020-01-29,0,0,0,0,0
0,0,0,2020-01-28 11:30:00,2020-01-28,0,0,0,0,0
0,0,0,2020-01-27 14:00:00,2020-01-27,0,0,0,0,0
0,0,0,2020-01-26 13:00:00,2020-01-26,0,0,0,0,0
0,0,0,2020-01-25 15:00:00,2020-01-25,0,0,0,0,0
0,0,0,2020-01-24 15:00:00,2020-01-24,0,0,0,0,0
0,0,0,2020-01-23 15:00:00,2020-01-23,0,0,0,0,0
0,0,0,2020-01-22 15:00:00,2020-01-22,0,0,0,0,0
0,0,0,2020-01-21 15:00:00,2020-01-21,0,0,0,0,0
