Confirmed,Recovered,Deaths,Date_last_updated_AEDT,date_day,New,DayElapsed,New_death,DayElapsed_death,New_recover
19651,850,246,2020-08-06 22:00:00,2020-08-06,327,131,9,132,0
19324,850,237,2020-08-05 22:00:00,2020-08-05,533,130,7,131,0
18791,850,230,2020-08-04 22:00:00,2020-08-04,380,129,0,130,0
18411,850,230,2020-08-03 22:00:00,2020-08-03,539,128,5,129,0
17872,850,225,2020-08-02 22:00:00,2020-08-02,1091,127,6,128,0
16781,850,219,2020-08-01 22:00:00,2020-08-01,209,126,5,127,0
16572,850,214,2020-07-31 22:00:00,2020-07-31,511,125,3,126,0
16061,850,211,2020-07-30 22:00:00,2020-07-30,221,124,2,125,0
15840,850,209,2020-07-29 22:00:00,2020-07-29,409,123,8,124,0
15431,850,201,2020-07-28 22:00:00,2020-07-28,288,122,0,123,0
15143,850,201,2020-07-27 22:00:00,2020-07-27,603,121,0,122,0
14540,850,201,2020-07-26 22:00:00,2020-07-26,573,120,10,121,0
13967,850,191,2020-07-25 22:00:00,2020-07-25,494,119,3,120,0
13473,850,188,2020-07-24 22:00:00,2020-07-24,435,118,3,119,0
13038,850,185,2020-07-23 22:00:00,2020-07-23,98,117,5,118,0
12940,850,180,2020-07-22 22:00:00,2020-07-22,479,116,0,117,0
12461,850,180,2020-07-21 22:00:00,2020-07-21,398,115,2,116,0
12063,850,178,2020-07-20 22:00:00,2020-07-20,610,114,0,115,0
11453,850,178,2020-07-19 22:00:00,2020-07-19,333,113,1,114,0
11120,850,177,2020-07-18 22:00:00,2020-07-18,546,112,5,113,0
10574,850,172,2020-07-17 22:00:00,2020-07-17,195,111,1,112,0
10379,850,171,2020-07-16 22:00:00,2020-07-16,256,110,2,111,0
10123,850,169,2020-07-15 22:00:00,2020-07-15,113,109,2,110,0
10010,850,167,2020-07-14 22:00:00,2020-07-14,356,108,0,109,0
9654,850,167,2020-07-13 22:00:00,2020-07-13,288,107,0,108,0
9366,850,167,2020-07-12 22:00:00,2020-07-12,229,106,8,107,0
9137,850,159,2020-07-11 22:00:00,2020-07-11,275,105,0,106,0
8862,850,159,2020-07-10 22:00:00,2020-07-10,117,104,0,105,0
8745,850,159,2020-07-09 22:00:00,2020-07-09,31,103,2,104,0
8714,850,157,2020-07-08 22:00:00,2020-07-08,129,102,2,103,0
8585,850,155,2020-07-07 22:00:00,2020-07-07,669,101,0,102,0
7916,850,155,2020-07-06 22:00:00,2020-07-06,129,100,0,101,0
7787,850,155,2020-07-05 22:00:00,2020-07-05,104,99,1,100,0
7683,850,154,2020-07-04 22:00:00,2020-07-04,75,98,1,99,0
7608,850,153,2020-07-03 22:00:00,2020-07-03,71,97,0,98,0
7537,850,153,2020-07-02 22:00:00,2020-07-02,72,96,0,97,0
7465,850,153,2020-07-01 22:00:00,2020-07-01,215,95,0,96,0
7250,850,153,2020-06-30 22:00:00,2020-06-30,61,94,0,95,0
7189,850,153,2020-06-29 22:00:00,2020-06-29,123,93,1,94,0
7066,850,152,2020-06-28 22:00:00,2020-06-28,144,92,1,93,0
6922,850,151,2020-06-27 22:00:00,2020-06-27,45,91,0,92,0
6877,850,151,2020-06-26 22:00:00,2020-06-26,57,90,2,91,0
6820,850,149,2020-06-25 22:00:00,2020-06-25,135,89,0,90,0
6685,850,149,2020-06-24 22:00:00,2020-06-24,121,88,0,89,0
6564,850,149,2020-06-23 22:00:00,2020-06-23,39,87,0,88,0
6525,850,149,2020-06-22 22:00:00,2020-06-22,62,86,2,87,0
6463,850,147,2020-06-21 22:00:00,2020-06-21,268,85,0,86,0
6195,850,147,2020-06-20 22:00:00,2020-06-20,84,84,0,85,0
6111,850,147,2020-06-19 22:00:00,2020-06-19,108,83,0,84,0
6003,850,147,2020-06-18 22:00:00,2020-06-18,52,82,0,83,0
5951,850,147,2020-06-17 22:00:00,2020-06-17,61,81,0,82,0
5890,850,147,2020-06-16 22:00:00,2020-06-16,79,80,0,81,0
5811,850,147,2020-06-15 22:00:00,2020-06-15,121,79,1,80,0
5690,850,146,2020-06-14 22:00:00,2020-06-14,154,78,0,79,0
5536,850,146,2020-06-13 22:00:00,2020-06-13,184,77,2,78,0
5352,850,144,2020-06-12 22:00:00,2020-06-12,23,76,1,77,0
5329,850,143,2020-06-11 22:00:00,2020-06-11,144,75,1,76,0
5185,850,142,2020-06-10 22:00:00,2020-06-10,139,74,0,75,0
5046,850,142,2020-06-09 22:00:00,2020-06-09,61,73,0,74,0
4985,850,142,2020-06-08 22:00:00,2020-06-08,70,72,0,73,0
4915,850,142,2020-06-07 22:00:00,2020-06-07,295,71,1,72,0
4620,850,141,2020-06-06 22:00:00,2020-06-06,112,70,1,71,0
4508,850,140,2020-06-05 22:00:00,2020-06-05,485,69,0,70,0
4023,850,140,2020-06-04 22:00:00,2020-06-04,88,68,2,69,0
3935,850,138,2020-06-03 22:00:00,2020-06-03,62,67,2,68,0
3873,850,136,2020-06-02 22:00:00,2020-06-02,97,66,0,67,0
3776,850,136,2020-06-01 22:00:00,2020-06-01,58,65,3,66,0
3718,850,133,2020-05-31 22:00:00,2020-05-31,71,64,1,65,0
3647,850,132,2020-05-30 22:00:00,2020-05-30,161,63,1,64,0
3486,850,131,2020-05-29 22:00:00,2020-05-29,89,62,2,63,0
3397,850,129,2020-05-28 22:00:00,2020-05-28,73,61,0,62,0
3324,850,129,2020-05-27 22:00:00,2020-05-27,64,60,0,61,0
3260,850,129,2020-05-26 22:00:00,2020-05-26,71,59,2,60,0
3189,850,127,2020-05-25 22:00:00,2020-05-25,89,58,0,59,0
3100,850,127,2020-05-24 22:00:00,2020-05-24,70,57,1,58,0
3030,850,126,2020-05-23 22:00:00,2020-05-23,117,56,0,57,0
2913,850,126,2020-05-22 22:00:00,2020-05-22,47,55,1,56,0
2866,850,125,2020-05-21 22:00:00,2020-05-21,61,54,1,55,0
2805,850,124,2020-05-20 22:00:00,2020-05-20,95,53,0,54,0
2710,850,124,2020-05-19 22:00:00,2020-05-19,64,52,1,53,0
2646,850,123,2020-05-18 22:00:00,2020-05-18,57,51,1,52,0
2589,850,122,2020-05-17 22:00:00,2020-05-17,47,50,0,51,0
2542,850,122,2020-05-16 22:00:00,2020-05-16,115,49,5,50,0
2427,850,117,2020-05-15 22:00:00,2020-05-15,98,48,2,49,850
2329,0,115,2020-05-14 22:00:00,2020-05-14,30,47,1,48,0
2299,0,114,2020-05-13 22:00:00,2020-05-13,43,46,1,47,0
2256,0,113,2020-05-12 22:00:00,2020-05-12,58,45,2,46,0
2198,0,111,2020-05-11 22:00:00,2020-05-11,25,44,3,45,0
2173,0,108,2020-05-10 22:00:00,2020-05-10,17,43,1,44,0
2156,0,107,2020-05-09 22:00:00,2020-05-09,125,42,5,43,0
2031,0,102,2020-05-08 22:00:00,2020-05-08,63,41,3,42,0
1968,0,99,2020-05-07 22:00:00,2020-05-07,44,40,0,41,0
1924,0,99,2020-05-06 22:00:00,2020-05-06,81,39,2,40,0
1843,0,97,2020-05-05 22:00:00,2020-05-05,35,38,0,39,0
1808,0,97,2020-05-04 22:00:00,2020-05-04,51,37,2,38,0
1757,0,95,2020-05-03 22:00:00,2020-05-03,182,36,1,37,0
1575,0,94,2020-05-02 22:00:00,2020-05-02,36,35,2,36,0
1539,0,92,2020-05-01 22:00:00,2020-05-01,106,34,6,35,0
1433,0,86,2020-04-30 22:00:00,2020-04-30,33,33,0,34,0
1400,0,86,2020-04-29 22:00:00,2020-04-29,11,32,2,33,0
1389,0,84,2020-04-28 22:00:00,2020-04-28,18,31,0,32,0
1371,0,84,2020-04-27 22:00:00,2020-04-27,64,30,1,31,0
1307,0,83,2020-04-26 22:00:00,2020-04-26,31,29,6,30,0
1276,0,77,2020-04-25 22:00:00,2020-04-25,-140,28,8,29,0
1416,0,69,2020-04-24 22:00:00,2020-04-24,38,27,2,28,0
1378,0,67,2020-04-23 22:00:00,2020-04-23,463,26,3,27,0
915,0,64,2020-04-22 22:00:00,2020-04-22,-337,25,1,26,0
1252,0,63,2020-04-21 22:00:00,2020-04-21,39,24,1,25,0
1213,0,62,2020-04-20 22:00:00,2020-04-20,95,23,2,24,0
1118,0,60,2020-04-19 22:00:00,2020-04-19,50,22,2,23,0
1068,0,58,2020-04-18 22:00:00,2020-04-18,25,21,2,22,0
1043,0,56,2020-04-17 22:00:00,2020-04-17,69,20,5,21,0
974,0,51,2020-04-16 22:00:00,2020-04-16,51,19,6,20,0
923,0,45,2020-04-15 22:00:00,2020-04-15,20,18,0,19,0
903,0,45,2020-04-14 22:00:00,2020-04-14,6,17,1,18,0
897,0,44,2020-04-13 22:00:00,2020-04-13,109,16,2,17,0
788,0,42,2020-04-12 22:00:00,2020-04-12,63,15,3,16,0
725,0,39,2020-04-11 22:00:00,2020-04-11,42,14,6,15,0
683,0,33,2020-04-10 22:00:00,2020-04-10,63,13,9,14,0
620,0,24,2020-04-09 22:00:00,2020-04-09,47,12,1,13,0
573,0,23,2020-04-08 22:00:00,2020-04-08,60,11,2,12,0
513,0,21,2020-04-07 22:00:00,2020-04-07,38,10,1,11,0
475,0,20,2020-04-06 22:00:00,2020-04-06,23,9,2,10,0
452,0,18,2020-04-05 22:00:00,2020-04-05,74,8,3,9,0
378,0,15,2020-04-04 21:00:00,2020-04-04,62,7,3,8,0
316,0,12,2020-04-03 21:00:00,2020-04-03,30,6,1,7,0
286,0,11,2020-04-02 21:00:00,2020-04-02,47,5,3,6,-1
239,1,8,2020-04-01 21:00:00,2020-04-01,65,4,1,5,0
174,1,7,2020-03-31 21:00:00,2020-03-31,47,3,2,4,0
127,1,5,2020-03-30 21:00:00,2020-03-30,27,2,2,3,0
100,1,3,2020-03-29 21:00:00,2020-03-29,21,1,0,2,0
79,1,3,2020-03-28 21:00:00,2020-03-28,15,0,1,1,0
64,1,2,2020-03-27 21:10:00,2020-03-27,13,0,0,0,0
51,1,2,2020-03-26 22:20:00,2020-03-26,12,0,0,0,0
39,1,2,2020-03-25 23:20:00,2020-03-25,0,0,0,0,0
39,1,2,2020-03-24 21:20:00,2020-03-24,8,0,0,0,1
31,0,2,2020-03-23 21:40:00,2020-03-23,10,0,1,0,0
21,0,1,2020-03-22 21:00:00,2020-03-22,7,0,1,0,0
14,0,0,2020-03-21 21:00:00,2020-03-21,6,0,0,0,0
8,0,0,2020-03-20 21:20:00,2020-03-20,2,0,0,0,0
6,0,0,2020-03-19 21:30:00,2020-03-19,1,0,0,0,0
5,0,0,2020-03-18 22:00:00,2020-03-18,0,0,0,0,0
5,0,0,2020-03-17 21:00:00,2020-03-17,0,0,0,0,0
5,0,0,2020-03-16 21:00:00,2020-03-16,1,0,0,0,0
4,0,0,2020-03-15 21:00:00,2020-03-15,1,0,0,0,0
3,0,0,2020-03-14 21:00:00,2020-03-14,3,0,0,0,0
0,0,0,2020-03-13 21:00:00,2020-03-13,0,0,0,0,0
0,0,0,2020-03-12 21:00:00,2020-03-12,0,0,0,0,0
0,0,0,2020-03-11 21:00:00,2020-03-11,0,0,0,0,0
0,0,0,2020-03-10 21:00:00,2020-03-10,0,0,0,0,0
0,0,0,2020-03-09 21:00:00,2020-03-09,0,0,0,0,0
0,0,0,2020-03-08 21:00:00,2020-03-08,0,0,0,0,0
0,0,0,2020-03-07 21:00:00,2020-03-07,0,0,0,0,0
0,0,0,2020-03-06 21:00:00,2020-03-06,0,0,0,0,0
0,0,0,2020-03-05 21:00:00,2020-03-05,0,0,0,0,0
0,0,0,2020-03-04 21:00:00,2020-03-04,0,0,0,0,0
0,0,0,2020-03-03 21:00:00,2020-03-03,0,0,0,0,0
0,0,0,2020-03-02 21:00:00,2020-03-02,0,0,0,0,0
0,0,0,2020-03-01 21:00:00,2020-03-01,0,0,0,0,0
0,0,0,2020-02-29 21:00:00,2020-02-29,0,0,0,0,0
0,0,0,2020-02-28 21:00:00,2020-02-28,0,0,0,0,0
0,0,0,2020-02-27 21:00:00,2020-02-27,0,0,0,0,0
0,0,0,2020-02-26 21:00:00,2020-02-26,0,0,0,0,0
0,0,0,2020-02-25 21:00:00,2020-02-25,0,0,0,0,0
0,0,0,2020-02-24 21:00:00,2020-02-24,0,0,0,0,0
0,0,0,2020-02-23 21:00:00,2020-02-23,0,0,0,0,0
0,0,0,2020-02-22 21:00:00,2020-02-22,0,0,0,0,0
0,0,0,2020-02-21 21:00:00,2020-02-21,0,0,0,0,0
0,0,0,2020-02-20 21:00:00,2020-02-20,0,0,0,0,0
0,0,0,2020-02-19 21:00:00,2020-02-19,0,0,0,0,0
0,0,0,2020-02-18 21:00:00,2020-02-18,0,0,0,0,0
0,0,0,2020-02-17 21:00:00,2020-02-17,0,0,0,0,0
0,0,0,2020-02-16 21:00:00,2020-02-16,0,0,0,0,0
0,0,0,2020-02-15 21:00:00,2020-02-15,0,0,0,0,0
0,0,0,2020-02-14 21:00:00,2020-02-14,0,0,0,0,0
0,0,0,2020-02-13 21:00:00,2020-02-13,0,0,0,0,0
0,0,0,2020-02-12 21:00:00,2020-02-12,0,0,0,0,0
0,0,0,2020-02-11 20:30:00,2020-02-11,0,0,0,0,0
0,0,0,2020-02-10 21:00:00,2020-02-10,0,0,0,0,0
0,0,0,2020-02-09 21:00:00,2020-02-09,0,0,0,0,0
0,0,0,2020-02-08 21:00:00,2020-02-08,0,0,0,0,0
0,0,0,2020-02-07 21:00:00,2020-02-07,0,0,0,0,0
0,0,0,2020-02-06 21:00:00,2020-02-06,0,0,0,0,0
0,0,0,2020-02-05 21:00:00,2020-02-05,0,0,0,0,0
0,0,0,2020-02-04 20:00:00,2020-02-04,0,0,0,0,0
0,0,0,2020-02-03 20:00:00,2020-02-03,0,0,0,0,0
0,0,0,2020-02-02 20:00:00,2020-02-02,0,0,0,0,0
0,0,0,2020-02-01 10:00:00,2020-02-01,0,0,0,0,0
0,0,0,2020-01-31 12:30:00,2020-01-31,0,0,0,0,0
0,0,0,2020-01-30 12:00:00,2020-01-30,0,0,0,0,0
0,0,0,2020-01-29 14:00:00,2020-01-29,0,0,0,0,0
0,0,0,2020-01-28 11:30:00,2020-01-28,0,0,0,0,0
0,0,0,2020-01-27 14:00:00,2020-01-27,0,0,0,0,0
0,0,0,2020-01-26 13:00:00,2020-01-26,0,0,0,0,0
0,0,0,2020-01-25 15:00:00,2020-01-25,0,0,0,0,0
0,0,0,2020-01-24 15:00:00,2020-01-24,0,0,0,0,0
0,0,0,2020-01-23 15:00:00,2020-01-23,0,0,0,0,0
0,0,0,2020-01-22 15:00:00,2020-01-22,0,0,0,0,0
0,0,0,2020-01-21 15:00:00,2020-01-21,0,0,0,0,0
