Confirmed,Recovered,Deaths,Date_last_updated_AEDT,date_day,New,DayElapsed,New_death,DayElapsed_death,New_recover
1088,1069,6,2020-08-06 22:00:00,2020-08-06,0,141,0,131,0
1088,1069,6,2020-08-05 22:00:00,2020-08-05,3,140,0,130,2
1085,1067,6,2020-08-04 22:00:00,2020-08-04,0,139,0,129,0
1085,1067,6,2020-08-03 22:00:00,2020-08-03,0,138,0,128,1
1085,1066,6,2020-08-02 22:00:00,2020-08-02,1,137,0,127,0
1084,1066,6,2020-08-01 22:00:00,2020-08-01,1,136,0,126,0
1083,1066,6,2020-07-31 22:00:00,2020-07-31,1,135,0,125,1
1082,1065,6,2020-07-30 22:00:00,2020-07-30,3,134,0,124,0
1079,1065,6,2020-07-29 22:00:00,2020-07-29,3,133,0,123,2
1076,1063,6,2020-07-28 22:00:00,2020-07-28,0,132,0,122,0
1076,1063,6,2020-07-27 22:00:00,2020-07-27,0,131,0,121,0
1076,1063,6,2020-07-26 22:00:00,2020-07-26,0,130,0,120,0
1076,1063,6,2020-07-25 22:00:00,2020-07-25,0,129,0,119,0
1076,1063,6,2020-07-24 22:00:00,2020-07-24,2,128,0,118,0
1074,1063,6,2020-07-23 22:00:00,2020-07-23,1,127,0,117,1
1073,1062,6,2020-07-22 22:00:00,2020-07-22,1,126,0,116,1
1072,1061,6,2020-07-21 22:00:00,2020-07-21,0,125,0,115,0
1072,1061,6,2020-07-20 22:00:00,2020-07-20,1,124,0,114,1
1071,1060,6,2020-07-19 22:00:00,2020-07-19,0,123,0,113,1
1071,1059,6,2020-07-18 22:00:00,2020-07-18,0,122,0,112,1
1071,1058,6,2020-07-17 22:00:00,2020-07-17,0,121,0,111,0
1071,1058,6,2020-07-16 22:00:00,2020-07-16,0,120,0,110,0
1071,1058,6,2020-07-15 22:00:00,2020-07-15,0,119,0,109,0
1071,1058,6,2020-07-14 22:00:00,2020-07-14,0,118,0,108,0
1071,1058,6,2020-07-13 22:00:00,2020-07-13,1,117,0,107,0
1070,1058,6,2020-07-12 22:00:00,2020-07-12,0,116,0,106,0
1070,1058,6,2020-07-11 22:00:00,2020-07-11,2,115,0,105,1
1068,1057,6,2020-07-10 22:00:00,2020-07-10,0,114,0,104,0
1068,1057,6,2020-07-09 22:00:00,2020-07-09,0,113,0,103,1
1068,1056,6,2020-07-08 22:00:00,2020-07-08,0,112,0,102,1
1068,1055,6,2020-07-07 22:00:00,2020-07-07,1,111,0,101,0
1067,1055,6,2020-07-06 22:00:00,2020-07-06,0,110,0,100,0
1067,1055,6,2020-07-05 22:00:00,2020-07-05,0,109,0,99,0
1067,1055,6,2020-07-04 22:00:00,2020-07-04,0,108,0,98,1
1067,1054,6,2020-07-03 22:00:00,2020-07-03,0,107,0,97,0
1067,1054,6,2020-07-02 22:00:00,2020-07-02,0,106,0,96,0
1067,1054,6,2020-07-01 22:00:00,2020-07-01,0,105,0,95,0
1067,1054,6,2020-06-30 22:00:00,2020-06-30,0,104,0,94,0
1067,1054,6,2020-06-29 22:00:00,2020-06-29,0,103,0,93,0
1067,1054,6,2020-06-28 22:00:00,2020-06-28,0,102,0,92,0
1067,1054,6,2020-06-27 22:00:00,2020-06-27,0,101,0,91,0
1067,1054,6,2020-06-26 22:00:00,2020-06-26,1,100,0,90,0
1066,1054,6,2020-06-25 22:00:00,2020-06-25,0,99,0,89,1
1066,1053,6,2020-06-24 22:00:00,2020-06-24,0,98,0,88,0
1066,1053,6,2020-06-23 22:00:00,2020-06-23,0,97,0,87,0
1066,1053,6,2020-06-22 22:00:00,2020-06-22,0,96,0,86,0
1066,1053,6,2020-06-21 22:00:00,2020-06-21,0,95,0,85,0
1066,1053,6,2020-06-20 22:00:00,2020-06-20,0,94,0,84,0
1066,1053,6,2020-06-19 22:00:00,2020-06-19,0,93,0,83,1
1066,1052,6,2020-06-18 22:00:00,2020-06-18,0,92,0,82,0
1066,1052,6,2020-06-17 22:00:00,2020-06-17,1,91,0,81,1
1065,1051,6,2020-06-16 22:00:00,2020-06-16,0,90,0,80,0
1065,1051,6,2020-06-15 22:00:00,2020-06-15,0,89,0,79,0
1065,1051,6,2020-06-14 22:00:00,2020-06-14,0,88,0,78,0
1065,1051,6,2020-06-13 22:00:00,2020-06-13,1,87,0,77,0
1064,1051,6,2020-06-12 22:00:00,2020-06-12,1,86,0,76,0
1063,1051,6,2020-06-11 22:00:00,2020-06-11,1,85,0,75,0
1062,1051,6,2020-06-10 22:00:00,2020-06-10,0,84,0,74,0
1062,1051,6,2020-06-09 22:00:00,2020-06-09,0,83,0,73,1
1062,1050,6,2020-06-08 22:00:00,2020-06-08,0,82,0,72,0
1062,1050,6,2020-06-07 22:00:00,2020-06-07,1,81,0,71,1
1061,1049,6,2020-06-06 22:00:00,2020-06-06,1,80,0,70,3
1060,1046,6,2020-06-05 22:00:00,2020-06-05,0,79,0,69,0
1060,1046,6,2020-06-04 22:00:00,2020-06-04,1,78,0,68,-1
1059,1047,6,2020-06-03 22:00:00,2020-06-03,0,77,0,67,0
1059,1047,6,2020-06-02 22:00:00,2020-06-02,1,76,-1,66,1
1058,1046,7,2020-06-01 22:00:00,2020-06-01,0,75,0,65,0
1058,1046,7,2020-05-31 22:00:00,2020-05-31,0,74,0,64,1
1058,1045,7,2020-05-30 22:00:00,2020-05-30,0,73,0,63,0
1058,1045,7,2020-05-29 22:00:00,2020-05-29,0,72,0,62,1
1058,1044,7,2020-05-28 22:00:00,2020-05-28,0,71,0,61,5
1058,1039,7,2020-05-27 22:00:00,2020-05-27,1,70,1,60,0
1057,1039,6,2020-05-26 22:00:00,2020-05-26,1,69,0,59,1
1056,1038,6,2020-05-25 22:00:00,2020-05-25,-5,68,0,58,-3
1061,1041,6,2020-05-24 22:00:00,2020-05-24,1,67,0,57,0
1060,1041,6,2020-05-23 22:00:00,2020-05-23,2,66,0,56,1
1058,1040,6,2020-05-22 22:00:00,2020-05-22,0,65,0,55,0
1058,1040,6,2020-05-21 22:00:00,2020-05-21,0,64,0,54,0
1058,1040,6,2020-05-20 22:00:00,2020-05-20,1,63,0,53,1
1057,1039,6,2020-05-19 22:00:00,2020-05-19,0,62,0,52,1
1057,1038,6,2020-05-18 22:00:00,2020-05-18,2,61,0,51,1
1055,1037,6,2020-05-17 22:00:00,2020-05-17,0,60,0,50,1
1055,1036,6,2020-05-16 22:00:00,2020-05-16,1,59,0,49,5
1054,1031,6,2020-05-15 22:00:00,2020-05-15,2,58,0,48,1
1052,1030,6,2020-05-14 22:00:00,2020-05-14,0,57,0,47,3
1052,1027,6,2020-05-13 22:00:00,2020-05-13,1,56,0,46,0
1051,1027,6,2020-05-12 22:00:00,2020-05-12,6,55,0,45,6
1045,1021,6,2020-05-11 22:00:00,2020-05-11,0,54,0,44,2
1045,1019,6,2020-05-10 22:00:00,2020-05-10,0,53,0,43,0
1045,1019,6,2020-05-09 22:00:00,2020-05-09,0,52,0,42,25
1045,994,6,2020-05-08 22:00:00,2020-05-08,0,51,0,41,5
1045,989,6,2020-05-07 22:00:00,2020-05-07,2,50,0,40,4
1043,985,6,2020-05-06 22:00:00,2020-05-06,0,49,0,39,5
1043,980,6,2020-05-05 22:00:00,2020-05-05,5,48,0,38,0
1038,980,6,2020-05-04 22:00:00,2020-05-04,3,47,0,37,4
1035,976,6,2020-05-03 22:00:00,2020-05-03,1,46,0,36,11
1034,965,6,2020-05-02 22:00:00,2020-05-02,1,45,0,35,17
1033,948,6,2020-05-01 22:00:00,2020-05-01,0,44,0,34,5
1033,943,6,2020-04-30 22:00:00,2020-04-30,-1,43,0,33,9
1034,934,6,2020-04-29 22:00:00,2020-04-29,1,42,0,32,0
1033,934,6,2020-04-28 22:00:00,2020-04-28,0,41,0,31,8
1033,926,6,2020-04-27 22:00:00,2020-04-27,3,40,0,30,0
1030,926,6,2020-04-26 22:00:00,2020-04-26,4,39,0,29,123
1026,803,6,2020-04-25 22:00:00,2020-04-25,0,38,0,28,65
1026,738,6,2020-04-24 22:00:00,2020-04-24,0,37,0,27,0
1026,738,6,2020-04-23 22:00:00,2020-04-23,2,36,0,26,0
1024,738,6,2020-04-22 22:00:00,2020-04-22,0,35,0,25,0
1024,738,6,2020-04-21 22:00:00,2020-04-21,5,34,0,24,0
1019,738,6,2020-04-20 22:00:00,2020-04-20,0,33,0,23,0
1019,738,6,2020-04-19 22:00:00,2020-04-19,5,32,0,22,0
1014,738,6,2020-04-18 22:00:00,2020-04-18,7,31,1,21,296
1007,442,5,2020-04-17 22:00:00,2020-04-17,6,30,0,20,0
1001,442,5,2020-04-16 22:00:00,2020-04-16,2,29,0,19,0
999,442,5,2020-04-15 22:00:00,2020-04-15,1,28,0,18,0
998,442,5,2020-04-14 22:00:00,2020-04-14,11,27,0,17,0
987,442,5,2020-04-13 22:00:00,2020-04-13,4,26,0,16,74
983,368,5,2020-04-12 22:00:00,2020-04-12,9,25,0,15,0
974,368,5,2020-04-11 22:00:00,2020-04-11,9,24,0,14,0
965,368,5,2020-04-10 22:00:00,2020-04-10,12,23,0,13,0
953,368,5,2020-04-09 22:00:00,2020-04-09,10,22,0,12,195
943,173,5,2020-04-08 22:00:00,2020-04-08,9,21,0,11,0
934,173,5,2020-04-07 22:00:00,2020-04-07,13,20,0,10,164
921,9,5,2020-04-06 21:00:00,2020-04-06,14,19,0,9,0
907,9,5,2020-04-05 22:00:00,2020-04-05,7,18,1,8,0
900,9,4,2020-04-04 21:00:00,2020-04-04,27,17,0,7,0
873,9,4,2020-04-03 21:00:00,2020-04-03,38,16,0,6,0
835,9,4,2020-04-02 21:00:00,2020-04-02,54,15,1,5,0
781,9,3,2020-04-01 21:00:00,2020-04-01,38,14,0,4,0
743,9,3,2020-03-31 21:00:00,2020-03-31,54,13,0,3,0
689,9,3,2020-03-30 21:00:00,2020-03-30,33,12,0,2,0
656,9,3,2020-03-29 21:00:00,2020-03-29,31,11,1,1,0
625,9,2,2020-03-28 21:00:00,2020-03-28,70,10,0,0,0
555,9,2,2020-03-27 21:10:00,2020-03-27,62,9,0,0,0
493,9,2,2020-03-26 22:20:00,2020-03-26,50,8,1,0,0
443,9,1,2020-03-25 23:20:00,2020-03-25,46,7,0,0,0
397,9,1,2020-03-24 21:20:00,2020-03-24,78,6,0,0,0
319,9,1,2020-03-23 21:40:00,2020-03-23,60,5,0,0,0
259,9,1,2020-03-22 21:00:00,2020-03-22,38,4,0,0,0
221,9,1,2020-03-21 21:00:00,2020-03-21,37,3,0,0,0
184,9,1,2020-03-20 21:20:00,2020-03-20,40,2,0,0,0
144,9,1,2020-03-19 21:30:00,2020-03-19,50,1,0,0,1
94,8,1,2020-03-18 22:00:00,2020-03-18,16,0,0,0,0
78,8,1,2020-03-17 21:00:00,2020-03-17,10,0,0,0,0
68,8,1,2020-03-16 21:00:00,2020-03-16,6,0,0,0,0
62,8,1,2020-03-15 21:00:00,2020-03-15,16,0,1,0,0
46,8,0,2020-03-14 21:00:00,2020-03-14,11,0,0,0,0
35,8,0,2020-03-13 21:00:00,2020-03-13,8,0,0,0,0
27,8,0,2020-03-12 21:00:00,2020-03-12,7,0,0,0,0
20,8,0,2020-03-11 21:00:00,2020-03-11,2,0,0,0,0
18,8,0,2020-03-10 21:00:00,2020-03-10,3,0,0,0,0
15,8,0,2020-03-09 21:00:00,2020-03-09,0,0,0,0,0
15,8,0,2020-03-08 21:00:00,2020-03-08,1,0,0,0,0
14,8,0,2020-03-07 21:00:00,2020-03-07,1,0,0,0,0
13,8,0,2020-03-06 21:00:00,2020-03-06,0,0,0,0,0
13,8,0,2020-03-05 21:00:00,2020-03-05,2,0,0,0,0
11,8,0,2020-03-04 21:00:00,2020-03-04,1,0,0,0,0
10,8,0,2020-03-03 21:00:00,2020-03-03,1,0,0,0,3
9,5,0,2020-03-02 21:00:00,2020-03-02,0,0,0,0,0
9,5,0,2020-03-01 21:00:00,2020-03-01,0,0,0,0,0
9,5,0,2020-02-29 21:00:00,2020-02-29,1,0,0,0,0
8,5,0,2020-02-28 21:00:00,2020-02-28,0,0,0,0,0
8,5,0,2020-02-27 21:00:00,2020-02-27,0,0,0,0,0
8,5,0,2020-02-26 21:00:00,2020-02-26,0,0,0,0,0
8,5,0,2020-02-25 21:00:00,2020-02-25,0,0,0,0,5
8,0,0,2020-02-24 21:00:00,2020-02-24,0,0,0,0,0
8,0,0,2020-02-23 21:00:00,2020-02-23,1,0,0,0,0
7,0,0,2020-02-22 21:00:00,2020-02-22,2,0,0,0,0
5,0,0,2020-02-21 21:00:00,2020-02-21,0,0,0,0,0
5,0,0,2020-02-20 21:00:00,2020-02-20,0,0,0,0,0
5,0,0,2020-02-19 21:00:00,2020-02-19,0,0,0,0,0
5,0,0,2020-02-18 21:00:00,2020-02-18,0,0,0,0,0
5,0,0,2020-02-17 21:00:00,2020-02-17,0,0,0,0,0
5,0,0,2020-02-16 21:00:00,2020-02-16,0,0,0,0,0
5,0,0,2020-02-15 21:00:00,2020-02-15,0,0,0,0,0
5,0,0,2020-02-14 21:00:00,2020-02-14,0,0,0,0,0
5,0,0,2020-02-13 21:00:00,2020-02-13,0,0,0,0,0
5,0,0,2020-02-12 21:00:00,2020-02-12,0,0,0,0,0
5,0,0,2020-02-11 20:30:00,2020-02-11,0,0,0,0,0
5,0,0,2020-02-10 21:00:00,2020-02-10,0,0,0,0,0
5,0,0,2020-02-09 21:00:00,2020-02-09,0,0,0,0,0
5,0,0,2020-02-08 21:00:00,2020-02-08,0,0,0,0,0
5,0,0,2020-02-07 21:00:00,2020-02-07,1,0,0,0,0
4,0,0,2020-02-06 21:00:00,2020-02-06,1,0,0,0,0
3,0,0,2020-02-05 21:00:00,2020-02-05,1,0,0,0,0
2,0,0,2020-02-04 20:00:00,2020-02-04,0,0,0,0,0
2,0,0,2020-02-03 20:00:00,2020-02-03,0,0,0,0,0
2,0,0,2020-02-02 20:00:00,2020-02-02,-1,0,0,0,0
3,0,0,2020-02-01 10:00:00,2020-02-01,1,0,0,0,0
2,0,0,2020-01-31 12:30:00,2020-01-31,1,0,0,0,0
1,0,0,2020-01-30 12:00:00,2020-01-30,1,0,0,0,0
0,0,0,2020-01-29 14:00:00,2020-01-29,0,0,0,0,0
0,0,0,2020-01-28 11:30:00,2020-01-28,0,0,0,0,0
0,0,0,2020-01-27 14:00:00,2020-01-27,0,0,0,0,0
0,0,0,2020-01-26 13:00:00,2020-01-26,0,0,0,0,0
0,0,0,2020-01-25 15:00:00,2020-01-25,0,0,0,0,0
0,0,0,2020-01-24 15:00:00,2020-01-24,0,0,0,0,0
0,0,0,2020-01-23 15:00:00,2020-01-23,0,0,0,0,0
0,0,0,2020-01-22 15:00:00,2020-01-22,0,0,0,0,0
0,0,0,2020-01-21 15:00:00,2020-01-21,0,0,0,0,0
