Confirmed,Recovered,Deaths,Date_last_updated_AEDT,date_day,New,DayElapsed,New_death,DayElapsed_death,New_recover
871894,676357,14606,2020-08-06 22:00:00,2020-08-06,5267,142,116,134,7331
866627,669026,14490,2020-08-05 22:00:00,2020-08-05,5204,141,139,133,7555
861423,661471,14351,2020-08-04 22:00:00,2020-08-04,5159,140,144,132,7878
856264,653593,14207,2020-08-03 22:00:00,2020-08-03,5394,139,79,131,3420
850870,650173,14128,2020-08-02 22:00:00,2020-08-02,5427,138,70,130,3649
845443,646524,14058,2020-08-01 22:00:00,2020-08-01,5462,137,95,129,8114
839981,638410,13963,2020-07-31 22:00:00,2020-07-31,5482,136,161,128,8755
834499,629655,13802,2020-07-30 22:00:00,2020-07-30,5509,135,129,127,9322
828990,620333,13673,2020-07-29 22:00:00,2020-07-29,5475,134,169,126,8116
823515,612217,13504,2020-07-28 22:00:00,2020-07-28,5395,133,150,125,8888
818120,603329,13354,2020-07-27 22:00:00,2020-07-27,5635,132,85,124,3079
812485,600250,13269,2020-07-26 22:00:00,2020-07-26,5765,131,77,123,3110
806720,597140,13192,2020-07-25 22:00:00,2020-07-25,5871,130,146,122,8366
800849,588774,13046,2020-07-24 22:00:00,2020-07-24,5811,129,154,121,8444
795038,580330,12892,2020-07-23 22:00:00,2020-07-23,5848,128,147,120,8277
789190,572053,12745,2020-07-22 22:00:00,2020-07-22,5862,127,165,119,9669
783328,562384,12580,2020-07-21 22:00:00,2020-07-21,5842,126,153,118,8782
777486,553602,12427,2020-07-20 22:00:00,2020-07-20,5940,125,85,117,3258
771546,550344,12342,2020-07-19 22:00:00,2020-07-19,6109,124,95,116,3481
765437,546863,12247,2020-07-18 22:00:00,2020-07-18,6234,123,124,115,7490
759203,539373,12123,2020-07-17 22:00:00,2020-07-17,6406,122,186,114,7681
752797,531692,11937,2020-07-16 22:00:00,2020-07-16,6428,121,167,113,8443
746369,523249,11770,2020-07-15 22:00:00,2020-07-15,6422,120,156,112,10424
739947,512825,11614,2020-07-14 22:00:00,2020-07-14,6248,119,175,111,8804
733699,504021,11439,2020-07-13 22:00:00,2020-07-13,6537,118,104,110,2960
727162,501061,11335,2020-07-12 22:00:00,2020-07-12,6615,117,130,109,3615
720547,497446,11205,2020-07-11 22:00:00,2020-07-11,6611,116,188,108,8378
713936,489068,11017,2020-07-10 22:00:00,2020-07-10,6635,115,174,107,7752
707301,481316,10843,2020-07-09 22:00:00,2020-07-09,6509,114,176,106,8805
700792,472511,10667,2020-07-08 22:00:00,2020-07-08,6562,113,173,105,8631
694230,463880,10494,2020-07-07 22:00:00,2020-07-07,6368,112,198,104,9551
687862,454329,10296,2020-07-06 22:00:00,2020-07-06,6611,111,135,103,3579
681251,450750,10161,2020-07-05 22:00:00,2020-07-05,6736,110,134,102,3871
674515,446879,10027,2020-07-04 22:00:00,2020-07-04,6632,109,168,101,8986
667883,437893,9859,2020-07-03 22:00:00,2020-07-03,6718,108,176,100,8915
661165,428978,9683,2020-07-02 22:00:00,2020-07-02,6760,107,147,99,6047
654405,422931,9536,2020-07-01 22:00:00,2020-07-01,6556,106,216,98,10281
647849,412650,9320,2020-06-30 22:00:00,2020-06-30,6693,105,154,97,9220
641156,403430,9166,2020-06-29 22:00:00,2020-06-29,6719,104,93,96,4343
634437,399087,9073,2020-06-28 22:00:00,2020-06-28,6791,103,104,95,5735
627646,393352,8969,2020-06-27 22:00:00,2020-06-27,6852,102,188,94,9200
620794,384152,8781,2020-06-26 22:00:00,2020-06-26,6800,101,176,93,8988
613994,375164,8605,2020-06-25 22:00:00,2020-06-25,7113,100,92,92,6342
606881,368822,8513,2020-06-24 22:00:00,2020-06-24,7176,99,154,91,12393
599705,356429,8359,2020-06-23 22:00:00,2020-06-23,7425,98,153,90,12013
592280,344416,8206,2020-06-22 22:00:00,2020-06-22,7600,97,95,89,4705
584680,339711,8111,2020-06-21 22:00:00,2020-06-21,7728,96,109,88,5119
576952,334592,8002,2020-06-20 22:00:00,2020-06-20,7889,95,161,87,10186
569063,324406,7841,2020-06-19 22:00:00,2020-06-19,7972,94,181,86,10443
561091,313963,7660,2020-06-18 22:00:00,2020-06-18,7790,93,182,85,9621
553301,304342,7478,2020-06-17 22:00:00,2020-06-17,7843,92,194,84,10036
545458,294306,7284,2020-06-16 22:00:00,2020-06-16,8248,91,193,83,9767
537210,284539,7091,2020-06-15 22:00:00,2020-06-15,8246,90,143,82,4489
528964,280050,6948,2020-06-14 22:00:00,2020-06-14,8835,89,119,81,5409
520129,274641,6829,2020-06-13 22:00:00,2020-06-13,8706,88,114,80,5271
511423,269370,6715,2020-06-12 22:00:00,2020-06-12,8987,87,183,79,8220
502436,261150,6532,2020-06-11 22:00:00,2020-06-11,8779,86,174,78,8367
493657,252783,6358,2020-06-10 22:00:00,2020-06-10,8404,85,216,77,10386
485253,242397,6142,2020-06-09 22:00:00,2020-06-09,8595,84,171,76,11709
476658,230688,5971,2020-06-08 22:00:00,2020-06-08,8985,83,112,75,3957
467673,226731,5859,2020-06-07 22:00:00,2020-06-07,8984,82,134,74,5343
458689,221388,5725,2020-06-06 22:00:00,2020-06-06,8855,81,197,73,8708
449834,212680,5528,2020-06-05 22:00:00,2020-06-05,8726,80,144,72,8057
441108,204623,5384,2020-06-04 22:00:00,2020-06-04,8831,79,169,71,8666
432277,195957,5215,2020-06-03 22:00:00,2020-06-03,8536,78,178,70,8972
423741,186985,5037,2020-06-02 22:00:00,2020-06-02,8863,77,182,69,11108
414878,175877,4855,2020-06-01 22:00:00,2020-06-01,9035,76,162,68,3994
405843,171883,4693,2020-05-31 22:00:00,2020-05-31,9268,75,138,67,4414
396575,167469,4555,2020-05-30 22:00:00,2020-05-30,8952,74,181,66,8212
387623,159257,4374,2020-05-29 22:00:00,2020-05-29,8572,73,232,65,8264
379051,150993,4142,2020-05-28 22:00:00,2020-05-28,8371,72,174,64,8785
370680,142208,3968,2020-05-27 22:00:00,2020-05-27,8338,71,161,63,11079
362342,131129,3807,2020-05-26 22:00:00,2020-05-26,8915,70,174,62,12331
353427,118798,3633,2020-05-25 22:00:00,2020-05-25,8946,69,92,61,5499
344481,113299,3541,2020-05-24 22:00:00,2020-05-24,8599,68,153,60,5363
335882,107936,3388,2020-05-23 22:00:00,2020-05-23,9434,67,139,59,8111
326448,99825,3249,2020-05-22 22:00:00,2020-05-22,8894,66,150,58,7144
317554,92681,3099,2020-05-21 22:00:00,2020-05-21,8849,65,127,57,7289
308705,85392,2972,2020-05-20 22:00:00,2020-05-20,8764,64,135,56,9262
299941,76130,2837,2020-05-19 22:00:00,2020-05-19,9263,63,115,55,5921
290678,70209,2722,2020-05-18 22:00:00,2020-05-18,8926,62,91,54,2836
281752,67373,2631,2020-05-17 22:00:00,2020-05-17,9709,61,94,53,4207
272043,63166,2537,2020-05-16 22:00:00,2020-05-16,9200,60,119,52,4940
262843,58226,2418,2020-05-15 22:00:00,2020-05-15,10598,59,113,51,4696
252245,53530,2305,2020-05-14 22:00:00,2020-05-14,9974,58,93,50,5527
242271,48003,2212,2020-05-13 22:00:00,2020-05-13,10028,57,96,49,4491
232243,43512,2116,2020-05-12 22:00:00,2020-05-12,10899,56,107,48,3711
221344,39801,2009,2020-05-11 22:00:00,2020-05-11,11656,55,94,47,5495
209688,34306,1915,2020-05-10 22:00:00,2020-05-10,11012,54,88,46,2390
198676,31916,1827,2020-05-09 22:00:00,2020-05-09,10817,53,104,45,5308
187859,26608,1723,2020-05-08 22:00:00,2020-05-08,10699,52,98,44,2805
177160,23803,1625,2020-05-07 22:00:00,2020-05-07,11231,51,88,43,2476
165929,21327,1537,2020-05-06 22:00:00,2020-05-06,10559,50,86,42,1462
155370,19865,1451,2020-05-05 22:00:00,2020-05-05,10102,49,95,41,1770
145268,18095,1356,2020-05-04 22:00:00,2020-05-04,10581,48,76,40,1456
134687,16639,1280,2020-05-03 22:00:00,2020-05-03,10633,47,58,39,1626
124054,15013,1222,2020-05-02 22:00:00,2020-05-02,9623,46,53,38,1793
114431,13220,1169,2020-05-01 22:00:00,2020-05-01,7933,45,96,37,1601
106498,11619,1073,2020-04-30 22:00:00,2020-04-30,7099,44,101,36,1333
99399,10286,972,2020-04-29 22:00:00,2020-04-29,5841,43,105,35,1830
93558,8456,867,2020-04-28 22:00:00,2020-04-28,6411,42,73,34,1110
87147,7346,794,2020-04-27 22:00:00,2020-04-27,6198,41,47,33,579
80949,6767,747,2020-04-26 22:00:00,2020-04-26,6361,40,66,32,517
74588,6250,681,2020-04-25 22:00:00,2020-04-25,5966,39,66,31,682
68622,5568,615,2020-04-24 22:00:00,2020-04-24,5849,38,60,30,677
62773,4891,555,2020-04-23 22:00:00,2020-04-23,4774,37,42,29,471
57999,4420,513,2020-04-22 22:00:00,2020-04-22,5236,36,57,28,547
52763,3873,456,2020-04-21 22:00:00,2020-04-21,5642,35,51,27,427
47121,3446,405,2020-04-20 22:00:00,2020-04-20,4268,34,44,26,155
42853,3291,361,2020-04-19 22:00:00,2020-04-19,6060,33,48,25,234
36793,3057,313,2020-04-18 22:00:00,2020-04-18,4785,32,40,24,467
32008,2590,273,2020-04-17 22:00:00,2020-04-17,4070,31,41,23,286
27938,2304,232,2020-04-16 22:00:00,2020-04-16,3448,30,34,22,318
24490,1986,198,2020-04-15 22:00:00,2020-04-15,3388,29,28,21,292
21102,1694,170,2020-04-14 22:00:00,2020-04-14,2774,28,22,20,224
18328,1470,148,2020-04-13 22:00:00,2020-04-13,2558,27,18,19,179
15770,1291,130,2020-04-12 22:00:00,2020-04-12,2186,26,24,18,246
13584,1045,106,2020-04-11 22:00:00,2020-04-11,1667,25,12,17,250
11917,795,94,2020-04-10 22:00:00,2020-04-10,1786,24,18,16,97
10131,698,76,2020-04-09 22:00:00,2020-04-09,1459,23,13,15,118
8672,580,63,2020-04-08 22:00:00,2020-04-08,1175,22,5,14,86
7497,494,58,2020-04-07 22:00:00,2020-04-07,1154,21,11,13,88
6343,406,47,2020-04-06 22:00:00,2020-04-06,954,20,2,12,51
5389,355,45,2020-04-05 22:00:00,2020-04-05,658,19,2,11,22
4731,333,43,2020-04-04 21:00:00,2020-04-04,582,18,9,10,52
4149,281,34,2020-04-03 21:00:00,2020-04-03,601,17,4,9,46
3548,235,30,2020-04-02 21:00:00,2020-04-02,771,16,6,8,45
2777,190,24,2020-04-01 21:00:00,2020-04-01,440,15,7,7,69
2337,121,17,2020-03-31 21:00:00,2020-03-31,501,14,8,6,55
1836,66,9,2020-03-30 21:00:00,2020-03-30,302,13,1,5,2
1534,64,8,2020-03-29 21:00:00,2020-03-29,270,12,4,4,15
1264,49,4,2020-03-28 21:00:00,2020-03-28,228,11,1,3,4
1036,45,3,2020-03-27 21:10:00,2020-03-27,196,10,0,2,7
840,38,3,2020-03-26 22:20:00,2020-03-26,182,9,2,1,9
658,29,1,2020-03-25 23:20:00,2020-03-25,214,8,0,0,9
444,20,1,2020-03-24 21:20:00,2020-03-24,6,7,0,0,3
438,17,1,2020-03-23 21:40:00,2020-03-23,132,6,0,0,1
306,16,1,2020-03-22 21:00:00,2020-03-22,53,5,0,0,4
253,12,1,2020-03-21 21:00:00,2020-03-21,54,4,0,0,3
199,9,1,2020-03-20 21:20:00,2020-03-20,52,3,0,0,1
147,8,1,2020-03-19 21:30:00,2020-03-19,0,2,1,0,0
147,8,0,2020-03-18 22:00:00,2020-03-18,54,1,0,0,0
93,8,0,2020-03-17 21:00:00,2020-03-17,30,0,0,0,0
63,8,0,2020-03-16 21:00:00,2020-03-16,4,0,0,0,0
59,8,0,2020-03-15 21:00:00,2020-03-15,14,0,0,0,0
45,8,0,2020-03-14 21:00:00,2020-03-14,11,0,0,0,5
34,3,0,2020-03-13 21:00:00,2020-03-13,6,0,0,0,0
28,3,0,2020-03-12 21:00:00,2020-03-12,8,0,0,0,0
20,3,0,2020-03-11 21:00:00,2020-03-11,0,0,0,0,0
20,3,0,2020-03-10 21:00:00,2020-03-10,3,0,0,0,0
17,3,0,2020-03-09 21:00:00,2020-03-09,2,0,0,0,0
15,3,0,2020-03-08 21:00:00,2020-03-08,2,0,0,0,1
13,2,0,2020-03-07 21:00:00,2020-03-07,9,0,0,0,0
4,2,0,2020-03-06 21:00:00,2020-03-06,0,0,0,0,0
4,2,0,2020-03-05 21:00:00,2020-03-05,1,0,0,0,0
3,2,0,2020-03-04 21:00:00,2020-03-04,0,0,0,0,0
3,2,0,2020-03-03 21:00:00,2020-03-03,1,0,0,0,0
2,2,0,2020-03-02 21:00:00,2020-03-02,0,0,0,0,0
2,2,0,2020-03-01 21:00:00,2020-03-01,0,0,0,0,0
2,2,0,2020-02-29 21:00:00,2020-02-29,0,0,0,0,0
2,2,0,2020-02-28 21:00:00,2020-02-28,0,0,0,0,0
2,2,0,2020-02-27 21:00:00,2020-02-27,0,0,0,0,0
2,2,0,2020-02-26 21:00:00,2020-02-26,0,0,0,0,0
2,2,0,2020-02-25 21:00:00,2020-02-25,0,0,0,0,0
2,2,0,2020-02-24 21:00:00,2020-02-24,0,0,0,0,0
2,2,0,2020-02-23 21:00:00,2020-02-23,0,0,0,0,0
2,2,0,2020-02-22 21:00:00,2020-02-22,0,0,0,0,0
2,2,0,2020-02-21 21:00:00,2020-02-21,0,0,0,0,0
2,2,0,2020-02-20 21:00:00,2020-02-20,0,0,0,0,0
2,2,0,2020-02-19 21:00:00,2020-02-19,0,0,0,0,0
2,2,0,2020-02-18 21:00:00,2020-02-18,0,0,0,0,0
2,2,0,2020-02-17 21:00:00,2020-02-17,0,0,0,0,0
2,2,0,2020-02-16 21:00:00,2020-02-16,0,0,0,0,0
2,2,0,2020-02-15 21:00:00,2020-02-15,0,0,0,0,0
2,2,0,2020-02-14 21:00:00,2020-02-14,0,0,0,0,0
2,2,0,2020-02-13 21:00:00,2020-02-13,0,0,0,0,2
2,0,0,2020-02-12 21:00:00,2020-02-12,0,0,0,0,0
2,0,0,2020-02-11 20:30:00,2020-02-11,0,0,0,0,0
2,0,0,2020-02-10 21:00:00,2020-02-10,0,0,0,0,0
2,0,0,2020-02-09 21:00:00,2020-02-09,0,0,0,0,0
2,0,0,2020-02-08 21:00:00,2020-02-08,0,0,0,0,0
2,0,0,2020-02-07 21:00:00,2020-02-07,0,0,0,0,0
2,0,0,2020-02-06 21:00:00,2020-02-06,0,0,0,0,0
2,0,0,2020-02-05 21:00:00,2020-02-05,0,0,0,0,0
2,0,0,2020-02-04 20:00:00,2020-02-04,0,0,0,0,0
2,0,0,2020-02-03 20:00:00,2020-02-03,0,0,0,0,0
2,0,0,2020-02-02 20:00:00,2020-02-02,0,0,0,0,0
2,0,0,2020-02-01 10:00:00,2020-02-01,2,0,0,0,0
0,0,0,2020-01-31 12:30:00,2020-01-31,0,0,0,0,0
0,0,0,2020-01-30 12:00:00,2020-01-30,0,0,0,0,0
0,0,0,2020-01-29 14:00:00,2020-01-29,0,0,0,0,0
0,0,0,2020-01-28 11:30:00,2020-01-28,0,0,0,0,0
0,0,0,2020-01-27 14:00:00,2020-01-27,0,0,0,0,0
0,0,0,2020-01-26 13:00:00,2020-01-26,0,0,0,0,0
0,0,0,2020-01-25 15:00:00,2020-01-25,0,0,0,0,0
0,0,0,2020-01-24 15:00:00,2020-01-24,0,0,0,0,0
0,0,0,2020-01-23 15:00:00,2020-01-23,0,0,0,0,0
0,0,0,2020-01-22 15:00:00,2020-01-22,0,0,0,0,0
0,0,0,2020-01-21 15:00:00,2020-01-21,0,0,0,0,0
