Confirmed,Recovered,Deaths,Date_last_updated_AEDT,date_day,New,DayElapsed,New_death,DayElapsed_death,New_recover
699,657,42,2020-08-06 22:00:00,2020-08-06,0,145,0,148,0
699,657,42,2020-08-05 22:00:00,2020-08-05,0,144,0,147,0
699,657,42,2020-08-04 22:00:00,2020-08-04,0,143,0,146,0
699,657,42,2020-08-03 22:00:00,2020-08-03,0,142,0,145,0
699,657,42,2020-08-02 22:00:00,2020-08-02,0,141,0,144,0
699,657,42,2020-08-01 22:00:00,2020-08-01,0,140,0,143,0
699,657,42,2020-07-31 22:00:00,2020-07-31,0,139,0,142,0
699,657,42,2020-07-30 22:00:00,2020-07-30,0,138,0,141,0
699,657,42,2020-07-29 22:00:00,2020-07-29,0,137,0,140,0
699,657,42,2020-07-28 22:00:00,2020-07-28,0,136,0,139,0
699,657,42,2020-07-27 22:00:00,2020-07-27,0,135,0,138,0
699,657,42,2020-07-26 22:00:00,2020-07-26,0,134,0,137,0
699,657,42,2020-07-25 22:00:00,2020-07-25,0,133,0,136,1
699,656,42,2020-07-24 22:00:00,2020-07-24,0,132,0,135,0
699,656,42,2020-07-23 22:00:00,2020-07-23,0,131,0,134,0
699,656,42,2020-07-22 22:00:00,2020-07-22,0,130,0,133,0
699,656,42,2020-07-21 22:00:00,2020-07-21,0,129,0,132,0
699,656,42,2020-07-20 22:00:00,2020-07-20,0,128,0,131,0
699,656,42,2020-07-19 22:00:00,2020-07-19,0,127,0,130,0
699,656,42,2020-07-18 22:00:00,2020-07-18,0,126,0,129,0
699,656,42,2020-07-17 22:00:00,2020-07-17,0,125,0,128,0
699,656,42,2020-07-16 22:00:00,2020-07-16,0,124,0,127,0
699,656,42,2020-07-15 22:00:00,2020-07-15,0,123,0,126,0
699,656,42,2020-07-14 22:00:00,2020-07-14,0,122,0,125,0
699,656,42,2020-07-13 22:00:00,2020-07-13,0,121,0,124,0
699,656,42,2020-07-12 22:00:00,2020-07-12,0,120,0,123,0
699,656,42,2020-07-11 22:00:00,2020-07-11,0,119,0,122,0
699,656,42,2020-07-10 22:00:00,2020-07-10,1,118,0,121,0
698,656,42,2020-07-09 22:00:00,2020-07-09,0,117,0,120,0
698,656,42,2020-07-08 22:00:00,2020-07-08,0,116,0,119,0
698,656,42,2020-07-07 22:00:00,2020-07-07,0,115,0,118,0
698,656,42,2020-07-06 22:00:00,2020-07-06,0,114,0,117,0
698,656,42,2020-07-05 22:00:00,2020-07-05,0,113,0,116,0
698,656,42,2020-07-04 22:00:00,2020-07-04,0,112,0,115,0
698,656,42,2020-07-03 22:00:00,2020-07-03,0,111,0,114,0
698,656,42,2020-07-02 22:00:00,2020-07-02,0,110,0,113,0
698,656,42,2020-07-01 22:00:00,2020-07-01,0,109,0,112,0
698,656,42,2020-06-30 22:00:00,2020-06-30,0,108,0,111,0
698,656,42,2020-06-29 22:00:00,2020-06-29,0,107,0,110,0
698,656,42,2020-06-28 22:00:00,2020-06-28,0,106,0,109,0
698,656,42,2020-06-27 22:00:00,2020-06-27,0,105,0,108,0
698,656,42,2020-06-26 22:00:00,2020-06-26,0,104,0,107,3
698,653,42,2020-06-25 22:00:00,2020-06-25,0,103,0,106,6
698,647,42,2020-06-24 22:00:00,2020-06-24,0,102,0,105,15
698,632,42,2020-06-23 22:00:00,2020-06-23,1,101,0,104,5
697,627,42,2020-06-22 22:00:00,2020-06-22,1,100,0,103,17
696,610,42,2020-06-21 22:00:00,2020-06-21,0,99,0,102,0
696,610,42,2020-06-20 22:00:00,2020-06-20,0,98,0,101,0
696,610,42,2020-06-19 22:00:00,2020-06-19,0,97,0,100,19
696,591,42,2020-06-18 22:00:00,2020-06-18,0,96,0,99,0
696,591,42,2020-06-17 22:00:00,2020-06-17,2,95,0,98,1
694,590,42,2020-06-16 22:00:00,2020-06-16,0,94,0,97,70
694,520,42,2020-06-15 22:00:00,2020-06-15,0,93,0,96,0
694,520,42,2020-06-14 22:00:00,2020-06-14,0,92,0,95,0
694,520,42,2020-06-13 22:00:00,2020-06-13,3,91,0,94,24
691,496,42,2020-06-12 22:00:00,2020-06-12,0,90,0,93,0
691,496,42,2020-06-11 22:00:00,2020-06-11,0,89,0,92,0
691,496,42,2020-06-10 22:00:00,2020-06-10,3,88,0,91,13
688,483,42,2020-06-09 22:00:00,2020-06-09,1,87,0,90,5
687,478,42,2020-06-08 22:00:00,2020-06-08,7,86,0,89,50
680,428,42,2020-06-07 22:00:00,2020-06-07,0,85,0,88,0
680,428,42,2020-06-06 22:00:00,2020-06-06,2,84,0,87,20
678,408,42,2020-06-05 22:00:00,2020-06-05,4,83,0,86,17
674,391,42,2020-06-04 22:00:00,2020-06-04,2,82,0,85,7
672,384,42,2020-06-03 22:00:00,2020-06-03,0,81,0,84,0
672,384,42,2020-06-02 22:00:00,2020-06-02,1,80,0,83,25
671,359,42,2020-06-01 22:00:00,2020-06-01,0,79,0,82,2
671,357,42,2020-05-31 22:00:00,2020-05-31,0,78,0,81,0
671,357,42,2020-05-30 22:00:00,2020-05-30,1,77,0,80,35
670,322,42,2020-05-29 22:00:00,2020-05-29,0,76,0,79,0
670,322,42,2020-05-28 22:00:00,2020-05-28,3,75,0,78,28
667,294,42,2020-05-27 22:00:00,2020-05-27,1,74,0,77,19
666,275,42,2020-05-26 22:00:00,2020-05-26,1,73,0,76,9
665,266,42,2020-05-25 22:00:00,2020-05-25,0,72,0,75,0
665,266,42,2020-05-24 22:00:00,2020-05-24,0,71,0,74,0
665,266,42,2020-05-23 22:00:00,2020-05-23,7,70,1,73,31
658,235,41,2020-05-22 22:00:00,2020-05-22,2,69,0,72,15
656,220,41,2020-05-21 22:00:00,2020-05-21,1,68,0,71,9
655,211,41,2020-05-20 22:00:00,2020-05-20,0,67,0,70,0
655,211,41,2020-05-19 22:00:00,2020-05-19,1,66,0,69,10
654,201,41,2020-05-18 22:00:00,2020-05-18,1,65,0,68,3
653,198,41,2020-05-17 22:00:00,2020-05-17,0,64,0,67,0
653,198,41,2020-05-16 22:00:00,2020-05-16,5,63,0,66,26
648,172,41,2020-05-15 22:00:00,2020-05-15,5,62,0,65,11
643,161,41,2020-05-14 22:00:00,2020-05-14,5,61,0,64,0
638,161,41,2020-05-13 22:00:00,2020-05-13,10,60,0,63,31
628,130,41,2020-05-12 22:00:00,2020-05-12,0,59,0,62,0
628,130,41,2020-05-11 22:00:00,2020-05-11,-9,58,0,61,4
637,126,41,2020-05-10 22:00:00,2020-05-10,0,57,0,60,0
637,126,41,2020-05-09 22:00:00,2020-05-09,15,56,0,59,20
622,106,41,2020-05-08 22:00:00,2020-05-08,14,55,0,58,9
608,97,41,2020-05-07 22:00:00,2020-05-07,19,54,0,57,5
589,92,41,2020-05-06 22:00:00,2020-05-06,0,53,0,56,0
589,92,41,2020-05-05 22:00:00,2020-05-05,7,52,0,55,6
582,86,41,2020-05-04 22:00:00,2020-05-04,0,51,0,54,0
582,86,41,2020-05-03 22:00:00,2020-05-03,2,50,0,53,3
580,83,41,2020-05-02 22:00:00,2020-05-02,11,49,0,52,5
569,78,41,2020-05-01 22:00:00,2020-05-01,6,48,0,51,9
563,69,41,2020-04-30 22:00:00,2020-04-30,0,47,0,50,0
563,69,41,2020-04-29 22:00:00,2020-04-29,25,46,0,49,5
538,64,41,2020-04-28 22:00:00,2020-04-28,0,45,0,48,0
538,64,41,2020-04-27 22:00:00,2020-04-27,0,44,0,47,0
538,64,41,2020-04-26 22:00:00,2020-04-26,25,43,1,46,0
513,64,40,2020-04-25 22:00:00,2020-04-25,12,42,0,45,1
501,63,40,2020-04-24 22:00:00,2020-04-24,13,41,0,44,1
488,62,40,2020-04-23 22:00:00,2020-04-23,12,40,0,43,0
476,62,40,2020-04-22 22:00:00,2020-04-22,14,39,1,42,1
462,61,39,2020-04-21 22:00:00,2020-04-21,1,38,0,41,1
461,60,39,2020-04-20 22:00:00,2020-04-20,0,37,0,40,0
461,60,39,2020-04-19 22:00:00,2020-04-19,26,36,0,39,3
435,57,39,2020-04-18 22:00:00,2020-04-18,9,35,1,38,2
426,55,38,2020-04-17 22:00:00,2020-04-17,33,34,2,37,2
393,53,36,2020-04-16 22:00:00,2020-04-16,21,33,0,36,0
372,53,36,2020-04-15 22:00:00,2020-04-15,1,32,0,35,0
371,53,36,2020-04-14 22:00:00,2020-04-14,15,31,1,34,0
356,53,35,2020-04-13 22:00:00,2020-04-13,0,30,0,33,0
356,53,35,2020-04-12 22:00:00,2020-04-12,12,29,1,32,3
344,50,34,2020-04-11 22:00:00,2020-04-11,11,28,0,31,1
333,49,34,2020-04-10 22:00:00,2020-04-10,25,27,0,30,4
308,45,34,2020-04-09 22:00:00,2020-04-09,29,26,0,29,5
279,40,34,2020-04-08 22:00:00,2020-04-08,2,25,2,28,5
277,35,32,2020-04-07 22:00:00,2020-04-07,11,24,0,27,0
266,35,32,2020-04-06 22:00:00,2020-04-06,7,23,0,26,8
259,27,32,2020-04-05 22:00:00,2020-04-05,8,22,0,25,1
251,26,32,2020-04-04 21:00:00,2020-04-04,6,21,2,24,5
245,21,30,2020-04-03 21:00:00,2020-04-03,9,20,2,23,8
236,13,28,2020-04-02 21:00:00,2020-04-02,0,19,2,22,0
236,13,26,2020-04-01 21:00:00,2020-04-01,6,18,1,21,0
230,13,25,2020-03-31 21:00:00,2020-03-31,6,17,3,20,7
224,6,22,2020-03-30 21:00:00,2020-03-30,0,16,0,19,0
224,6,22,2020-03-29 21:00:00,2020-03-29,1,15,1,18,0
223,6,21,2020-03-28 21:00:00,2020-03-28,15,14,0,17,2
208,4,21,2020-03-27 21:10:00,2020-03-27,0,13,0,16,0
208,4,21,2020-03-26 22:20:00,2020-03-26,21,12,0,15,0
187,4,21,2020-03-25 23:20:00,2020-03-25,0,11,1,14,0
187,4,20,2020-03-24 21:20:00,2020-03-24,12,10,0,13,0
175,4,20,2020-03-23 21:40:00,2020-03-23,15,9,0,12,0
160,4,20,2020-03-22 21:00:00,2020-03-22,9,8,6,11,0
151,4,14,2020-03-21 21:00:00,2020-03-21,7,7,0,10,0
144,4,14,2020-03-20 21:20:00,2020-03-20,4,6,0,9,0
140,4,14,2020-03-19 21:30:00,2020-03-19,21,5,3,8,0
119,4,11,2020-03-18 22:00:00,2020-03-18,17,4,2,7,0
102,4,9,2020-03-17 21:00:00,2020-03-17,-7,3,2,6,0
109,4,7,2020-03-16 21:00:00,2020-03-16,8,2,2,5,0
101,4,5,2020-03-15 21:00:00,2020-03-15,21,1,0,4,2
80,2,5,2020-03-14 21:00:00,2020-03-14,3,0,0,3,2
77,0,5,2020-03-13 21:00:00,2020-03-13,8,0,2,2,0
69,0,3,2020-03-12 21:00:00,2020-03-12,7,0,1,1,0
62,0,2,2020-03-11 21:00:00,2020-03-11,11,0,0,0,0
51,0,2,2020-03-10 21:00:00,2020-03-10,15,0,1,0,0
36,0,1,2020-03-09 21:00:00,2020-03-09,10,0,0,0,0
26,0,1,2020-03-08 21:00:00,2020-03-08,3,0,0,0,0
23,0,1,2020-03-07 21:00:00,2020-03-07,2,0,1,0,0
21,0,0,2020-03-06 21:00:00,2020-03-06,5,0,0,0,0
16,0,0,2020-03-05 21:00:00,2020-03-05,6,0,0,0,0
10,0,0,2020-03-04 21:00:00,2020-03-04,2,0,0,0,0
8,0,0,2020-03-03 21:00:00,2020-03-03,0,0,0,0,0
8,0,0,2020-03-02 21:00:00,2020-03-02,7,0,0,0,0
1,0,0,2020-03-01 21:00:00,2020-03-01,0,0,0,0,0
1,0,0,2020-02-29 21:00:00,2020-02-29,0,0,0,0,0
1,0,0,2020-02-28 21:00:00,2020-02-28,1,0,0,0,0
0,0,0,2020-02-27 21:00:00,2020-02-27,0,0,0,0,0
0,0,0,2020-02-26 21:00:00,2020-02-26,0,0,0,0,0
0,0,0,2020-02-25 21:00:00,2020-02-25,0,0,0,0,0
0,0,0,2020-02-24 21:00:00,2020-02-24,0,0,0,0,0
0,0,0,2020-02-23 21:00:00,2020-02-23,0,0,0,0,0
0,0,0,2020-02-22 21:00:00,2020-02-22,0,0,0,0,0
0,0,0,2020-02-21 21:00:00,2020-02-21,0,0,0,0,0
0,0,0,2020-02-20 21:00:00,2020-02-20,0,0,0,0,0
0,0,0,2020-02-19 21:00:00,2020-02-19,0,0,0,0,0
0,0,0,2020-02-18 21:00:00,2020-02-18,0,0,0,0,0
0,0,0,2020-02-17 21:00:00,2020-02-17,0,0,0,0,0
0,0,0,2020-02-16 21:00:00,2020-02-16,0,0,0,0,0
0,0,0,2020-02-15 21:00:00,2020-02-15,0,0,0,0,0
0,0,0,2020-02-14 21:00:00,2020-02-14,0,0,0,0,0
0,0,0,2020-02-13 21:00:00,2020-02-13,0,0,0,0,0
0,0,0,2020-02-12 21:00:00,2020-02-12,0,0,0,0,0
0,0,0,2020-02-11 20:30:00,2020-02-11,0,0,0,0,0
0,0,0,2020-02-10 21:00:00,2020-02-10,0,0,0,0,0
0,0,0,2020-02-09 21:00:00,2020-02-09,0,0,0,0,0
0,0,0,2020-02-08 21:00:00,2020-02-08,0,0,0,0,0
0,0,0,2020-02-07 21:00:00,2020-02-07,0,0,0,0,0
0,0,0,2020-02-06 21:00:00,2020-02-06,0,0,0,0,0
0,0,0,2020-02-05 21:00:00,2020-02-05,0,0,0,0,0
0,0,0,2020-02-04 20:00:00,2020-02-04,0,0,0,0,0
0,0,0,2020-02-03 20:00:00,2020-02-03,0,0,0,0,0
0,0,0,2020-02-02 20:00:00,2020-02-02,0,0,0,0,0
0,0,0,2020-02-01 10:00:00,2020-02-01,0,0,0,0,0
0,0,0,2020-01-31 12:30:00,2020-01-31,0,0,0,0,0
0,0,0,2020-01-30 12:00:00,2020-01-30,0,0,0,0,0
0,0,0,2020-01-29 14:00:00,2020-01-29,0,0,0,0,0
0,0,0,2020-01-28 11:30:00,2020-01-28,0,0,0,0,0
0,0,0,2020-01-27 14:00:00,2020-01-27,0,0,0,0,0
0,0,0,2020-01-26 13:00:00,2020-01-26,0,0,0,0,0
0,0,0,2020-01-25 15:00:00,2020-01-25,0,0,0,0,0
0,0,0,2020-01-24 15:00:00,2020-01-24,0,0,0,0,0
0,0,0,2020-01-23 15:00:00,2020-01-23,0,0,0,0,0
0,0,0,2020-01-22 15:00:00,2020-01-22,0,0,0,0,0
0,0,0,2020-01-21 15:00:00,2020-01-21,0,0,0,0,0
