Confirmed,Recovered,Deaths,Date_last_updated_AEDT,date_day,New,DayElapsed,New_death,DayElapsed_death,New_recover
27033,14047,614,2020-08-06 22:00:00,2020-08-06,295,140,9,136,0
26738,14047,605,2020-08-05 22:00:00,2020-08-05,287,139,7,135,0
26451,14047,598,2020-08-04 22:00:00,2020-08-04,258,138,8,134,0
26193,14047,590,2020-08-03 22:00:00,2020-08-03,311,137,8,133,0
25882,14047,582,2020-08-02 22:00:00,2020-08-02,330,136,9,132,0
25552,14047,573,2020-08-01 22:00:00,2020-08-01,339,135,8,131,0
25213,14047,565,2020-07-31 22:00:00,2020-07-31,321,134,7,130,0
24892,14047,558,2020-07-30 22:00:00,2020-07-30,372,133,7,129,0
24520,14047,551,2020-07-29 22:00:00,2020-07-29,379,132,8,128,0
24141,14047,543,2020-07-28 22:00:00,2020-07-28,411,131,9,127,0
23730,14047,534,2020-07-27 22:00:00,2020-07-27,467,130,8,126,0
23263,14047,526,2020-07-26 22:00:00,2020-07-26,411,129,8,125,0
22852,14047,518,2020-07-25 22:00:00,2020-07-25,409,128,10,124,0
22443,14047,508,2020-07-24 22:00:00,2020-07-24,412,127,9,123,0
22031,14047,499,2020-07-23 22:00:00,2020-07-23,426,126,8,122,0
21605,14047,491,2020-07-22 22:00:00,2020-07-22,352,125,9,121,0
21253,14047,482,2020-07-21 22:00:00,2020-07-21,359,124,10,120,0
20894,14047,472,2020-07-20 22:00:00,2020-07-20,396,123,11,119,0
20498,14047,461,2020-07-19 22:00:00,2020-07-19,389,122,9,118,0
20109,14047,452,2020-07-18 22:00:00,2020-07-18,392,121,10,117,0
19717,14047,442,2020-07-17 22:00:00,2020-07-17,383,120,13,116,0
19334,14047,429,2020-07-16 22:00:00,2020-07-16,351,119,11,115,56
18983,13991,418,2020-07-15 22:00:00,2020-07-15,344,118,13,114,51
18639,13940,405,2020-07-14 22:00:00,2020-07-14,279,117,12,113,64
18360,13876,393,2020-07-13 22:00:00,2020-07-13,287,116,11,112,96
18073,13780,382,2020-07-12 22:00:00,2020-07-12,345,115,12,111,129
17728,13651,370,2020-07-11 22:00:00,2020-07-11,386,114,18,110,0
17342,13651,352,2020-07-10 22:00:00,2020-07-10,266,113,11,109,285
17076,13366,341,2020-07-09 22:00:00,2020-07-09,357,112,11,108,0
16719,13366,330,2020-07-08 22:00:00,2020-07-08,299,111,13,107,0
16420,13366,317,2020-07-07 22:00:00,2020-07-07,289,110,6,106,302
16131,13064,311,2020-07-06 22:00:00,2020-07-06,302,109,5,105,0
15829,13064,306,2020-07-05 22:00:00,2020-07-05,325,108,8,104,0
15504,13064,298,2020-07-04 22:00:00,2020-07-04,309,107,11,103,152
15195,12912,287,2020-07-03 22:00:00,2020-07-03,359,106,6,102,140
14836,12772,281,2020-07-02 22:00:00,2020-07-02,272,105,4,101,110
14564,12662,277,2020-07-01 22:00:00,2020-07-01,276,104,3,100,81
14288,12581,274,2020-06-30 22:00:00,2020-06-30,242,103,4,99,117
14046,12464,270,2020-06-29 22:00:00,2020-06-29,254,102,3,98,126
13792,12338,267,2020-06-28 22:00:00,2020-06-28,227,101,2,97,106
13565,12232,265,2020-06-27 22:00:00,2020-06-27,193,100,1,96,78
13372,12154,264,2020-06-26 22:00:00,2020-06-26,137,99,1,95,43
13235,12111,263,2020-06-25 22:00:00,2020-06-25,143,98,0,94,57
13092,12054,263,2020-06-24 22:00:00,2020-06-24,102,97,1,93,57
12990,11997,262,2020-06-23 22:00:00,2020-06-23,96,96,1,92,50
12894,11947,261,2020-06-22 22:00:00,2020-06-22,91,95,1,91,436
12803,11511,260,2020-06-21 22:00:00,2020-06-21,94,94,1,90,0
12709,11511,259,2020-06-20 22:00:00,2020-06-20,93,93,1,89,0
12616,11511,258,2020-06-19 22:00:00,2020-06-19,94,92,1,88,0
12522,11511,257,2020-06-18 22:00:00,2020-06-18,96,91,1,87,0
12426,11511,256,2020-06-17 22:00:00,2020-06-17,59,90,1,86,0
12367,11511,255,2020-06-16 22:00:00,2020-06-16,57,89,1,85,0
12310,11511,254,2020-06-15 22:00:00,2020-06-15,59,88,1,84,163
12251,11348,253,2020-06-14 22:00:00,2020-06-14,76,87,1,83,0
12175,11348,252,2020-06-13 22:00:00,2020-06-13,73,86,0,82,0
12102,11348,252,2020-06-12 22:00:00,2020-06-12,71,85,1,81,0
12031,11348,251,2020-06-11 22:00:00,2020-06-11,66,84,1,80,0
11965,11348,250,2020-06-10 22:00:00,2020-06-10,69,83,0,79,0
11896,11348,250,2020-06-09 22:00:00,2020-06-09,73,82,1,78,0
11823,11348,249,2020-06-08 22:00:00,2020-06-08,82,81,1,77,292
11741,11056,248,2020-06-07 22:00:00,2020-06-07,74,80,1,76,4125
11667,6931,247,2020-06-06 22:00:00,2020-06-06,96,79,1,75,21
11571,6910,246,2020-06-05 22:00:00,2020-06-05,48,78,1,74,58
11523,6852,245,2020-06-04 22:00:00,2020-06-04,69,77,0,73,86
11454,6766,245,2020-06-03 22:00:00,2020-06-03,24,76,1,72,40
11430,6726,244,2020-06-02 22:00:00,2020-06-02,18,75,1,71,28
11412,6698,243,2020-06-01 22:00:00,2020-06-01,31,74,1,70,92
11381,6606,242,2020-05-31 22:00:00,2020-05-31,27,73,0,69,82
11354,6524,242,2020-05-30 22:00:00,2020-05-30,54,72,1,68,86
11300,6438,241,2020-05-29 22:00:00,2020-05-29,25,71,1,67,161
11275,6277,240,2020-05-28 22:00:00,2020-05-28,48,70,1,66,210
11227,6067,239,2020-05-27 22:00:00,2020-05-27,34,69,0,65,147
11193,5920,239,2020-05-26 22:00:00,2020-05-26,34,68,1,64,63
11159,5857,238,2020-05-25 22:00:00,2020-05-25,67,67,0,63,158
11092,5699,238,2020-05-24 22:00:00,2020-05-24,68,66,1,62,158
11024,5541,237,2020-05-23 22:00:00,2020-05-23,105,65,0,61,171
10919,5370,237,2020-05-22 22:00:00,2020-05-22,86,64,2,60,303
10833,5067,235,2020-05-21 22:00:00,2020-05-21,100,63,1,59,163
10733,4904,234,2020-05-20 22:00:00,2020-05-20,34,62,3,58,105
10699,4799,231,2020-05-19 22:00:00,2020-05-19,89,61,1,57,86
10610,4713,230,2020-05-18 22:00:00,2020-05-18,114,60,2,56,234
10496,4479,228,2020-05-17 22:00:00,2020-05-17,58,59,3,55,178
10438,4301,225,2020-05-16 22:00:00,2020-05-16,64,58,1,54,217
10374,4084,224,2020-05-15 22:00:00,2020-05-15,79,57,2,53,260
10295,3824,222,2020-05-14 22:00:00,2020-05-14,52,56,2,52,224
10243,3600,220,2020-05-13 22:00:00,2020-05-13,67,55,2,51,310
10176,3290,218,2020-05-12 22:00:00,2020-05-12,62,54,3,50,284
10114,3006,215,2020-05-11 22:00:00,2020-05-11,82,53,2,49,274
10032,2732,213,2020-05-10 22:00:00,2020-05-10,89,52,4,48,279
9943,2453,209,2020-05-09 22:00:00,2020-05-09,95,51,3,47,293
9848,2160,206,2020-05-08 22:00:00,2020-05-08,57,50,3,46,189
9791,1971,203,2020-05-07 22:00:00,2020-05-07,114,49,3,45,248
9677,1723,200,2020-05-06 22:00:00,2020-05-06,120,48,3,44,149
9557,1574,197,2020-05-05 22:00:00,2020-05-05,93,47,4,43,23
9464,1551,193,2020-05-04 22:00:00,2020-05-04,102,46,4,42,125
9362,1426,189,2020-05-03 22:00:00,2020-05-03,157,45,4,41,47
9205,1379,185,2020-05-02 22:00:00,2020-05-02,196,44,6,40,36
9009,1343,179,2020-05-01 22:00:00,2020-05-01,285,43,6,39,51
8724,1292,173,2020-04-30 22:00:00,2020-04-30,227,42,5,38,32
8497,1260,168,2020-04-29 22:00:00,2020-04-29,222,41,6,37,51
8275,1209,162,2020-04-28 22:00:00,2020-04-28,233,40,6,36,27
8042,1182,156,2020-04-27 22:00:00,2020-04-27,263,39,5,35,30
7779,1152,151,2020-04-26 22:00:00,2020-04-26,296,38,7,34,58
7483,1094,144,2020-04-25 22:00:00,2020-04-25,207,37,5,33,31
7276,1063,139,2020-04-24 22:00:00,2020-04-24,162,36,5,32,38
7114,1025,134,2020-04-23 22:00:00,2020-04-23,224,35,4,31,48
6890,977,130,2020-04-22 22:00:00,2020-04-22,260,34,5,30,107
6630,870,125,2020-04-21 22:00:00,2020-04-21,312,33,3,29,117
6318,753,122,2020-04-20 22:00:00,2020-04-20,324,32,5,28,116
5994,637,117,2020-04-19 22:00:00,2020-04-19,304,31,7,27,103
5690,534,110,2020-04-18 22:00:00,2020-04-18,372,30,7,26,91
5318,443,103,2020-04-17 22:00:00,2020-04-17,445,29,4,25,43
4873,400,99,2020-04-16 22:00:00,2020-04-16,408,28,5,24,0
4465,400,94,2020-04-15 22:00:00,2020-04-15,411,27,9,23,0
4054,400,85,2020-04-14 22:00:00,2020-04-14,424,26,5,22,0
3630,400,80,2020-04-13 22:00:00,2020-04-13,250,25,6,21,282
3380,118,74,2020-04-12 22:00:00,2020-04-12,275,24,3,20,0
3105,118,71,2020-04-11 22:00:00,2020-04-11,238,23,5,19,0
2867,118,66,2020-04-10 22:00:00,2020-04-10,201,22,1,18,0
2666,118,65,2020-04-09 22:00:00,2020-04-09,219,21,4,17,0
2447,118,61,2020-04-08 22:00:00,2020-04-08,247,20,3,16,0
2200,118,58,2020-04-07 22:00:00,2020-04-07,292,19,7,15,64
1908,54,51,2020-04-06 22:00:00,2020-04-06,284,18,7,14,0
1624,54,44,2020-04-05 22:00:00,2020-04-05,148,17,5,13,0
1476,54,39,2020-04-04 21:00:00,2020-04-04,305,16,8,12,12
1171,42,31,2020-04-03 21:00:00,2020-04-03,111,15,3,11,0
1060,42,28,2020-04-02 21:00:00,2020-04-02,160,14,5,10,0
900,42,23,2020-04-01 21:00:00,2020-04-01,115,13,7,9,0
785,42,16,2020-03-31 21:00:00,2020-03-31,44,12,2,8,0
741,42,14,2020-03-30 21:00:00,2020-03-30,82,11,3,7,0
659,42,11,2020-03-29 21:00:00,2020-03-29,131,10,3,6,0
528,42,8,2020-03-28 21:00:00,2020-03-28,71,9,1,5,27
457,15,7,2020-03-27 21:10:00,2020-03-27,73,8,1,4,0
384,15,6,2020-03-26 22:20:00,2020-03-26,81,7,2,3,0
303,15,4,2020-03-25 23:20:00,2020-03-25,54,6,1,2,12
249,3,3,2020-03-24 21:20:00,2020-03-24,27,5,1,1,1
222,2,2,2020-03-23 21:40:00,2020-03-23,34,4,1,0,0
188,2,1,2020-03-22 21:00:00,2020-03-22,39,3,0,0,0
149,2,1,2020-03-21 21:00:00,2020-03-21,31,2,1,0,0
118,2,0,2020-03-20 21:20:00,2020-03-20,21,1,0,0,1
97,1,0,2020-03-19 21:30:00,2020-03-19,14,0,0,0,0
83,1,0,2020-03-18 22:00:00,2020-03-18,18,0,0,0,0
65,1,0,2020-03-17 21:00:00,2020-03-17,10,0,0,0,0
55,1,0,2020-03-16 21:00:00,2020-03-16,9,0,0,0,1
46,0,0,2020-03-15 21:00:00,2020-03-15,5,0,0,0,0
41,0,0,2020-03-14 21:00:00,2020-03-14,10,0,0,0,0
31,0,0,2020-03-13 21:00:00,2020-03-13,12,0,0,0,0
19,0,0,2020-03-12 21:00:00,2020-03-12,7,0,0,0,0
12,0,0,2020-03-11 21:00:00,2020-03-11,8,0,0,0,0
4,0,0,2020-03-10 21:00:00,2020-03-10,3,0,0,0,0
1,0,0,2020-03-09 21:00:00,2020-03-09,0,0,0,0,0
1,0,0,2020-03-08 21:00:00,2020-03-08,0,0,0,0,0
1,0,0,2020-03-07 21:00:00,2020-03-07,0,0,0,0,0
1,0,0,2020-03-06 21:00:00,2020-03-06,1,0,0,0,0
0,0,0,2020-03-05 21:00:00,2020-03-05,0,0,0,0,0
0,0,0,2020-03-04 21:00:00,2020-03-04,0,0,0,0,0
0,0,0,2020-03-03 21:00:00,2020-03-03,0,0,0,0,0
0,0,0,2020-03-02 21:00:00,2020-03-02,0,0,0,0,0
0,0,0,2020-03-01 21:00:00,2020-03-01,0,0,0,0,0
0,0,0,2020-02-29 21:00:00,2020-02-29,0,0,0,0,0
0,0,0,2020-02-28 21:00:00,2020-02-28,0,0,0,0,0
0,0,0,2020-02-27 21:00:00,2020-02-27,0,0,0,0,0
0,0,0,2020-02-26 21:00:00,2020-02-26,0,0,0,0,0
0,0,0,2020-02-25 21:00:00,2020-02-25,0,0,0,0,0
0,0,0,2020-02-24 21:00:00,2020-02-24,0,0,0,0,0
0,0,0,2020-02-23 21:00:00,2020-02-23,0,0,0,0,0
0,0,0,2020-02-22 21:00:00,2020-02-22,0,0,0,0,0
0,0,0,2020-02-21 21:00:00,2020-02-21,0,0,0,0,0
0,0,0,2020-02-20 21:00:00,2020-02-20,0,0,0,0,0
0,0,0,2020-02-19 21:00:00,2020-02-19,0,0,0,0,0
0,0,0,2020-02-18 21:00:00,2020-02-18,0,0,0,0,0
0,0,0,2020-02-17 21:00:00,2020-02-17,0,0,0,0,0
0,0,0,2020-02-16 21:00:00,2020-02-16,0,0,0,0,0
0,0,0,2020-02-15 21:00:00,2020-02-15,0,0,0,0,0
0,0,0,2020-02-14 21:00:00,2020-02-14,0,0,0,0,0
0,0,0,2020-02-13 21:00:00,2020-02-13,0,0,0,0,0
0,0,0,2020-02-12 21:00:00,2020-02-12,0,0,0,0,0
0,0,0,2020-02-11 20:30:00,2020-02-11,0,0,0,0,0
0,0,0,2020-02-10 21:00:00,2020-02-10,0,0,0,0,0
0,0,0,2020-02-09 21:00:00,2020-02-09,0,0,0,0,0
0,0,0,2020-02-08 21:00:00,2020-02-08,0,0,0,0,0
0,0,0,2020-02-07 21:00:00,2020-02-07,0,0,0,0,0
0,0,0,2020-02-06 21:00:00,2020-02-06,0,0,0,0,0
0,0,0,2020-02-05 21:00:00,2020-02-05,0,0,0,0,0
0,0,0,2020-02-04 20:00:00,2020-02-04,0,0,0,0,0
0,0,0,2020-02-03 20:00:00,2020-02-03,0,0,0,0,0
0,0,0,2020-02-02 20:00:00,2020-02-02,0,0,0,0,0
0,0,0,2020-02-01 10:00:00,2020-02-01,0,0,0,0,0
0,0,0,2020-01-31 12:30:00,2020-01-31,0,0,0,0,0
0,0,0,2020-01-30 12:00:00,2020-01-30,0,0,0,0,0
0,0,0,2020-01-29 14:00:00,2020-01-29,0,0,0,0,0
0,0,0,2020-01-28 11:30:00,2020-01-28,0,0,0,0,0
0,0,0,2020-01-27 14:00:00,2020-01-27,0,0,0,0,0
0,0,0,2020-01-26 13:00:00,2020-01-26,0,0,0,0,0
0,0,0,2020-01-25 15:00:00,2020-01-25,0,0,0,0,0
0,0,0,2020-01-24 15:00:00,2020-01-24,0,0,0,0,0
0,0,0,2020-01-23 15:00:00,2020-01-23,0,0,0,0,0
0,0,0,2020-01-22 15:00:00,2020-01-22,0,0,0,0,0
0,0,0,2020-01-21 15:00:00,2020-01-21,0,0,0,0,0
