Confirmed,Recovered,Deaths,Date_last_updated_AEDT,date_day,New,DayElapsed,New_death,DayElapsed_death,New_recover
456,445,4,2020-08-06 22:00:00,2020-08-06,0,138,0,120,1
456,444,4,2020-08-05 22:00:00,2020-08-05,-1,137,0,119,1
457,443,4,2020-08-04 22:00:00,2020-08-04,2,136,0,118,0
455,443,4,2020-08-03 22:00:00,2020-08-03,2,135,0,117,0
453,443,4,2020-08-02 22:00:00,2020-08-02,2,134,0,116,0
451,443,4,2020-08-01 22:00:00,2020-08-01,1,133,0,115,1
450,442,4,2020-07-31 22:00:00,2020-07-31,1,132,0,114,1
449,441,4,2020-07-30 22:00:00,2020-07-30,1,131,0,113,0
448,441,4,2020-07-29 22:00:00,2020-07-29,0,130,0,112,0
448,441,4,2020-07-28 22:00:00,2020-07-28,1,129,0,111,0
447,441,4,2020-07-27 22:00:00,2020-07-27,0,128,0,110,0
447,441,4,2020-07-26 22:00:00,2020-07-26,0,127,0,109,0
447,441,4,2020-07-25 22:00:00,2020-07-25,0,126,0,108,1
447,440,4,2020-07-24 22:00:00,2020-07-24,0,125,0,107,0
447,440,4,2020-07-23 22:00:00,2020-07-23,1,124,0,106,0
446,440,4,2020-07-22 22:00:00,2020-07-22,2,123,0,105,0
444,440,4,2020-07-21 22:00:00,2020-07-21,0,122,0,104,0
444,440,4,2020-07-20 22:00:00,2020-07-20,0,121,0,103,1
444,439,4,2020-07-19 22:00:00,2020-07-19,0,120,0,102,0
444,439,4,2020-07-18 22:00:00,2020-07-18,0,119,0,101,0
444,439,4,2020-07-17 22:00:00,2020-07-17,0,118,0,100,0
444,439,4,2020-07-16 22:00:00,2020-07-16,1,117,0,99,0
443,439,4,2020-07-15 22:00:00,2020-07-15,0,116,0,98,0
443,439,4,2020-07-14 22:00:00,2020-07-14,0,115,0,97,0
443,439,4,2020-07-13 22:00:00,2020-07-13,0,114,0,96,0
443,439,4,2020-07-12 22:00:00,2020-07-12,0,113,0,95,0
443,439,4,2020-07-11 22:00:00,2020-07-11,0,112,0,94,0
443,439,4,2020-07-10 22:00:00,2020-07-10,0,111,0,93,0
443,439,4,2020-07-09 22:00:00,2020-07-09,0,110,0,92,3
443,436,4,2020-07-08 22:00:00,2020-07-08,0,109,0,91,0
443,436,4,2020-07-07 22:00:00,2020-07-07,0,108,0,90,0
443,436,4,2020-07-06 22:00:00,2020-07-06,0,107,0,89,0
443,436,4,2020-07-05 22:00:00,2020-07-05,0,106,0,88,0
443,436,4,2020-07-04 22:00:00,2020-07-04,0,105,0,87,0
443,436,4,2020-07-03 22:00:00,2020-07-03,0,104,0,86,0
443,436,4,2020-07-02 22:00:00,2020-07-02,0,103,0,85,0
443,436,4,2020-07-01 22:00:00,2020-07-01,0,102,0,84,0
443,436,4,2020-06-30 22:00:00,2020-06-30,0,101,0,83,0
443,436,4,2020-06-29 22:00:00,2020-06-29,3,100,0,82,0
440,436,4,2020-06-28 22:00:00,2020-06-28,0,99,0,81,0
440,436,4,2020-06-27 22:00:00,2020-06-27,0,98,0,80,0
440,436,4,2020-06-26 22:00:00,2020-06-26,0,97,0,79,0
440,436,4,2020-06-25 22:00:00,2020-06-25,0,96,0,78,0
440,436,4,2020-06-24 22:00:00,2020-06-24,0,95,0,77,0
440,436,4,2020-06-23 22:00:00,2020-06-23,0,94,0,76,0
440,436,4,2020-06-22 22:00:00,2020-06-22,0,93,0,75,0
440,436,4,2020-06-21 22:00:00,2020-06-21,0,92,0,74,0
440,436,4,2020-06-20 22:00:00,2020-06-20,0,91,0,73,0
440,436,4,2020-06-19 22:00:00,2020-06-19,0,90,0,72,0
440,436,4,2020-06-18 22:00:00,2020-06-18,0,89,0,71,0
440,436,4,2020-06-17 22:00:00,2020-06-17,0,88,0,70,0
440,436,4,2020-06-16 22:00:00,2020-06-16,0,87,0,69,0
440,436,4,2020-06-15 22:00:00,2020-06-15,0,86,0,68,0
440,436,4,2020-06-14 22:00:00,2020-06-14,0,85,0,67,0
440,436,4,2020-06-13 22:00:00,2020-06-13,0,84,0,66,1
440,435,4,2020-06-12 22:00:00,2020-06-12,0,83,0,65,0
440,435,4,2020-06-11 22:00:00,2020-06-11,0,82,0,64,0
440,435,4,2020-06-10 22:00:00,2020-06-10,0,81,0,63,0
440,435,4,2020-06-09 22:00:00,2020-06-09,0,80,0,62,0
440,435,4,2020-06-08 22:00:00,2020-06-08,0,79,0,61,0
440,435,4,2020-06-07 22:00:00,2020-06-07,0,78,0,60,0
440,435,4,2020-06-06 22:00:00,2020-06-06,0,77,0,59,0
440,435,4,2020-06-05 22:00:00,2020-06-05,0,76,0,58,0
440,435,4,2020-06-04 22:00:00,2020-06-04,0,75,0,57,0
440,435,4,2020-06-03 22:00:00,2020-06-03,0,74,0,56,0
440,435,4,2020-06-02 22:00:00,2020-06-02,0,73,0,55,0
440,435,4,2020-06-01 22:00:00,2020-06-01,0,72,0,54,0
440,435,4,2020-05-31 22:00:00,2020-05-31,0,71,0,53,0
440,435,4,2020-05-30 22:00:00,2020-05-30,0,70,0,52,0
440,435,4,2020-05-29 22:00:00,2020-05-29,0,69,0,51,0
440,435,4,2020-05-28 22:00:00,2020-05-28,0,68,0,50,0
440,435,4,2020-05-27 22:00:00,2020-05-27,0,67,0,49,0
440,435,4,2020-05-26 22:00:00,2020-05-26,1,66,0,48,0
439,435,4,2020-05-25 22:00:00,2020-05-25,0,65,0,47,0
439,435,4,2020-05-24 22:00:00,2020-05-24,0,64,0,46,0
439,435,4,2020-05-23 22:00:00,2020-05-23,0,63,0,45,0
439,435,4,2020-05-22 22:00:00,2020-05-22,0,62,0,44,0
439,435,4,2020-05-21 22:00:00,2020-05-21,0,61,0,43,0
439,435,4,2020-05-20 22:00:00,2020-05-20,0,60,0,42,0
439,435,4,2020-05-19 22:00:00,2020-05-19,0,59,0,41,0
439,435,4,2020-05-18 22:00:00,2020-05-18,0,58,0,40,0
439,435,4,2020-05-17 22:00:00,2020-05-17,0,57,0,39,0
439,435,4,2020-05-16 22:00:00,2020-05-16,0,56,0,38,1
439,434,4,2020-05-15 22:00:00,2020-05-15,0,55,0,37,0
439,434,4,2020-05-14 22:00:00,2020-05-14,0,54,0,36,0
439,434,4,2020-05-13 22:00:00,2020-05-13,0,53,0,35,0
439,434,4,2020-05-12 22:00:00,2020-05-12,0,52,0,34,0
439,434,4,2020-05-11 22:00:00,2020-05-11,0,51,0,33,0
439,434,4,2020-05-10 22:00:00,2020-05-10,0,50,0,32,1
439,433,4,2020-05-09 22:00:00,2020-05-09,0,49,0,31,0
439,433,4,2020-05-08 22:00:00,2020-05-08,0,48,0,30,0
439,433,4,2020-05-07 22:00:00,2020-05-07,1,47,0,29,3
438,430,4,2020-05-06 22:00:00,2020-05-06,0,46,0,28,2
438,428,4,2020-05-05 22:00:00,2020-05-05,0,45,0,27,1
438,427,4,2020-05-04 22:00:00,2020-05-04,0,44,0,26,0
438,427,4,2020-05-03 22:00:00,2020-05-03,0,43,0,25,5
438,422,4,2020-05-02 22:00:00,2020-05-02,0,42,0,24,0
438,422,4,2020-05-01 22:00:00,2020-05-01,0,41,0,23,2
438,420,4,2020-04-30 22:00:00,2020-04-30,0,40,0,22,0
438,420,4,2020-04-29 22:00:00,2020-04-29,0,39,0,21,0
438,420,4,2020-04-28 22:00:00,2020-04-28,0,38,0,20,9
438,411,4,2020-04-27 22:00:00,2020-04-27,0,37,0,19,0
438,411,4,2020-04-26 22:00:00,2020-04-26,0,36,0,18,9
438,402,4,2020-04-25 22:00:00,2020-04-25,0,35,0,17,1
438,401,4,2020-04-24 22:00:00,2020-04-24,0,34,0,16,7
438,394,4,2020-04-23 22:00:00,2020-04-23,0,33,0,15,6
438,388,4,2020-04-22 22:00:00,2020-04-22,1,32,0,14,19
437,369,4,2020-04-21 22:00:00,2020-04-21,2,31,0,13,15
435,354,4,2020-04-20 22:00:00,2020-04-20,0,30,0,12,0
435,354,4,2020-04-19 22:00:00,2020-04-19,0,29,0,11,8
435,346,4,2020-04-18 22:00:00,2020-04-18,0,28,0,10,15
435,331,4,2020-04-17 22:00:00,2020-04-17,1,27,0,9,23
434,308,4,2020-04-16 22:00:00,2020-04-16,1,26,0,8,29
433,279,4,2020-04-15 22:00:00,2020-04-15,0,25,0,7,26
433,253,4,2020-04-14 22:00:00,2020-04-14,2,24,0,6,13
431,240,4,2020-04-13 22:00:00,2020-04-13,2,23,0,5,61
429,179,4,2020-04-12 22:00:00,2020-04-12,0,22,1,4,0
429,179,3,2020-04-11 22:00:00,2020-04-11,1,21,0,3,0
428,179,3,2020-04-10 22:00:00,2020-04-10,7,20,0,2,59
421,120,3,2020-04-09 22:00:00,2020-04-09,1,19,1,1,67
420,53,2,2020-04-08 22:00:00,2020-04-08,5,18,1,0,0
415,53,1,2020-04-07 22:00:00,2020-04-07,4,17,1,0,2
411,51,0,2020-04-06 21:00:00,2020-04-06,2,16,0,0,0
409,51,0,2020-04-05 22:00:00,2020-04-05,2,15,0,0,7
407,44,0,2020-04-04 21:00:00,2020-04-04,11,14,0,0,0
396,44,0,2020-04-03 21:00:00,2020-04-03,11,13,0,0,38
385,6,0,2020-04-02 21:00:00,2020-04-02,18,12,0,0,0
367,6,0,2020-04-01 21:00:00,2020-04-01,30,11,0,0,0
337,6,0,2020-03-31 21:00:00,2020-03-31,32,10,0,0,0
305,6,0,2020-03-30 21:00:00,2020-03-30,6,9,0,0,0
299,6,0,2020-03-29 21:00:00,2020-03-29,12,8,0,0,0
287,6,0,2020-03-28 21:00:00,2020-03-28,30,7,0,0,0
257,6,0,2020-03-27 21:10:00,2020-03-27,22,6,0,0,0
235,6,0,2020-03-26 22:20:00,2020-03-26,38,5,0,0,0
197,6,0,2020-03-25 23:20:00,2020-03-25,27,4,0,0,0
170,6,0,2020-03-24 21:20:00,2020-03-24,36,3,0,0,0
134,6,0,2020-03-23 21:40:00,2020-03-23,34,2,0,0,0
100,6,0,2020-03-22 21:00:00,2020-03-22,33,1,0,0,0
67,6,0,2020-03-21 21:00:00,2020-03-21,17,0,0,0,0
50,6,0,2020-03-20 21:20:00,2020-03-20,8,0,0,0,0
42,6,0,2020-03-19 21:30:00,2020-03-19,5,0,0,0,1
37,5,0,2020-03-18 22:00:00,2020-03-18,5,0,0,0,0
32,5,0,2020-03-17 21:00:00,2020-03-17,3,0,0,0,0
29,5,0,2020-03-16 21:00:00,2020-03-16,9,0,0,0,0
20,5,0,2020-03-15 21:00:00,2020-03-15,1,0,0,0,1
19,4,0,2020-03-14 21:00:00,2020-03-14,3,0,0,0,0
16,4,0,2020-03-13 21:00:00,2020-03-13,4,0,0,0,0
12,4,0,2020-03-12 21:00:00,2020-03-12,3,0,0,0,0
9,4,0,2020-03-11 21:00:00,2020-03-11,2,0,0,0,1
7,3,0,2020-03-10 21:00:00,2020-03-10,0,0,0,0,1
7,2,0,2020-03-09 21:00:00,2020-03-09,0,0,0,0,0
7,2,0,2020-03-08 21:00:00,2020-03-08,0,0,0,0,0
7,2,0,2020-03-07 21:00:00,2020-03-07,0,0,0,0,0
7,2,0,2020-03-06 21:00:00,2020-03-06,0,0,0,0,0
7,2,0,2020-03-05 21:00:00,2020-03-05,3,0,0,0,0
4,2,0,2020-03-04 21:00:00,2020-03-04,1,0,0,0,0
3,2,0,2020-03-03 21:00:00,2020-03-03,0,0,0,0,0
3,2,0,2020-03-02 21:00:00,2020-03-02,0,0,0,0,0
3,2,0,2020-03-01 21:00:00,2020-03-01,0,0,0,0,0
3,2,0,2020-02-29 21:00:00,2020-02-29,0,0,0,0,0
3,2,0,2020-02-28 21:00:00,2020-02-28,0,0,0,0,0
3,2,0,2020-02-27 21:00:00,2020-02-27,0,0,0,0,0
3,2,0,2020-02-26 21:00:00,2020-02-26,0,0,0,0,0
3,2,0,2020-02-25 21:00:00,2020-02-25,0,0,0,0,0
3,2,0,2020-02-24 21:00:00,2020-02-24,0,0,0,0,0
3,2,0,2020-02-23 21:00:00,2020-02-23,0,0,0,0,0
3,2,0,2020-02-22 21:00:00,2020-02-22,0,0,0,0,0
3,2,0,2020-02-21 21:00:00,2020-02-21,1,0,0,0,0
2,2,0,2020-02-20 21:00:00,2020-02-20,0,0,0,0,2
2,0,0,2020-02-19 21:00:00,2020-02-19,0,0,0,0,0
2,0,0,2020-02-18 21:00:00,2020-02-18,0,0,0,0,0
2,0,0,2020-02-17 21:00:00,2020-02-17,0,0,0,0,0
2,0,0,2020-02-16 21:00:00,2020-02-16,0,0,0,0,0
2,0,0,2020-02-15 21:00:00,2020-02-15,0,0,0,0,0
2,0,0,2020-02-14 21:00:00,2020-02-14,0,0,0,0,0
2,0,0,2020-02-13 21:00:00,2020-02-13,0,0,0,0,0
2,0,0,2020-02-12 21:00:00,2020-02-12,0,0,0,0,0
2,0,0,2020-02-11 20:30:00,2020-02-11,0,0,0,0,0
2,0,0,2020-02-10 21:00:00,2020-02-10,0,0,0,0,0
2,0,0,2020-02-09 21:00:00,2020-02-09,0,0,0,0,0
2,0,0,2020-02-08 21:00:00,2020-02-08,0,0,0,0,0
2,0,0,2020-02-07 21:00:00,2020-02-07,0,0,0,0,0
2,0,0,2020-02-06 21:00:00,2020-02-06,0,0,0,0,0
2,0,0,2020-02-05 21:00:00,2020-02-05,0,0,0,0,0
2,0,0,2020-02-04 20:00:00,2020-02-04,0,0,0,0,0
2,0,0,2020-02-03 20:00:00,2020-02-03,0,0,0,0,0
2,0,0,2020-02-02 20:00:00,2020-02-02,2,0,0,0,0
0,0,0,2020-02-01 10:00:00,2020-02-01,0,0,0,0,0
0,0,0,2020-01-31 12:30:00,2020-01-31,0,0,0,0,0
0,0,0,2020-01-30 12:00:00,2020-01-30,0,0,0,0,0
0,0,0,2020-01-29 14:00:00,2020-01-29,0,0,0,0,0
0,0,0,2020-01-28 11:30:00,2020-01-28,0,0,0,0,0
0,0,0,2020-01-27 14:00:00,2020-01-27,0,0,0,0,0
0,0,0,2020-01-26 13:00:00,2020-01-26,0,0,0,0,0
0,0,0,2020-01-25 15:00:00,2020-01-25,0,0,0,0,0
0,0,0,2020-01-24 15:00:00,2020-01-24,0,0,0,0,0
0,0,0,2020-01-23 15:00:00,2020-01-23,0,0,0,0,0
0,0,0,2020-01-22 15:00:00,2020-01-22,0,0,0,0,0
0,0,0,2020-01-21 15:00:00,2020-01-21,0,0,0,0,0
