Confirmed,Recovered,Deaths,Date_last_updated_AEDT,date_day,New,DayElapsed,New_death,DayElapsed_death,New_recover
95472,5076,1894,2020-08-06 22:00:00,2020-08-06,1281,139,47,139,0
94191,5076,1847,2020-08-05 22:00:00,2020-08-05,1240,138,54,138,0
92951,5076,1793,2020-08-04 22:00:00,2020-08-04,1694,137,84,137,0
91257,5076,1709,2020-08-03 22:00:00,2020-08-03,1181,136,26,136,0
90076,5076,1683,2020-08-02 22:00:00,2020-08-02,1553,135,36,135,0
88523,5076,1647,2020-08-01 22:00:00,2020-08-01,1399,134,47,134,0
87124,5076,1600,2020-07-31 22:00:00,2020-07-31,1700,133,48,133,0
85424,5076,1552,2020-07-30 22:00:00,2020-07-30,1704,132,47,132,0
83720,5076,1505,2020-07-29 22:00:00,2020-07-29,1649,131,53,131,0
82071,5076,1452,2020-07-28 22:00:00,2020-07-28,1215,130,16,130,0
80856,5076,1436,2020-07-27 22:00:00,2020-07-27,1182,129,24,129,0
79674,5076,1412,2020-07-26 22:00:00,2020-07-26,1376,128,73,128,0
78298,5076,1339,2020-07-25 22:00:00,2020-07-25,1983,127,45,127,0
76315,5076,1294,2020-07-24 22:00:00,2020-07-24,1554,126,52,126,0
74761,5076,1242,2020-07-23 22:00:00,2020-07-23,1660,125,39,125,0
73101,5076,1203,2020-07-22 22:00:00,2020-07-22,1888,124,56,124,0
71213,5076,1147,2020-07-21 22:00:00,2020-07-21,1448,123,9,123,0
69765,5076,1138,2020-07-20 22:00:00,2020-07-20,2369,122,21,122,0
67396,5076,1117,2020-07-19 22:00:00,2020-07-19,1539,121,39,121,0
65857,5076,1078,2020-07-18 22:00:00,2020-07-18,1974,120,25,120,0
63883,5076,1053,2020-07-17 22:00:00,2020-07-17,1812,119,69,119,0
62071,5076,984,2020-07-16 22:00:00,2020-07-16,1851,118,0,118,0
60220,5076,984,2020-07-15 22:00:00,2020-07-15,2217,117,23,117,0
58003,5076,961,2020-07-14 22:00:00,2020-07-14,1518,116,11,116,0
56485,5076,950,2020-07-13 22:00:00,2020-07-13,1947,115,10,115,0
54538,5076,940,2020-07-12 22:00:00,2020-07-12,2264,114,18,114,0
52274,5076,922,2020-07-11 22:00:00,2020-07-11,1726,113,23,113,0
50548,5076,899,2020-07-10 22:00:00,2020-07-10,1778,112,23,112,0
48770,5076,876,2020-07-09 22:00:00,2020-07-09,1555,111,38,111,0
47215,5076,838,2020-07-08 22:00:00,2020-07-08,940,110,19,110,0
46275,5076,819,2020-07-07 22:00:00,2020-07-07,1558,109,6,109,0
44717,5076,813,2020-07-06 22:00:00,2020-07-06,1457,108,7,108,0
43260,5076,806,2020-07-05 22:00:00,2020-07-05,1847,107,19,107,0
41413,5076,787,2020-07-04 22:00:00,2020-07-04,1826,106,10,106,0
39587,5076,777,2020-07-03 22:00:00,2020-07-03,1778,105,18,105,0
37809,5076,759,2020-07-02 22:00:00,2020-07-02,1512,104,24,104,0
36297,5076,735,2020-07-01 22:00:00,2020-07-01,1751,103,18,103,0
34546,5076,717,2020-06-30 22:00:00,2020-06-30,1325,102,5,102,0
33221,5076,712,2020-06-29 22:00:00,2020-06-29,1370,101,5,101,0
31851,5076,707,2020-06-28 22:00:00,2020-06-28,1588,100,15,100,0
30263,5076,692,2020-06-27 22:00:00,2020-06-27,1301,99,1,99,0
28962,5076,691,2020-06-26 22:00:00,2020-06-26,1120,98,8,98,0
27842,5076,683,2020-06-25 22:00:00,2020-06-25,1270,97,10,97,0
26572,5076,673,2020-06-24 22:00:00,2020-06-24,906,96,14,96,0
25666,5076,659,2020-06-23 22:00:00,2020-06-23,1005,95,6,95,0
24661,5076,653,2020-06-22 22:00:00,2020-06-22,905,94,9,94,0
23756,5076,644,2020-06-21 22:00:00,2020-06-21,1148,93,5,93,0
22608,5076,639,2020-06-20 22:00:00,2020-06-20,1075,92,18,92,0
21533,5076,621,2020-06-19 22:00:00,2020-06-19,977,91,4,91,0
20556,5076,617,2020-06-18 22:00:00,2020-06-18,566,90,10,90,0
19990,5076,607,2020-06-17 22:00:00,2020-06-17,612,89,5,89,0
19378,5076,602,2020-06-16 22:00:00,2020-06-16,583,88,2,88,0
18795,5076,600,2020-06-15 22:00:00,2020-06-15,840,87,1,87,0
17955,5076,599,2020-06-14 22:00:00,2020-06-14,781,86,6,86,0
17174,5076,593,2020-06-13 22:00:00,2020-06-13,733,85,5,85,0
16441,5076,588,2020-06-12 22:00:00,2020-06-12,682,84,13,84,0
15759,5076,575,2020-06-11 22:00:00,2020-06-11,531,83,7,83,0
15228,5076,568,2020-06-10 22:00:00,2020-06-10,428,82,11,82,0
14800,5076,557,2020-06-09 22:00:00,2020-06-09,514,81,11,81,0
14286,5076,546,2020-06-08 22:00:00,2020-06-08,833,80,7,80,0
13453,5076,539,2020-06-07 22:00:00,2020-06-07,0,79,0,79,0
13453,5076,539,2020-06-06 22:00:00,2020-06-06,1038,78,38,78,0
12415,5076,501,2020-06-05 22:00:00,2020-06-05,0,77,0,77,0
12415,5076,501,2020-06-04 22:00:00,2020-06-04,0,76,0,76,0
12415,5076,501,2020-06-03 22:00:00,2020-06-03,266,75,1,75,0
12149,5076,500,2020-06-02 22:00:00,2020-06-02,288,74,6,74,0
11861,5076,494,2020-06-01 22:00:00,2020-06-01,467,73,7,73,0
11394,5076,487,2020-05-31 22:00:00,2020-05-31,263,72,4,72,0
11131,5076,483,2020-05-30 22:00:00,2020-05-30,343,71,13,71,0
10788,5076,470,2020-05-29 22:00:00,2020-05-29,165,70,4,70,0
10623,5076,466,2020-05-28 22:00:00,2020-05-28,207,69,20,69,0
10416,5076,446,2020-05-27 22:00:00,2020-05-27,238,68,6,68,0
10178,5076,440,2020-05-26 22:00:00,2020-05-26,82,67,5,67,0
10096,5076,435,2020-05-25 22:00:00,2020-05-25,201,66,10,66,0
9895,5076,425,2020-05-24 22:00:00,2020-05-24,256,65,6,65,0
9639,5076,419,2020-05-23 22:00:00,2020-05-23,258,64,3,64,0
9381,5076,416,2020-05-22 22:00:00,2020-05-22,206,63,9,63,0
9175,5076,407,2020-05-21 22:00:00,2020-05-21,119,62,8,62,0
9056,5076,399,2020-05-20 22:00:00,2020-05-20,114,61,8,61,0
8942,5076,391,2020-05-19 22:00:00,2020-05-19,126,60,6,60,0
8816,5076,385,2020-05-18 22:00:00,2020-05-18,150,59,4,59,0
8666,5076,381,2020-05-17 22:00:00,2020-05-17,259,58,1,58,0
8407,5076,380,2020-05-16 22:00:00,2020-05-16,218,57,9,57,1824
8189,3252,371,2020-05-15 22:00:00,2020-05-15,159,56,9,56,0
8030,3252,362,2020-05-14 22:00:00,2020-05-14,103,55,7,55,0
7927,3252,355,2020-05-13 22:00:00,2020-05-13,135,54,9,54,0
7792,3252,346,2020-05-12 22:00:00,2020-05-12,137,53,15,53,0
7655,3252,331,2020-05-11 22:00:00,2020-05-11,123,52,1,52,0
7532,3252,330,2020-05-10 22:00:00,2020-05-10,163,51,10,51,0
7369,3252,320,2020-05-09 22:00:00,2020-05-09,227,50,4,50,0
7142,3252,316,2020-05-08 22:00:00,2020-05-08,206,49,11,49,0
6936,3252,305,2020-05-07 22:00:00,2020-05-07,95,48,9,48,0
6841,3252,296,2020-05-06 22:00:00,2020-05-06,84,47,13,47,0
6757,3252,283,2020-05-05 22:00:00,2020-05-05,131,46,8,46,0
6626,3252,275,2020-05-04 22:00:00,2020-05-04,137,45,8,45,0
6489,3252,267,2020-05-03 22:00:00,2020-05-03,231,44,13,44,0
6258,3252,254,2020-05-02 22:00:00,2020-05-02,163,43,11,43,0
6095,3252,243,2020-05-01 22:00:00,2020-05-01,213,42,12,42,0
5882,3252,231,2020-04-30 22:00:00,2020-04-30,147,41,39,41,3252
5735,0,192,2020-04-29 22:00:00,2020-04-29,117,40,15,40,0
5618,0,177,2020-04-28 22:00:00,2020-04-28,120,39,3,39,0
5498,0,174,2020-04-27 22:00:00,2020-04-27,245,38,8,38,0
5253,0,166,2020-04-26 22:00:00,2020-04-26,183,37,9,37,0
5070,0,157,2020-04-25 22:00:00,2020-04-25,153,36,7,36,0
4917,0,150,2020-04-24 22:00:00,2020-04-24,156,35,10,35,0
4761,0,140,2020-04-23 22:00:00,2020-04-23,153,34,5,34,0
4608,0,135,2020-04-22 22:00:00,2020-04-22,169,33,11,33,0
4439,0,124,2020-04-21 22:00:00,2020-04-21,62,32,4,32,0
4377,0,120,2020-04-20 22:00:00,2020-04-20,129,31,1,31,0
4248,0,119,2020-04-19 22:00:00,2020-04-19,162,30,3,30,0
4086,0,116,2020-04-18 22:00:00,2020-04-18,155,29,7,29,0
3931,0,109,2020-04-17 22:00:00,2020-04-17,275,28,2,28,0
3656,0,107,2020-04-16 22:00:00,2020-04-16,103,27,10,27,0
3553,0,97,2020-04-15 22:00:00,2020-04-15,114,26,10,26,0
3439,0,87,2020-04-14 22:00:00,2020-04-14,119,25,5,25,0
3320,0,82,2020-04-13 22:00:00,2020-04-13,109,24,2,24,0
3211,0,80,2020-04-12 22:00:00,2020-04-12,144,23,8,23,0
3067,0,72,2020-04-11 22:00:00,2020-04-11,274,22,5,22,0
2793,0,67,2020-04-10 22:00:00,2020-04-10,241,21,4,21,0
2552,0,63,2020-04-09 22:00:00,2020-04-09,135,20,12,20,0
2417,0,51,2020-04-08 22:00:00,2020-04-08,185,19,3,19,0
2232,0,48,2020-04-07 22:00:00,2020-04-07,183,18,4,18,0
2049,0,44,2020-04-06 22:00:00,2020-04-06,132,17,4,17,0
1917,0,40,2020-04-05 22:00:00,2020-04-05,217,16,6,16,0
1700,0,34,2020-04-04 21:00:00,2020-04-04,146,15,3,15,0
1554,0,31,2020-04-03 21:00:00,2020-04-03,261,14,5,14,0
1293,0,26,2020-04-02 21:00:00,2020-04-02,210,13,4,13,0
1083,0,22,2020-04-01 21:00:00,2020-04-01,158,12,4,12,0
925,0,18,2020-03-31 21:00:00,2020-03-31,151,11,2,11,0
774,0,16,2020-03-30 21:00:00,2020-03-30,113,10,1,10,0
661,0,15,2020-03-29 21:00:00,2020-03-29,119,9,2,9,0
542,0,13,2020-03-28 21:00:00,2020-03-28,86,8,4,8,0
456,0,9,2020-03-27 21:10:00,2020-03-27,32,7,2,7,0
424,0,7,2020-03-26 22:20:00,2020-03-26,82,6,0,6,0
342,0,7,2020-03-25 23:20:00,2020-03-25,44,5,2,5,0
298,0,5,2020-03-24 21:20:00,2020-03-24,102,4,2,4,0
196,0,3,2020-03-23 21:40:00,2020-03-23,22,3,0,3,0
174,0,3,2020-03-22 21:00:00,2020-03-22,48,2,0,2,0
126,0,3,2020-03-21 21:00:00,2020-03-21,45,1,2,1,0
81,0,1,2020-03-20 21:20:00,2020-03-20,21,0,0,0,0
60,0,1,2020-03-19 21:30:00,2020-03-19,13,0,0,0,0
47,0,1,2020-03-18 22:00:00,2020-03-18,13,0,0,0,0
34,0,1,2020-03-17 21:00:00,2020-03-17,6,0,1,0,0
28,0,0,2020-03-16 21:00:00,2020-03-16,9,0,0,0,0
19,0,0,2020-03-15 21:00:00,2020-03-15,6,0,0,0,0
13,0,0,2020-03-14 21:00:00,2020-03-14,1,0,0,0,0
12,0,0,2020-03-13 21:00:00,2020-03-13,2,0,0,0,0
10,0,0,2020-03-12 21:00:00,2020-03-12,1,0,0,0,0
9,0,0,2020-03-11 21:00:00,2020-03-11,2,0,0,0,0
7,0,0,2020-03-10 21:00:00,2020-03-10,1,0,0,0,0
6,0,0,2020-03-09 21:00:00,2020-03-09,4,0,0,0,0
2,0,0,2020-03-08 21:00:00,2020-03-08,0,0,0,0,0
2,0,0,2020-03-07 21:00:00,2020-03-07,2,0,0,0,0
0,0,0,2020-03-06 21:00:00,2020-03-06,0,0,0,0,0
0,0,0,2020-03-05 21:00:00,2020-03-05,0,0,0,0,0
0,0,0,2020-03-04 21:00:00,2020-03-04,0,0,0,0,0
0,0,0,2020-03-03 21:00:00,2020-03-03,0,0,0,0,0
0,0,0,2020-03-02 21:00:00,2020-03-02,0,0,0,0,0
0,0,0,2020-03-01 21:00:00,2020-03-01,0,0,0,0,0
0,0,0,2020-02-29 21:00:00,2020-02-29,0,0,0,0,0
0,0,0,2020-02-28 21:00:00,2020-02-28,0,0,0,0,0
0,0,0,2020-02-27 21:00:00,2020-02-27,0,0,0,0,0
0,0,0,2020-02-26 21:00:00,2020-02-26,0,0,0,0,0
0,0,0,2020-02-25 21:00:00,2020-02-25,0,0,0,0,0
0,0,0,2020-02-24 21:00:00,2020-02-24,0,0,0,0,0
0,0,0,2020-02-23 21:00:00,2020-02-23,0,0,0,0,0
0,0,0,2020-02-22 21:00:00,2020-02-22,0,0,0,0,0
0,0,0,2020-02-21 21:00:00,2020-02-21,0,0,0,0,0
0,0,0,2020-02-20 21:00:00,2020-02-20,0,0,0,0,0
0,0,0,2020-02-19 21:00:00,2020-02-19,0,0,0,0,0
0,0,0,2020-02-18 21:00:00,2020-02-18,0,0,0,0,0
0,0,0,2020-02-17 21:00:00,2020-02-17,0,0,0,0,0
0,0,0,2020-02-16 21:00:00,2020-02-16,0,0,0,0,0
0,0,0,2020-02-15 21:00:00,2020-02-15,0,0,0,0,0
0,0,0,2020-02-14 21:00:00,2020-02-14,0,0,0,0,0
0,0,0,2020-02-13 21:00:00,2020-02-13,0,0,0,0,0
0,0,0,2020-02-12 21:00:00,2020-02-12,0,0,0,0,0
0,0,0,2020-02-11 20:30:00,2020-02-11,0,0,0,0,0
0,0,0,2020-02-10 21:00:00,2020-02-10,0,0,0,0,0
0,0,0,2020-02-09 21:00:00,2020-02-09,0,0,0,0,0
0,0,0,2020-02-08 21:00:00,2020-02-08,0,0,0,0,0
0,0,0,2020-02-07 21:00:00,2020-02-07,0,0,0,0,0
0,0,0,2020-02-06 21:00:00,2020-02-06,0,0,0,0,0
0,0,0,2020-02-05 21:00:00,2020-02-05,0,0,0,0,0
0,0,0,2020-02-04 20:00:00,2020-02-04,0,0,0,0,0
0,0,0,2020-02-03 20:00:00,2020-02-03,0,0,0,0,0
0,0,0,2020-02-02 20:00:00,2020-02-02,0,0,0,0,0
0,0,0,2020-02-01 10:00:00,2020-02-01,0,0,0,0,0
0,0,0,2020-01-31 12:30:00,2020-01-31,0,0,0,0,0
0,0,0,2020-01-30 12:00:00,2020-01-30,0,0,0,0,0
0,0,0,2020-01-29 14:00:00,2020-01-29,0,0,0,0,0
0,0,0,2020-01-28 11:30:00,2020-01-28,0,0,0,0,0
0,0,0,2020-01-27 14:00:00,2020-01-27,0,0,0,0,0
0,0,0,2020-01-26 13:00:00,2020-01-26,0,0,0,0,0
0,0,0,2020-01-25 15:00:00,2020-01-25,0,0,0,0,0
0,0,0,2020-01-24 15:00:00,2020-01-24,0,0,0,0,0
0,0,0,2020-01-23 15:00:00,2020-01-23,0,0,0,0,0
0,0,0,2020-01-22 15:00:00,2020-01-22,0,0,0,0,0
0,0,0,2020-01-21 15:00:00,2020-01-21,0,0,0,0,0
