Confirmed,Recovered,Deaths,Date_last_updated_AEDT,date_day,New,DayElapsed,New_death,DayElapsed_death,New_recover
944,296,48,2020-08-06 22:00:00,2020-08-06,52,74,2,109,13
892,283,46,2020-08-05 22:00:00,2020-08-05,45,73,0,108,15
847,268,46,2020-08-04 22:00:00,2020-08-04,38,72,2,107,12
809,256,44,2020-08-03 22:00:00,2020-08-03,29,71,1,106,19
780,237,43,2020-08-02 22:00:00,2020-08-02,23,70,0,105,0
757,237,43,2020-08-01 22:00:00,2020-08-01,19,69,2,104,8
738,229,41,2020-07-31 22:00:00,2020-07-31,21,68,1,103,0
717,229,40,2020-07-30 22:00:00,2020-07-30,23,67,0,102,9
694,220,40,2020-07-29 22:00:00,2020-07-29,20,66,0,101,10
674,210,40,2020-07-28 22:00:00,2020-07-28,24,65,2,100,10
650,200,38,2020-07-27 22:00:00,2020-07-27,23,64,2,99,9
627,191,36,2020-07-26 22:00:00,2020-07-26,19,63,1,98,7
608,184,35,2020-07-25 22:00:00,2020-07-25,24,62,0,97,10
584,174,35,2020-07-24 22:00:00,2020-07-24,23,61,3,96,9
561,165,32,2020-07-23 22:00:00,2020-07-23,21,60,1,95,5
540,160,31,2020-07-22 22:00:00,2020-07-22,18,59,2,94,6
522,154,29,2020-07-21 22:00:00,2020-07-21,26,58,4,93,10
496,144,25,2020-07-20 22:00:00,2020-07-20,0,57,0,92,0
496,144,25,2020-07-19 22:00:00,2020-07-19,0,56,0,91,0
496,144,25,2020-07-18 22:00:00,2020-07-18,19,55,3,90,4
477,140,22,2020-07-17 22:00:00,2020-07-17,19,54,0,89,0
458,140,22,2020-07-16 22:00:00,2020-07-16,19,53,1,88,2
439,138,21,2020-07-15 22:00:00,2020-07-15,22,52,2,87,2
417,136,19,2020-07-14 22:00:00,2020-07-14,0,51,0,86,0
417,136,19,2020-07-13 22:00:00,2020-07-13,23,50,3,85,10
394,126,16,2020-07-12 22:00:00,2020-07-12,0,49,0,84,0
394,126,16,2020-07-11 22:00:00,2020-07-11,0,48,0,83,0
394,126,16,2020-07-10 22:00:00,2020-07-10,22,47,2,82,0
372,126,14,2020-07-09 22:00:00,2020-07-09,0,46,0,81,0
372,126,14,2020-07-08 22:00:00,2020-07-08,0,45,0,80,0
372,126,14,2020-07-07 22:00:00,2020-07-07,0,44,0,79,0
372,126,14,2020-07-06 22:00:00,2020-07-06,34,43,4,78,3
338,123,10,2020-07-05 22:00:00,2020-07-05,10,42,0,77,0
328,123,10,2020-07-04 22:00:00,2020-07-04,16,41,1,76,10
312,113,9,2020-07-03 22:00:00,2020-07-03,0,40,0,75,0
312,113,9,2020-07-02 22:00:00,2020-07-02,33,39,0,74,8
279,105,9,2020-07-01 22:00:00,2020-07-01,10,38,0,73,3
269,102,9,2020-06-30 22:00:00,2020-06-30,13,37,0,72,0
256,102,9,2020-06-29 22:00:00,2020-06-29,0,36,0,71,0
256,102,9,2020-06-28 22:00:00,2020-06-28,1,35,0,70,0
255,102,9,2020-06-27 22:00:00,2020-06-27,13,34,2,69,6
242,96,7,2020-06-26 22:00:00,2020-06-26,0,33,0,68,0
242,96,7,2020-06-25 22:00:00,2020-06-25,11,32,0,67,2
231,94,7,2020-06-24 22:00:00,2020-06-24,12,31,0,66,8
219,86,7,2020-06-23 22:00:00,2020-06-23,15,30,0,65,3
204,83,7,2020-06-22 22:00:00,2020-06-22,0,29,0,64,0
204,83,7,2020-06-21 22:00:00,2020-06-21,6,28,0,63,0
198,83,7,2020-06-20 22:00:00,2020-06-20,11,27,0,62,5
187,78,7,2020-06-19 22:00:00,2020-06-19,0,26,0,61,0
187,78,7,2020-06-18 22:00:00,2020-06-18,10,25,1,60,0
177,78,6,2020-06-17 22:00:00,2020-06-17,0,24,0,59,0
177,78,6,2020-06-16 22:00:00,2020-06-16,0,23,0,58,4
177,74,6,2020-06-15 22:00:00,2020-06-15,0,22,0,57,0
177,74,6,2020-06-14 22:00:00,2020-06-14,7,21,0,56,3
170,71,6,2020-06-13 22:00:00,2020-06-13,6,20,0,55,3
164,68,6,2020-06-12 22:00:00,2020-06-12,12,19,0,54,0
152,68,6,2020-06-11 22:00:00,2020-06-11,6,18,0,53,6
146,62,6,2020-06-10 22:00:00,2020-06-10,2,17,0,52,0
144,62,6,2020-06-09 22:00:00,2020-06-09,3,16,0,51,4
141,58,6,2020-06-08 22:00:00,2020-06-08,16,15,0,50,0
125,58,6,2020-06-07 22:00:00,2020-06-07,1,14,0,49,5
124,53,6,2020-06-06 22:00:00,2020-06-06,0,13,0,48,0
124,53,6,2020-06-05 22:00:00,2020-06-05,1,12,0,47,0
123,53,6,2020-06-04 22:00:00,2020-06-04,0,11,0,46,3
123,50,6,2020-06-03 22:00:00,2020-06-03,0,10,1,45,4
123,46,5,2020-06-02 22:00:00,2020-06-02,1,9,0,44,0
122,46,5,2020-06-01 22:00:00,2020-06-01,0,8,1,43,3
122,43,4,2020-05-31 22:00:00,2020-05-31,0,7,0,42,0
122,43,4,2020-05-30 22:00:00,2020-05-30,0,6,0,41,0
122,43,4,2020-05-29 22:00:00,2020-05-29,1,5,0,40,0
121,43,4,2020-05-28 22:00:00,2020-05-28,0,4,0,39,2
121,41,4,2020-05-27 22:00:00,2020-05-27,0,3,0,38,0
121,41,4,2020-05-26 22:00:00,2020-05-26,15,2,0,37,0
106,41,4,2020-05-25 22:00:00,2020-05-25,36,1,0,36,4
70,37,4,2020-05-24 22:00:00,2020-05-24,0,0,0,35,0
70,37,4,2020-05-23 22:00:00,2020-05-23,12,0,1,34,1
58,36,3,2020-05-22 22:00:00,2020-05-22,0,0,0,33,0
58,36,3,2020-05-21 22:00:00,2020-05-21,0,0,0,32,0
58,36,3,2020-05-20 22:00:00,2020-05-20,0,0,0,31,0
58,36,3,2020-05-19 22:00:00,2020-05-19,0,0,0,30,0
58,36,3,2020-05-18 22:00:00,2020-05-18,7,0,0,29,0
51,36,3,2020-05-17 22:00:00,2020-05-17,1,0,0,28,0
50,36,3,2020-05-16 22:00:00,2020-05-16,2,0,0,27,7
48,29,3,2020-05-15 22:00:00,2020-05-15,0,0,0,26,0
48,29,3,2020-05-14 22:00:00,2020-05-14,1,0,0,25,0
47,29,3,2020-05-13 22:00:00,2020-05-13,0,0,0,24,0
47,29,3,2020-05-12 22:00:00,2020-05-12,0,0,0,23,0
47,29,3,2020-05-11 22:00:00,2020-05-11,0,0,0,22,0
47,29,3,2020-05-10 22:00:00,2020-05-10,0,0,0,21,0
47,29,3,2020-05-09 22:00:00,2020-05-09,2,0,0,20,2
45,27,3,2020-05-08 22:00:00,2020-05-08,0,0,0,19,0
45,27,3,2020-05-07 22:00:00,2020-05-07,1,0,0,18,0
44,27,3,2020-05-06 22:00:00,2020-05-06,0,0,0,17,0
44,27,3,2020-05-05 22:00:00,2020-05-05,0,0,0,16,0
44,27,3,2020-05-04 22:00:00,2020-05-04,0,0,0,15,0
44,27,3,2020-05-03 22:00:00,2020-05-03,0,0,0,14,0
44,27,3,2020-05-02 22:00:00,2020-05-02,1,0,0,13,6
43,21,3,2020-05-01 22:00:00,2020-05-01,0,0,0,12,0
43,21,3,2020-04-30 22:00:00,2020-04-30,0,0,0,11,0
43,21,3,2020-04-29 22:00:00,2020-04-29,0,0,0,10,2
43,19,3,2020-04-28 22:00:00,2020-04-28,0,0,0,9,5
43,14,3,2020-04-27 22:00:00,2020-04-27,1,0,0,8,3
42,11,3,2020-04-26 22:00:00,2020-04-26,0,0,0,7,5
42,6,3,2020-04-25 22:00:00,2020-04-25,0,0,0,6,0
42,6,3,2020-04-24 22:00:00,2020-04-24,0,0,0,5,0
42,6,3,2020-04-23 22:00:00,2020-04-23,0,0,0,4,0
42,6,3,2020-04-22 22:00:00,2020-04-22,3,0,0,3,1
39,5,3,2020-04-21 22:00:00,2020-04-21,0,0,0,2,0
39,5,3,2020-04-20 22:00:00,2020-04-20,1,0,1,1,0
38,5,2,2020-04-19 22:00:00,2020-04-19,0,0,0,0,0
38,5,2,2020-04-18 22:00:00,2020-04-18,5,0,0,0,0
33,5,2,2020-04-17 22:00:00,2020-04-17,0,0,0,0,0
33,5,2,2020-04-16 22:00:00,2020-04-16,4,0,0,0,0
29,5,2,2020-04-15 22:00:00,2020-04-15,4,0,0,0,0
25,5,2,2020-04-14 22:00:00,2020-04-14,0,0,0,0,0
25,5,2,2020-04-13 22:00:00,2020-04-13,0,0,0,0,0
25,5,2,2020-04-12 22:00:00,2020-04-12,6,0,0,0,1
19,4,2,2020-04-11 22:00:00,2020-04-11,0,0,0,0,0
19,4,2,2020-04-10 22:00:00,2020-04-10,0,0,0,0,0
19,4,2,2020-04-09 22:00:00,2020-04-09,0,0,0,0,1
19,3,2,2020-04-08 22:00:00,2020-04-08,0,0,0,0,1
19,2,2,2020-04-07 22:00:00,2020-04-07,0,0,0,0,0
19,2,2,2020-04-06 22:00:00,2020-04-06,0,0,0,0,0
19,2,2,2020-04-05 22:00:00,2020-04-05,3,0,0,0,0
16,2,2,2020-04-04 21:00:00,2020-04-04,0,0,0,0,2
16,0,2,2020-04-03 21:00:00,2020-04-03,6,0,0,0,0
10,0,2,2020-04-02 21:00:00,2020-04-02,0,0,0,0,0
10,0,2,2020-04-01 21:00:00,2020-04-01,0,0,0,0,0
10,0,2,2020-03-31 21:00:00,2020-03-31,1,0,1,0,0
9,0,1,2020-03-30 21:00:00,2020-03-30,4,0,1,0,0
5,0,0,2020-03-29 21:00:00,2020-03-29,0,0,0,0,0
5,0,0,2020-03-28 21:00:00,2020-03-28,0,0,0,0,0
5,0,0,2020-03-27 21:10:00,2020-03-27,0,0,0,0,0
5,0,0,2020-03-26 22:20:00,2020-03-26,4,0,0,0,0
1,0,0,2020-03-25 23:20:00,2020-03-25,0,0,0,0,0
1,0,0,2020-03-24 21:20:00,2020-03-24,0,0,0,0,0
1,0,0,2020-03-23 21:40:00,2020-03-23,1,0,0,0,0
0,0,0,2020-03-22 21:00:00,2020-03-22,0,0,0,0,0
0,0,0,2020-03-21 21:00:00,2020-03-21,0,0,0,0,0
0,0,0,2020-03-20 21:20:00,2020-03-20,0,0,0,0,0
0,0,0,2020-03-19 21:30:00,2020-03-19,0,0,0,0,0
0,0,0,2020-03-18 22:00:00,2020-03-18,0,0,0,0,0
0,0,0,2020-03-17 21:00:00,2020-03-17,0,0,0,0,0
0,0,0,2020-03-16 21:00:00,2020-03-16,0,0,0,0,0
0,0,0,2020-03-15 21:00:00,2020-03-15,0,0,0,0,0
0,0,0,2020-03-14 21:00:00,2020-03-14,0,0,0,0,0
0,0,0,2020-03-13 21:00:00,2020-03-13,0,0,0,0,0
0,0,0,2020-03-12 21:00:00,2020-03-12,0,0,0,0,0
0,0,0,2020-03-11 21:00:00,2020-03-11,0,0,0,0,0
0,0,0,2020-03-10 21:00:00,2020-03-10,0,0,0,0,0
0,0,0,2020-03-09 21:00:00,2020-03-09,0,0,0,0,0
0,0,0,2020-03-08 21:00:00,2020-03-08,0,0,0,0,0
0,0,0,2020-03-07 21:00:00,2020-03-07,0,0,0,0,0
0,0,0,2020-03-06 21:00:00,2020-03-06,0,0,0,0,0
0,0,0,2020-03-05 21:00:00,2020-03-05,0,0,0,0,0
0,0,0,2020-03-04 21:00:00,2020-03-04,0,0,0,0,0
0,0,0,2020-03-03 21:00:00,2020-03-03,0,0,0,0,0
0,0,0,2020-03-02 21:00:00,2020-03-02,0,0,0,0,0
0,0,0,2020-03-01 21:00:00,2020-03-01,0,0,0,0,0
0,0,0,2020-02-29 21:00:00,2020-02-29,0,0,0,0,0
0,0,0,2020-02-28 21:00:00,2020-02-28,0,0,0,0,0
0,0,0,2020-02-27 21:00:00,2020-02-27,0,0,0,0,0
0,0,0,2020-02-26 21:00:00,2020-02-26,0,0,0,0,0
0,0,0,2020-02-25 21:00:00,2020-02-25,0,0,0,0,0
0,0,0,2020-02-24 21:00:00,2020-02-24,0,0,0,0,0
0,0,0,2020-02-23 21:00:00,2020-02-23,0,0,0,0,0
0,0,0,2020-02-22 21:00:00,2020-02-22,0,0,0,0,0
0,0,0,2020-02-21 21:00:00,2020-02-21,0,0,0,0,0
0,0,0,2020-02-20 21:00:00,2020-02-20,0,0,0,0,0
0,0,0,2020-02-19 21:00:00,2020-02-19,0,0,0,0,0
0,0,0,2020-02-18 21:00:00,2020-02-18,0,0,0,0,0
0,0,0,2020-02-17 21:00:00,2020-02-17,0,0,0,0,0
0,0,0,2020-02-16 21:00:00,2020-02-16,0,0,0,0,0
0,0,0,2020-02-15 21:00:00,2020-02-15,0,0,0,0,0
0,0,0,2020-02-14 21:00:00,2020-02-14,0,0,0,0,0
0,0,0,2020-02-13 21:00:00,2020-02-13,0,0,0,0,0
0,0,0,2020-02-12 21:00:00,2020-02-12,0,0,0,0,0
0,0,0,2020-02-11 20:30:00,2020-02-11,0,0,0,0,0
0,0,0,2020-02-10 21:00:00,2020-02-10,0,0,0,0,0
0,0,0,2020-02-09 21:00:00,2020-02-09,0,0,0,0,0
0,0,0,2020-02-08 21:00:00,2020-02-08,0,0,0,0,0
0,0,0,2020-02-07 21:00:00,2020-02-07,0,0,0,0,0
0,0,0,2020-02-06 21:00:00,2020-02-06,0,0,0,0,0
0,0,0,2020-02-05 21:00:00,2020-02-05,0,0,0,0,0
0,0,0,2020-02-04 20:00:00,2020-02-04,0,0,0,0,0
0,0,0,2020-02-03 20:00:00,2020-02-03,0,0,0,0,0
0,0,0,2020-02-02 20:00:00,2020-02-02,0,0,0,0,0
0,0,0,2020-02-01 10:00:00,2020-02-01,0,0,0,0,0
0,0,0,2020-01-31 12:30:00,2020-01-31,0,0,0,0,0
0,0,0,2020-01-30 12:00:00,2020-01-30,0,0,0,0,0
0,0,0,2020-01-29 14:00:00,2020-01-29,0,0,0,0,0
0,0,0,2020-01-28 11:30:00,2020-01-28,0,0,0,0,0
0,0,0,2020-01-27 14:00:00,2020-01-27,0,0,0,0,0
0,0,0,2020-01-26 13:00:00,2020-01-26,0,0,0,0,0
0,0,0,2020-01-25 15:00:00,2020-01-25,0,0,0,0,0
0,0,0,2020-01-24 15:00:00,2020-01-24,0,0,0,0,0
0,0,0,2020-01-23 15:00:00,2020-01-23,0,0,0,0,0
0,0,0,2020-01-22 15:00:00,2020-01-22,0,0,0,0,0
0,0,0,2020-01-21 15:00:00,2020-01-21,0,0,0,0,0
