Confirmed,Deaths,date_day,New,DayElapsed,New_death,DayElapsed_death,Recovered,New_recover
0,0,2020-01-21,0,0,0,0,0,0
0,0,2020-01-22,0,0,0,0,0,0
0,0,2020-01-23,0,0,0,0,0,0
0,0,2020-01-24,0,0,0,0,0,0
0,0,2020-01-25,0,0,0,0,0,0
0,0,2020-01-26,0,0,0,0,0,0
0,0,2020-01-27,0,0,0,0,0,0
0,0,2020-01-28,0,0,0,0,0,0
0,0,2020-01-29,0,0,0,0,0,0
0,0,2020-01-30,0,0,0,0,0,0
0,0,2020-01-31,0,0,0,0,0,0
0,0,2020-02-01,0,0,0,0,0,0
0,0,2020-02-02,0,0,0,0,0,0
0,0,2020-02-03,0,0,0,0,0,0
0,0,2020-02-04,0,0,0,0,0,0
0,0,2020-02-05,0,0,0,0,0,0
0,0,2020-02-06,0,0,0,0,0,0
0,0,2020-02-07,0,0,0,0,0,0
0,0,2020-02-08,0,0,0,0,0,0
0,0,2020-02-09,0,0,0,0,0,0
0,0,2020-02-10,0,0,0,0,0,0
0,0,2020-02-11,0,0,0,0,0,0
0,0,2020-02-12,0,0,0,0,0,0
0,0,2020-02-13,0,0,0,0,0,0
0,0,2020-02-14,0,0,0,0,0,0
0,0,2020-02-15,0,0,0,0,0,0
0,0,2020-02-16,0,0,0,0,0,0
0,0,2020-02-17,0,0,0,0,0,0
0,0,2020-02-18,0,0,0,0,0,0
0,0,2020-02-19,0,0,0,0,0,0
0,0,2020-02-20,0,0,0,0,0,0
0,0,2020-02-21,0,0,0,0,0,0
0,0,2020-02-22,0,0,0,0,0,0
0,0,2020-02-23,0,0,0,0,0,0
0,0,2020-02-24,0,0,0,0,0,0
0,0,2020-02-25,0,0,0,0,0,0
0,0,2020-02-26,0,0,0,0,0,0
0,0,2020-02-27,0,0,0,0,0,0
0,0,2020-02-28,0,0,0,0,0,0
0,0,2020-02-29,0,0,0,0,0,0
0,0,2020-03-01,0,0,0,0,0,0
0,0,2020-03-02,0,0,0,0,0,0
0,0,2020-03-03,0,0,0,0,0,0
0,0,2020-03-04,0,0,0,0,0,0
0,0,2020-03-05,0,0,0,0,0,0
0,0,2020-03-06,0,0,0,0,0,0
0,0,2020-03-07,0,0,0,0,0,0
0,0,2020-03-08,0,0,0,0,0,0
0,0,2020-03-09,0,0,0,0,0,0
0,0,2020-03-10,0,0,0,0,0,0
0,0,2020-03-11,0,0,0,0,0,0
0,0,2020-03-12,0,0,0,0,0,0
0,0,2020-03-13,0,0,0,0,0,0
0,0,2020-03-14,0,0,0,0,0,0
0,0,2020-03-15,0,0,0,0,0,0
0,0,2020-03-16,0,0,0,0,0,0
0,0,2020-03-17,0,0,0,0,0,0
0,0,2020-03-18,0,0,0,0,0,0
1,0,2020-03-19,1,0,0,0,0,0
1,0,2020-03-20,0,0,0,0,0,0
2,0,2020-03-21,1,0,0,0,0,0
2,0,2020-03-22,0,0,0,0,0,0
5,0,2020-03-23,3,0,0,0,0,0
7,0,2020-03-24,2,0,0,0,0,0
7,0,2020-03-25,0,0,0,0,0,0
7,0,2020-03-26,0,0,0,0,0,0
8,0,2020-03-27,1,0,0,0,0,0
9,0,2020-03-28,1,0,0,0,0,0
9,0,2020-03-29,0,0,0,0,0,0
10,0,2020-03-30,1,0,0,0,0,0
11,0,2020-03-31,1,0,0,0,0,0
12,0,2020-04-01,1,0,0,0,0,0
12,0,2020-04-02,0,0,0,0,0,0
12,0,2020-04-03,0,0,0,0,0,0
14,0,2020-04-04,2,0,0,0,0,0
17,0,2020-04-05,3,0,0,0,0,0
17,0,2020-04-06,0,0,0,0,0,0
19,0,2020-04-07,2,0,0,0,0,0
23,0,2020-04-08,4,0,0,0,0,0
23,0,2020-04-09,0,0,0,0,0,0
23,0,2020-04-10,0,0,0,0,0,0
23,0,2020-04-11,0,0,0,0,0,0
25,0,2020-04-12,2,0,0,0,0,0
26,0,2020-04-13,1,0,0,0,0,0
26,0,2020-04-14,0,0,0,0,0,0
26,1,2020-04-15,0,0,1,0,0,0
29,1,2020-04-16,3,0,0,0,0,0
31,1,2020-04-17,2,0,0,0,0,0
33,1,2020-04-18,2,0,0,0,0,0
33,1,2020-04-19,0,0,0,0,0,0
34,1,2020-04-20,1,0,0,0,0,0
37,1,2020-04-21,3,0,0,0,0,0
37,1,2020-04-22,0,0,0,0,0,0
37,2,2020-04-23,0,0,1,0,0,0
43,2,2020-04-24,6,0,0,0,0,0
50,2,2020-04-25,7,0,0,0,0,0
58,2,2020-04-26,8,0,0,0,0,0
67,2,2020-04-27,9,0,0,0,0,0
79,2,2020-04-28,12,0,0,0,0,0
116,3,2020-04-29,37,1,1,1,0,0
137,3,2020-04-30,21,2,0,2,0,0
164,3,2020-05-01,27,3,0,3,0,0
191,4,2020-05-02,27,4,1,4,0,0
246,4,2020-05-03,55,5,0,5,0,0
267,6,2020-05-04,21,6,2,6,0,0
303,7,2020-05-05,36,7,1,7,0,0
351,9,2020-05-06,48,8,2,8,0,0
423,9,2020-05-07,72,9,0,9,0,0
494,9,2020-05-08,71,10,0,10,0,0
572,9,2020-05-09,78,11,0,11,0,0
688,11,2020-05-10,116,12,2,12,0,0
747,12,2020-05-11,59,13,1,13,0,0
828,14,2020-05-12,81,14,2,14,0,0
932,21,2020-05-13,104,15,7,15,0,0
1029,23,2020-05-14,97,16,2,16,0,0
1179,24,2020-05-15,150,17,1,17,0,0
1279,27,2020-05-16,100,18,3,18,0,0
1382,31,2020-05-17,103,19,4,19,0,0
1496,32,2020-05-18,114,20,1,20,0,0
1646,38,2020-05-19,150,21,6,21,0,0
1809,42,2020-05-20,163,22,4,22,0,0
1976,47,2020-05-21,167,23,5,23,0,0
2205,49,2020-05-22,229,24,2,24,0,0
2430,51,2020-05-23,225,25,2,25,0,0
2591,52,2020-05-24,161,26,1,26,0,0
2696,58,2020-05-25,105,27,6,27,0,0
2858,64,2020-05-26,162,28,6,28,0,0
3023,65,2020-05-27,165,29,1,29,0,0
3277,68,2020-05-28,254,30,3,30,0,0
3611,70,2020-05-29,334,31,2,31,0,0
3981,71,2020-05-30,370,32,1,32,0,0
4176,73,2020-05-31,195,33,2,33,0,0
4345,76,2020-06-01,169,34,3,34,0,0
4483,79,2020-06-02,138,35,3,35,0,0
4698,82,2020-06-03,215,36,3,36,0,0
4881,87,2020-06-04,183,37,5,37,0,0
5182,89,2020-06-05,301,38,2,38,0,0
5505,96,2020-06-06,323,39,7,39,0,0
5644,99,2020-06-07,139,40,3,40,0,0
5807,108,2020-06-08,163,41,9,41,0,0
6052,114,2020-06-09,245,42,6,42,0,0
6257,120,2020-06-10,205,43,6,43,0,0
6529,124,2020-06-11,272,44,4,44,0,0
6744,128,2020-06-12,215,45,4,45,0,0
6931,130,2020-06-13,187,46,2,46,0,0
6972,132,2020-06-14,41,47,2,47,0,0
7137,136,2020-06-15,165,48,4,48,0,0
7309,140,2020-06-16,172,49,4,49,0,0
7573,149,2020-06-17,264,50,9,50,0,0
7774,152,2020-06-18,201,51,3,51,0,0
7956,159,2020-06-19,182,52,7,52,0,0
8203,167,2020-06-20,247,53,8,53,0,0
8354,175,2020-06-21,151,54,8,54,0,0
8477,178,2020-06-22,123,55,3,55,0,0
8766,179,2020-06-23,289,56,1,56,0,0
9098,181,2020-06-24,332,57,2,57,0,0
9425,183,2020-06-25,327,58,2,58,0,0
9681,186,2020-06-26,256,59,3,59,0,0
9966,191,2020-06-27,285,60,5,60,0,0
10228,192,2020-06-28,262,61,1,61,0,0
10359,195,2020-06-29,131,62,3,62,0,0
10764,200,2020-06-30,405,63,5,63,0,0
11222,204,2020-07-01,458,64,4,64,0,0
11454,209,2020-07-02,232,65,5,65,0,0
11736,211,2020-07-03,282,66,2,66,0,0
12282,215,2020-07-04,546,67,4,67,0,0
12476,220,2020-07-05,194,68,5,68,0,0
12640,224,2020-07-06,164,69,4,69,0,0
13004,228,2020-07-07,364,70,4,70,0,0
13440,233,2020-07-08,436,71,5,71,0,0
13845,240,2020-07-09,405,72,7,72,0,0
14509,245,2020-07-10,664,73,5,73,0,0
14939,251,2020-07-11,430,74,6,74,0,0
15132,255,2020-07-12,193,75,4,75,0,0
15307,259,2020-07-13,175,76,4,76,0,0
15723,267,2020-07-14,416,77,8,77,0,0
16031,271,2020-07-15,308,78,4,78,0,0
16672,278,2020-07-16,641,79,7,79,0,0
16954,283,2020-07-17,282,80,5,80,0,0
17209,288,2020-07-18,255,81,5,81,0,0
17773,294,2020-07-19,564,82,6,82,0,0
17898,299,2020-07-20,125,83,5,83,0,0
18354,308,2020-07-21,456,84,9,84,0,0
18850,315,2020-07-22,496,85,7,85,0,0
19423,326,2020-07-23,573,86,11,86,0,0
19965,334,2020-07-24,542,87,8,87,0,0
20920,340,2020-07-25,955,88,6,88,0,0
21767,346,2020-07-26,847,89,6,89,0,0
22106,350,2020-07-27,339,90,4,90,0,0
22851,357,2020-07-28,745,91,7,91,0,0
23517,364,2020-07-29,666,92,7,92,0,0
24278,368,2020-07-30,761,93,4,93,0,0
24824,381,2020-07-31,546,94,13,94,0,0
25346,390,2020-08-01,522,95,9,95,0,0
26434,395,2020-08-02,1088,96,5,96,0,0
26998,402,2020-08-03,564,97,7,97,0,0
27664,408,2020-08-04,666,98,6,98,0,0
28312,415,2020-08-05,648,99,7,99,0,0
28312,415,2020-08-06,0,100,0,100,0,0
