Confirmed,Recovered,Deaths,Date_last_updated_AEDT,date_day,New,DayElapsed,New_death,DayElapsed_death,New_recover
1601,1233,51,2020-08-06 22:00:00,2020-08-06,17,135,0,137,6
1584,1227,51,2020-08-05 22:00:00,2020-08-05,19,134,0,136,2
1565,1225,51,2020-08-04 22:00:00,2020-08-04,4,133,0,135,4
1561,1221,51,2020-08-03 22:00:00,2020-08-03,9,132,0,134,4
1552,1217,51,2020-08-02 22:00:00,2020-08-02,17,131,1,133,22
1535,1195,50,2020-08-01 22:00:00,2020-08-01,21,130,0,132,8
1514,1187,50,2020-07-31 22:00:00,2020-07-31,26,129,0,131,9
1488,1178,50,2020-07-30 22:00:00,2020-07-30,20,128,0,130,10
1468,1168,50,2020-07-29 22:00:00,2020-07-29,13,127,0,129,11
1455,1157,50,2020-07-28 22:00:00,2020-07-28,3,126,0,128,15
1452,1142,50,2020-07-27 22:00:00,2020-07-27,9,125,0,127,9
1443,1133,50,2020-07-26 22:00:00,2020-07-26,18,124,0,126,9
1425,1124,50,2020-07-25 22:00:00,2020-07-25,19,123,0,125,6
1406,1118,50,2020-07-24 22:00:00,2020-07-24,12,122,0,124,10
1394,1108,50,2020-07-23 22:00:00,2020-07-23,5,121,0,123,5
1389,1103,50,2020-07-22 22:00:00,2020-07-22,8,120,0,122,4
1381,1099,50,2020-07-21 22:00:00,2020-07-21,7,119,0,121,2
1374,1097,50,2020-07-20 22:00:00,2020-07-20,26,118,0,120,2
1348,1095,50,2020-07-19 22:00:00,2020-07-19,12,117,0,119,0
1336,1095,50,2020-07-18 22:00:00,2020-07-18,9,116,0,118,2
1327,1093,50,2020-07-17 22:00:00,2020-07-17,8,115,0,117,2
1319,1091,50,2020-07-16 22:00:00,2020-07-16,13,114,0,116,4
1306,1087,50,2020-07-15 22:00:00,2020-07-15,4,113,0,115,5
1302,1082,50,2020-07-14 22:00:00,2020-07-14,39,112,0,114,6
1263,1076,50,2020-07-13 22:00:00,2020-07-13,18,111,0,113,0
1245,1076,50,2020-07-12 22:00:00,2020-07-12,5,110,0,112,9
1240,1067,50,2020-07-11 22:00:00,2020-07-11,9,109,0,111,12
1231,1055,50,2020-07-10 22:00:00,2020-07-10,10,108,0,110,5
1221,1050,50,2020-07-09 22:00:00,2020-07-09,16,107,0,109,1
1205,1049,50,2020-07-08 22:00:00,2020-07-08,6,106,0,108,0
1199,1049,50,2020-07-07 22:00:00,2020-07-07,11,105,0,107,1
1188,1048,50,2020-07-06 22:00:00,2020-07-06,2,104,0,106,2
1186,1046,50,2020-07-05 22:00:00,2020-07-05,5,103,0,105,1
1181,1045,50,2020-07-04 22:00:00,2020-07-04,3,102,0,104,6
1178,1039,50,2020-07-03 22:00:00,2020-07-03,3,101,0,103,1
1175,1038,50,2020-07-02 22:00:00,2020-07-02,1,100,0,102,7
1174,1031,50,2020-07-01 22:00:00,2020-07-01,2,99,0,101,2
1172,1029,50,2020-06-30 22:00:00,2020-06-30,3,98,0,100,0
1169,1029,50,2020-06-29 22:00:00,2020-06-29,1,97,0,99,4
1168,1025,50,2020-06-28 22:00:00,2020-06-28,4,96,0,98,2
1164,1023,50,2020-06-27 22:00:00,2020-06-27,2,95,0,97,0
1162,1023,50,2020-06-26 22:00:00,2020-06-26,2,94,0,96,0
1160,1023,50,2020-06-25 22:00:00,2020-06-25,1,93,0,95,0
1159,1023,50,2020-06-24 22:00:00,2020-06-24,0,92,0,94,3
1159,1020,50,2020-06-23 22:00:00,2020-06-23,0,91,0,93,0
1159,1020,50,2020-06-22 22:00:00,2020-06-22,3,90,0,92,3
1156,1017,50,2020-06-21 22:00:00,2020-06-21,0,89,0,91,0
1156,1017,50,2020-06-20 22:00:00,2020-06-20,24,88,0,90,11
1132,1006,50,2020-06-19 22:00:00,2020-06-19,4,87,0,89,2
1128,1004,50,2020-06-18 22:00:00,2020-06-18,3,86,1,88,2
1125,1002,49,2020-06-17 22:00:00,2020-06-17,15,85,0,87,3
1110,999,49,2020-06-16 22:00:00,2020-06-16,14,84,0,86,1
1096,998,49,2020-06-15 22:00:00,2020-06-15,2,83,0,85,3
1094,995,49,2020-06-14 22:00:00,2020-06-14,1,82,0,84,0
1093,995,49,2020-06-13 22:00:00,2020-06-13,6,81,0,83,6
1087,989,49,2020-06-12 22:00:00,2020-06-12,0,80,0,82,0
1087,989,49,2020-06-11 22:00:00,2020-06-11,0,79,0,81,6
1087,983,49,2020-06-10 22:00:00,2020-06-10,0,78,0,80,1
1087,982,49,2020-06-09 22:00:00,2020-06-09,0,77,0,79,0
1087,982,49,2020-06-08 22:00:00,2020-06-08,0,76,0,78,0
1087,982,49,2020-06-07 22:00:00,2020-06-07,0,75,0,77,5
1087,977,49,2020-06-06 22:00:00,2020-06-06,0,74,0,76,8
1087,969,49,2020-06-05 22:00:00,2020-06-05,0,73,0,75,1
1087,968,49,2020-06-04 22:00:00,2020-06-04,0,72,0,74,3
1087,965,49,2020-06-03 22:00:00,2020-06-03,1,71,1,73,0
1086,965,48,2020-06-02 22:00:00,2020-06-02,2,70,0,72,1
1084,964,48,2020-06-01 22:00:00,2020-06-01,7,69,0,71,4
1077,960,48,2020-05-31 22:00:00,2020-05-31,1,68,0,70,10
1076,950,48,2020-05-30 22:00:00,2020-05-30,5,67,0,69,4
1071,946,48,2020-05-29 22:00:00,2020-05-29,3,66,0,68,8
1068,938,48,2020-05-28 22:00:00,2020-05-28,17,65,0,67,9
1051,929,48,2020-05-27 22:00:00,2020-05-27,0,64,0,66,10
1051,919,48,2020-05-26 22:00:00,2020-05-26,0,63,0,65,2
1051,917,48,2020-05-25 22:00:00,2020-05-25,3,62,0,64,3
1048,914,48,2020-05-24 22:00:00,2020-05-24,0,61,1,63,11
1048,903,47,2020-05-23 22:00:00,2020-05-23,2,60,0,62,20
1046,883,47,2020-05-22 22:00:00,2020-05-22,1,59,0,61,21
1045,862,47,2020-05-21 22:00:00,2020-05-21,1,58,0,60,36
1044,826,47,2020-05-20 22:00:00,2020-05-20,1,57,1,59,7
1043,819,46,2020-05-19 22:00:00,2020-05-19,6,56,1,58,3
1037,816,45,2020-05-18 22:00:00,2020-05-18,0,55,0,57,9
1037,807,45,2020-05-17 22:00:00,2020-05-17,2,54,0,56,5
1035,802,45,2020-05-16 22:00:00,2020-05-16,3,53,0,55,32
1032,770,45,2020-05-15 22:00:00,2020-05-15,0,52,0,54,11
1032,759,45,2020-05-14 22:00:00,2020-05-14,0,51,0,53,19
1032,740,45,2020-05-13 22:00:00,2020-05-13,0,50,0,52,13
1032,727,45,2020-05-12 22:00:00,2020-05-12,0,49,0,51,27
1032,700,45,2020-05-11 22:00:00,2020-05-11,0,48,0,50,40
1032,660,45,2020-05-10 22:00:00,2020-05-10,2,47,0,49,22
1030,638,45,2020-05-09 22:00:00,2020-05-09,4,46,1,48,38
1026,600,44,2020-05-08 22:00:00,2020-05-08,1,45,1,47,9
1025,591,43,2020-05-07 22:00:00,2020-05-07,3,44,0,46,109
1022,482,43,2020-05-06 22:00:00,2020-05-06,4,43,0,45,76
1018,406,43,2020-05-05 22:00:00,2020-05-05,5,42,1,44,78
1013,328,42,2020-05-04 22:00:00,2020-05-04,4,41,0,43,5
1009,323,42,2020-05-03 22:00:00,2020-05-03,11,40,1,42,7
998,316,41,2020-05-02 22:00:00,2020-05-02,4,39,0,41,11
994,305,41,2020-05-01 22:00:00,2020-05-01,14,38,1,40,11
980,294,40,2020-04-30 22:00:00,2020-04-30,5,37,0,39,15
975,279,40,2020-04-29 22:00:00,2020-04-29,8,36,1,38,0
967,279,39,2020-04-28 22:00:00,2020-04-28,18,35,1,37,63
949,216,38,2020-04-27 22:00:00,2020-04-27,10,34,0,36,9
939,207,38,2020-04-26 22:00:00,2020-04-26,17,33,0,35,13
922,194,38,2020-04-25 22:00:00,2020-04-25,4,32,0,34,4
918,190,38,2020-04-24 22:00:00,2020-04-24,9,31,0,33,0
909,190,38,2020-04-23 22:00:00,2020-04-23,8,30,0,32,20
901,170,38,2020-04-22 22:00:00,2020-04-22,17,29,0,31,22
884,148,38,2020-04-21 22:00:00,2020-04-21,5,28,0,30,105
879,43,38,2020-04-20 22:00:00,2020-04-20,13,27,1,29,0
866,43,37,2020-04-19 22:00:00,2020-04-19,2,26,0,28,0
864,43,37,2020-04-18 22:00:00,2020-04-18,42,25,0,27,0
822,43,37,2020-04-17 22:00:00,2020-04-17,42,24,2,26,0
780,43,35,2020-04-16 22:00:00,2020-04-16,33,23,1,25,0
747,43,34,2020-04-15 22:00:00,2020-04-15,21,22,0,24,0
726,43,34,2020-04-14 22:00:00,2020-04-14,19,21,3,23,0
707,43,31,2020-04-13 22:00:00,2020-04-13,22,20,3,22,0
685,43,28,2020-04-12 22:00:00,2020-04-12,14,19,3,21,0
671,43,25,2020-04-11 22:00:00,2020-04-11,28,18,0,20,18
643,25,25,2020-04-10 22:00:00,2020-04-10,15,17,1,19,0
628,25,24,2020-04-09 22:00:00,2020-04-09,5,16,1,18,0
623,25,23,2020-04-08 22:00:00,2020-04-08,27,15,1,17,20
596,5,22,2020-04-07 22:00:00,2020-04-07,22,14,0,16,0
574,5,22,2020-04-06 22:00:00,2020-04-06,21,13,4,15,0
553,5,18,2020-04-05 22:00:00,2020-04-05,58,12,0,14,0
495,5,18,2020-04-04 21:00:00,2020-04-04,40,11,4,13,0
455,5,14,2020-04-03 21:00:00,2020-04-03,32,10,2,12,0
423,5,12,2020-04-02 21:00:00,2020-04-02,29,9,2,11,2
394,3,10,2020-04-01 21:00:00,2020-04-01,32,8,1,10,0
362,3,9,2020-03-31 21:00:00,2020-03-31,50,7,1,9,1
312,2,8,2020-03-30 21:00:00,2020-03-30,34,6,0,8,0
278,2,8,2020-03-29 21:00:00,2020-03-29,51,5,1,7,0
227,2,7,2020-03-28 21:00:00,2020-03-28,0,4,1,6,0
227,2,6,2020-03-27 21:10:00,2020-03-27,54,3,0,5,0
173,2,6,2020-03-26 22:20:00,2020-03-26,54,2,2,4,1
119,1,4,2020-03-25 23:20:00,2020-03-25,29,1,1,3,0
90,1,3,2020-03-24 21:20:00,2020-03-24,15,0,0,2,0
75,1,3,2020-03-23 21:40:00,2020-03-23,15,0,2,1,0
60,1,1,2020-03-22 21:00:00,2020-03-22,0,0,0,0,0
60,1,1,2020-03-21 21:00:00,2020-03-21,6,0,0,0,0
54,1,1,2020-03-20 21:20:00,2020-03-20,15,0,1,0,0
39,1,0,2020-03-19 21:30:00,2020-03-19,10,0,0,0,0
29,1,0,2020-03-18 22:00:00,2020-03-18,5,0,0,0,1
24,0,0,2020-03-17 21:00:00,2020-03-17,4,0,0,0,0
20,0,0,2020-03-16 21:00:00,2020-03-16,2,0,0,0,0
18,0,0,2020-03-15 21:00:00,2020-03-15,2,0,0,0,0
16,0,0,2020-03-14 21:00:00,2020-03-14,3,0,0,0,0
13,0,0,2020-03-13 21:00:00,2020-03-13,6,0,0,0,0
7,0,0,2020-03-12 21:00:00,2020-03-12,1,0,0,0,0
6,0,0,2020-03-11 21:00:00,2020-03-11,1,0,0,0,0
5,0,0,2020-03-10 21:00:00,2020-03-10,3,0,0,0,0
2,0,0,2020-03-09 21:00:00,2020-03-09,1,0,0,0,0
1,0,0,2020-03-08 21:00:00,2020-03-08,0,0,0,0,0
1,0,0,2020-03-07 21:00:00,2020-03-07,0,0,0,0,0
1,0,0,2020-03-06 21:00:00,2020-03-06,0,0,0,0,0
1,0,0,2020-03-05 21:00:00,2020-03-05,0,0,0,0,0
1,0,0,2020-03-04 21:00:00,2020-03-04,0,0,0,0,0
1,0,0,2020-03-03 21:00:00,2020-03-03,1,0,0,0,0
0,0,0,2020-03-02 21:00:00,2020-03-02,0,0,0,0,0
0,0,0,2020-03-01 21:00:00,2020-03-01,0,0,0,0,0
0,0,0,2020-02-29 21:00:00,2020-02-29,0,0,0,0,0
0,0,0,2020-02-28 21:00:00,2020-02-28,0,0,0,0,0
0,0,0,2020-02-27 21:00:00,2020-02-27,0,0,0,0,0
0,0,0,2020-02-26 21:00:00,2020-02-26,0,0,0,0,0
0,0,0,2020-02-25 21:00:00,2020-02-25,0,0,0,0,0
0,0,0,2020-02-24 21:00:00,2020-02-24,0,0,0,0,0
0,0,0,2020-02-23 21:00:00,2020-02-23,0,0,0,0,0
0,0,0,2020-02-22 21:00:00,2020-02-22,0,0,0,0,0
0,0,0,2020-02-21 21:00:00,2020-02-21,0,0,0,0,0
0,0,0,2020-02-20 21:00:00,2020-02-20,0,0,0,0,0
0,0,0,2020-02-19 21:00:00,2020-02-19,0,0,0,0,0
0,0,0,2020-02-18 21:00:00,2020-02-18,0,0,0,0,0
0,0,0,2020-02-17 21:00:00,2020-02-17,0,0,0,0,0
0,0,0,2020-02-16 21:00:00,2020-02-16,0,0,0,0,0
0,0,0,2020-02-15 21:00:00,2020-02-15,0,0,0,0,0
0,0,0,2020-02-14 21:00:00,2020-02-14,0,0,0,0,0
0,0,0,2020-02-13 21:00:00,2020-02-13,0,0,0,0,0
0,0,0,2020-02-12 21:00:00,2020-02-12,0,0,0,0,0
0,0,0,2020-02-11 20:30:00,2020-02-11,0,0,0,0,0
0,0,0,2020-02-10 21:00:00,2020-02-10,0,0,0,0,0
0,0,0,2020-02-09 21:00:00,2020-02-09,0,0,0,0,0
0,0,0,2020-02-08 21:00:00,2020-02-08,0,0,0,0,0
0,0,0,2020-02-07 21:00:00,2020-02-07,0,0,0,0,0
0,0,0,2020-02-06 21:00:00,2020-02-06,0,0,0,0,0
0,0,0,2020-02-05 21:00:00,2020-02-05,0,0,0,0,0
0,0,0,2020-02-04 20:00:00,2020-02-04,0,0,0,0,0
0,0,0,2020-02-03 20:00:00,2020-02-03,0,0,0,0,0
0,0,0,2020-02-02 20:00:00,2020-02-02,0,0,0,0,0
0,0,0,2020-02-01 10:00:00,2020-02-01,0,0,0,0,0
0,0,0,2020-01-31 12:30:00,2020-01-31,0,0,0,0,0
0,0,0,2020-01-30 12:00:00,2020-01-30,0,0,0,0,0
0,0,0,2020-01-29 14:00:00,2020-01-29,0,0,0,0,0
0,0,0,2020-01-28 11:30:00,2020-01-28,0,0,0,0,0
0,0,0,2020-01-27 14:00:00,2020-01-27,0,0,0,0,0
0,0,0,2020-01-26 13:00:00,2020-01-26,0,0,0,0,0
0,0,0,2020-01-25 15:00:00,2020-01-25,0,0,0,0,0
0,0,0,2020-01-24 15:00:00,2020-01-24,0,0,0,0,0
0,0,0,2020-01-23 15:00:00,2020-01-23,0,0,0,0,0
0,0,0,2020-01-22 15:00:00,2020-01-22,0,0,0,0,0
0,0,0,2020-01-21 15:00:00,2020-01-21,0,0,0,0,0
