Confirmed,Recovered,Deaths,Date_last_updated_AEDT,date_day,New,DayElapsed,New_death,DayElapsed_death,New_recover
307184,1166,46364,2020-08-06 22:00:00,2020-08-06,891,154,65,151,0
306293,1166,46299,2020-08-05 22:00:00,2020-08-05,670,153,89,150,0
305623,1166,46210,2020-08-04 22:00:00,2020-08-04,928,152,9,149,0
304695,1166,46201,2020-08-03 22:00:00,2020-08-03,743,151,8,148,0
303952,1166,46193,2020-08-02 22:00:00,2020-08-02,771,150,74,147,0
303181,1166,46119,2020-08-01 22:00:00,2020-08-01,880,149,120,146,0
302301,1166,45999,2020-07-31 22:00:00,2020-07-31,846,148,38,145,0
301455,1166,45961,2020-07-30 22:00:00,2020-07-30,763,147,83,144,0
300692,1166,45878,2020-07-29 22:00:00,2020-07-29,581,146,119,143,0
300111,1166,45759,2020-07-28 22:00:00,2020-07-28,685,145,7,142,0
299426,1166,45752,2020-07-27 22:00:00,2020-07-27,745,144,14,141,0
298681,1166,45738,2020-07-26 22:00:00,2020-07-26,767,143,61,140,0
297914,1166,45677,2020-07-25 22:00:00,2020-07-25,768,142,123,139,0
297146,1166,45554,2020-07-24 22:00:00,2020-07-24,769,141,53,138,0
296377,1166,45501,2020-07-23 22:00:00,2020-07-23,560,140,79,137,0
295817,1166,45422,2020-07-22 22:00:00,2020-07-22,445,139,110,136,0
295372,1166,45312,2020-07-21 22:00:00,2020-07-21,580,138,12,135,0
294792,1166,45300,2020-07-20 22:00:00,2020-07-20,726,137,27,134,0
294066,1166,45273,2020-07-19 22:00:00,2020-07-19,827,136,40,133,0
293239,1166,45233,2020-07-18 22:00:00,2020-07-18,687,135,114,132,0
292552,1166,45119,2020-07-17 22:00:00,2020-07-17,641,134,66,131,0
291911,1166,45053,2020-07-16 22:00:00,2020-07-16,538,133,85,130,0
291373,1166,44968,2020-07-15 22:00:00,2020-07-15,1240,132,138,129,0
290133,1166,44830,2020-07-14 22:00:00,2020-07-14,530,131,11,128,0
289603,1166,44819,2020-07-13 22:00:00,2020-07-13,650,130,21,127,0
288953,1166,44798,2020-07-12 22:00:00,2020-07-12,820,129,148,126,0
288133,1166,44650,2020-07-11 22:00:00,2020-07-11,512,128,48,125,0
287621,1166,44602,2020-07-10 22:00:00,2020-07-10,642,127,85,124,0
286979,1166,44517,2020-07-09 22:00:00,2020-07-09,630,126,126,123,0
286349,1166,44391,2020-07-08 22:00:00,2020-07-08,581,125,155,122,0
285768,1166,44236,2020-07-07 22:00:00,2020-07-07,352,124,16,121,0
285416,1166,44220,2020-07-06 22:00:00,2020-07-06,516,123,22,120,0
284900,1166,44198,2020-07-05 22:00:00,2020-07-05,624,122,67,119,0
284276,1166,44131,2020-07-04 22:00:00,2020-07-04,519,121,136,118,0
283757,1166,43995,2020-07-03 22:00:00,2020-07-03,-29726,120,89,117,0
313483,1166,43906,2020-07-02 22:00:00,2020-07-02,829,119,176,116,0
312654,1166,43730,2020-07-01 22:00:00,2020-07-01,689,118,155,115,0
311965,1166,43575,2020-06-30 22:00:00,2020-06-30,814,117,25,114,0
311151,1166,43550,2020-06-29 22:00:00,2020-06-29,901,116,36,113,0
310250,1166,43514,2020-06-28 22:00:00,2020-06-28,890,115,100,112,0
309360,1166,43414,2020-06-27 22:00:00,2020-06-27,1380,114,184,111,0
307980,1166,43230,2020-06-26 22:00:00,2020-06-26,1118,113,149,110,0
306862,1166,43081,2020-06-25 22:00:00,2020-06-25,652,112,154,109,0
306210,1166,42927,2020-06-24 22:00:00,2020-06-24,921,111,280,108,0
305289,1166,42647,2020-06-23 22:00:00,2020-06-23,958,110,15,107,0
304331,1166,42632,2020-06-22 22:00:00,2020-06-22,1221,109,43,106,0
303110,1166,42589,2020-06-21 22:00:00,2020-06-21,1295,108,128,105,0
301815,1166,42461,2020-06-20 22:00:00,2020-06-20,1346,107,173,104,0
300469,1166,42288,2020-06-19 22:00:00,2020-06-19,1218,106,135,103,0
299251,1166,42153,2020-06-18 22:00:00,2020-06-18,1115,105,184,102,0
298136,1166,41969,2020-06-17 22:00:00,2020-06-17,1279,104,233,101,0
296857,1166,41736,2020-06-16 22:00:00,2020-06-16,968,103,38,100,0
295889,1166,41698,2020-06-15 22:00:00,2020-06-15,1514,102,36,99,0
294375,1166,41662,2020-06-14 22:00:00,2020-06-14,1425,101,181,98,0
292950,1166,41481,2020-06-13 22:00:00,2020-06-13,1541,100,202,97,0
291409,1166,41279,2020-06-12 22:00:00,2020-06-12,1266,99,151,96,0
290143,1166,41128,2020-06-11 22:00:00,2020-06-11,1003,98,245,95,0
289140,1166,40883,2020-06-10 22:00:00,2020-06-10,1741,97,286,94,0
287399,1166,40597,2020-06-09 22:00:00,2020-06-09,1205,96,55,93,0
286194,1166,40542,2020-06-08 22:00:00,2020-06-08,1326,95,77,92,0
284868,1166,40465,2020-06-07 22:00:00,2020-06-07,1557,94,204,91,0
283311,1166,40261,2020-06-06 22:00:00,2020-06-06,1650,93,357,90,0
281661,1166,39904,2020-06-05 22:00:00,2020-06-05,1805,92,176,89,0
279856,1166,39728,2020-06-04 22:00:00,2020-06-04,1871,91,359,88,0
277985,1166,39369,2020-06-03 22:00:00,2020-06-03,1653,90,324,87,0
276332,1166,39045,2020-06-02 22:00:00,2020-06-02,1570,89,556,86,0
274762,1166,38489,2020-06-01 22:00:00,2020-06-01,1936,88,113,85,0
272826,1166,38376,2020-05-31 22:00:00,2020-05-31,1604,87,215,84,0
271222,1166,38161,2020-05-30 22:00:00,2020-05-30,2095,86,324,83,0
269127,1166,37837,2020-05-29 22:00:00,2020-05-29,1887,85,377,82,108
267240,1058,37460,2020-05-28 22:00:00,2020-05-28,2013,84,412,81,0
265227,1058,37048,2020-05-27 22:00:00,2020-05-27,4043,83,134,80,0
261184,1058,36914,2020-05-26 22:00:00,2020-05-26,1625,82,121,79,0
259559,1058,36793,2020-05-25 22:00:00,2020-05-25,2405,81,118,78,0
257154,1058,36675,2020-05-24 22:00:00,2020-05-24,2959,80,282,77,0
254195,1058,36393,2020-05-23 22:00:00,2020-05-23,3287,79,351,76,0
250908,1058,36042,2020-05-22 22:00:00,2020-05-22,2615,78,338,75,0
248293,1058,35704,2020-05-21 22:00:00,2020-05-21,-525,77,363,74,0
248818,1058,35341,2020-05-20 22:00:00,2020-05-20,2412,76,545,73,0
246406,1058,34796,2020-05-19 22:00:00,2020-05-19,2711,75,160,72,0
243695,1058,34636,2020-05-18 22:00:00,2020-05-18,3534,74,170,71,15
240161,1043,34466,2020-05-17 22:00:00,2020-05-17,3450,73,468,70,0
236711,1043,33998,2020-05-16 22:00:00,2020-05-16,3560,72,384,69,0
233151,1043,33614,2020-05-15 22:00:00,2020-05-15,3446,71,428,68,45
229705,998,33186,2020-05-14 22:00:00,2020-05-14,3242,70,494,67,0
226463,998,32692,2020-05-13 22:00:00,2020-05-13,3403,69,627,66,0
223060,998,32065,2020-05-12 22:00:00,2020-05-12,3877,68,210,65,0
219183,998,31855,2020-05-11 22:00:00,2020-05-11,3923,67,268,64,0
215260,998,31587,2020-05-10 22:00:00,2020-05-10,3896,66,346,63,0
211364,998,31241,2020-05-09 22:00:00,2020-05-09,4649,65,626,62,88
206715,910,30615,2020-05-08 22:00:00,2020-05-08,5614,64,539,61,0
201101,910,30076,2020-05-07 22:00:00,2020-05-07,6111,63,649,60,0
194990,910,29427,2020-05-06 22:00:00,2020-05-06,4406,62,693,59,0
190584,910,28734,2020-05-05 22:00:00,2020-05-05,3985,61,288,58,53
186599,857,28446,2020-05-04 22:00:00,2020-05-04,4339,60,315,57,0
182260,857,28131,2020-05-03 22:00:00,2020-05-03,4806,59,621,56,0
177454,857,27510,2020-05-02 22:00:00,2020-05-02,6201,58,739,55,0
171253,857,26771,2020-05-01 22:00:00,2020-05-01,6032,57,674,54,0
165221,857,26097,2020-04-30 22:00:00,2020-04-30,4076,56,4419,53,70
161145,787,21678,2020-04-29 22:00:00,2020-04-29,3996,55,586,52,0
157149,787,21092,2020-04-28 22:00:00,2020-04-28,4309,54,360,51,66
152840,721,20732,2020-04-27 22:00:00,2020-04-27,4463,53,413,50,0
148377,721,20319,2020-04-26 22:00:00,2020-04-26,4913,52,813,49,0
143464,721,19506,2020-04-25 22:00:00,2020-04-25,5386,51,768,48,9
138078,712,18738,2020-04-24 22:00:00,2020-04-24,4583,50,638,47,86
133495,626,18100,2020-04-23 22:00:00,2020-04-23,4451,49,763,46,0
129044,626,17337,2020-04-22 22:00:00,2020-04-22,4301,48,828,45,0
124743,626,16509,2020-04-21 22:00:00,2020-04-21,4676,47,449,44,0
120067,626,16060,2020-04-20 22:00:00,2020-04-20,5850,46,596,43,0
114217,626,15464,2020-04-19 22:00:00,2020-04-19,5525,45,888,42,0
108692,626,14576,2020-04-18 22:00:00,2020-04-18,5599,44,847,41,0
103093,626,13729,2020-04-17 22:00:00,2020-04-17,4617,43,861,40,282
98476,344,12868,2020-04-16 22:00:00,2020-04-16,4603,42,761,39,0
93873,344,12107,2020-04-15 22:00:00,2020-04-15,5252,41,778,38,0
88621,344,11329,2020-04-14 22:00:00,2020-04-14,4342,40,717,37,0
84279,344,10612,2020-04-13 22:00:00,2020-04-13,5288,39,737,36,0
78991,344,9875,2020-04-12 22:00:00,2020-04-12,5233,38,917,35,0
73758,344,8958,2020-04-11 22:00:00,2020-04-11,8681,37,980,34,209
65077,135,7978,2020-04-10 22:00:00,2020-04-10,4344,36,881,33,0
60733,135,7097,2020-04-09 22:00:00,2020-04-09,5491,35,938,32,0
55242,135,6159,2020-04-08 22:00:00,2020-04-08,3634,34,786,31,0
51608,135,5373,2020-04-07 22:00:00,2020-04-07,3802,33,439,30,0
47806,135,4934,2020-04-06 22:00:00,2020-04-06,5903,32,621,29,0
41903,135,4313,2020-04-05 22:00:00,2020-04-05,3735,31,708,28,0
38168,135,3605,2020-04-04 21:00:00,2020-04-04,4450,30,684,27,0
33718,135,2921,2020-04-03 21:00:00,2020-04-03,4244,29,569,26,0
29474,135,2352,2020-04-02 21:00:00,2020-04-02,4324,28,563,25,0
25150,135,1789,2020-04-01 21:00:00,2020-04-01,3009,27,381,24,0
22141,135,1408,2020-03-31 21:00:00,2020-03-31,2619,26,180,23,0
19522,135,1228,2020-03-30 21:00:00,2020-03-30,2433,25,209,22,0
17089,135,1019,2020-03-29 21:00:00,2020-03-29,2546,24,260,21,0
14543,135,759,2020-03-28 21:00:00,2020-03-28,2885,23,181,20,0
11658,135,578,2020-03-27 21:10:00,2020-03-27,2129,22,113,19,0
9529,135,465,2020-03-26 22:20:00,2020-03-26,1302,21,38,18,0
8227,135,427,2020-03-25 23:20:00,2020-03-25,1577,20,92,17,0
6650,135,335,2020-03-24 21:20:00,2020-03-24,967,19,54,16,0
5683,135,281,2020-03-23 21:40:00,2020-03-23,665,18,48,15,42
5018,93,233,2020-03-22 21:00:00,2020-03-22,1035,17,56,14,28
3983,65,177,2020-03-21 21:00:00,2020-03-21,714,16,33,13,0
3269,65,144,2020-03-20 21:20:00,2020-03-20,643,15,40,12,0
2626,65,104,2020-03-19 21:30:00,2020-03-19,676,14,33,11,0
1950,65,71,2020-03-18 22:00:00,2020-03-18,407,13,16,10,13
1543,52,55,2020-03-17 21:00:00,2020-03-17,152,12,20,9,32
1391,20,35,2020-03-16 21:00:00,2020-03-16,251,11,14,8,2
1140,18,21,2020-03-15 21:00:00,2020-03-15,342,10,10,7,0
798,18,11,2020-03-14 21:00:00,2020-03-14,208,9,1,6,0
590,18,10,2020-03-13 21:00:00,2020-03-13,134,8,2,5,0
456,18,8,2020-03-12 21:00:00,2020-03-12,73,7,2,4,0
383,18,6,2020-03-11 21:00:00,2020-03-11,62,6,1,3,0
321,18,5,2020-03-10 21:00:00,2020-03-10,41,5,2,2,0
280,18,3,2020-03-09 21:00:00,2020-03-09,71,4,1,1,0
209,18,2,2020-03-08 21:00:00,2020-03-08,45,3,0,0,0
164,18,2,2020-03-07 21:00:00,2020-03-07,48,2,1,0,0
116,18,1,2020-03-06 21:00:00,2020-03-06,26,1,1,0,10
90,8,0,2020-03-05 21:00:00,2020-03-05,37,0,0,0,0
53,8,0,2020-03-04 21:00:00,2020-03-04,12,0,0,0,0
41,8,0,2020-03-03 21:00:00,2020-03-03,5,0,0,0,0
36,8,0,2020-03-02 21:00:00,2020-03-02,13,0,0,0,0
23,8,0,2020-03-01 21:00:00,2020-03-01,3,0,0,0,0
20,8,0,2020-02-29 21:00:00,2020-02-29,1,0,0,0,0
19,8,0,2020-02-28 21:00:00,2020-02-28,4,0,0,0,0
15,8,0,2020-02-27 21:00:00,2020-02-27,2,0,0,0,0
13,8,0,2020-02-26 21:00:00,2020-02-26,0,0,0,0,0
13,8,0,2020-02-25 21:00:00,2020-02-25,0,0,0,0,0
13,8,0,2020-02-24 21:00:00,2020-02-24,4,0,0,0,0
9,8,0,2020-02-23 21:00:00,2020-02-23,0,0,0,0,0
9,8,0,2020-02-22 21:00:00,2020-02-22,0,0,0,0,0
9,8,0,2020-02-21 21:00:00,2020-02-21,0,0,0,0,0
9,8,0,2020-02-20 21:00:00,2020-02-20,0,0,0,0,0
9,8,0,2020-02-19 21:00:00,2020-02-19,0,0,0,0,0
9,8,0,2020-02-18 21:00:00,2020-02-18,0,0,0,0,0
9,8,0,2020-02-17 21:00:00,2020-02-17,0,0,0,0,0
9,8,0,2020-02-16 21:00:00,2020-02-16,0,0,0,0,7
9,1,0,2020-02-15 21:00:00,2020-02-15,0,0,0,0,0
9,1,0,2020-02-14 21:00:00,2020-02-14,0,0,0,0,0
9,1,0,2020-02-13 21:00:00,2020-02-13,1,0,0,0,0
8,1,0,2020-02-12 21:00:00,2020-02-12,0,0,0,0,1
8,0,0,2020-02-11 20:30:00,2020-02-11,0,0,0,0,0
8,0,0,2020-02-10 21:00:00,2020-02-10,5,0,0,0,0
3,0,0,2020-02-09 21:00:00,2020-02-09,0,0,0,0,0
3,0,0,2020-02-08 21:00:00,2020-02-08,0,0,0,0,0
3,0,0,2020-02-07 21:00:00,2020-02-07,1,0,0,0,0
2,0,0,2020-02-06 21:00:00,2020-02-06,0,0,0,0,0
2,0,0,2020-02-05 21:00:00,2020-02-05,0,0,0,0,0
2,0,0,2020-02-04 20:00:00,2020-02-04,0,0,0,0,0
2,0,0,2020-02-03 20:00:00,2020-02-03,0,0,0,0,0
2,0,0,2020-02-02 20:00:00,2020-02-02,0,0,0,0,0
2,0,0,2020-02-01 10:00:00,2020-02-01,2,0,0,0,0
0,0,0,2020-01-31 12:30:00,2020-01-31,0,0,0,0,0
0,0,0,2020-01-30 12:00:00,2020-01-30,0,0,0,0,0
0,0,0,2020-01-29 14:00:00,2020-01-29,0,0,0,0,0
0,0,0,2020-01-28 11:30:00,2020-01-28,0,0,0,0,0
0,0,0,2020-01-27 14:00:00,2020-01-27,0,0,0,0,0
0,0,0,2020-01-26 13:00:00,2020-01-26,0,0,0,0,0
0,0,0,2020-01-25 15:00:00,2020-01-25,0,0,0,0,0
0,0,0,2020-01-24 15:00:00,2020-01-24,0,0,0,0,0
0,0,0,2020-01-23 15:00:00,2020-01-23,0,0,0,0,0
0,0,0,2020-01-22 15:00:00,2020-01-22,0,0,0,0,0
0,0,0,2020-01-21 15:00:00,2020-01-21,0,0,0,0,0
