Confirmed,Recovered,Deaths,Date_last_updated_AEDT,date_day,New,DayElapsed,New_death,DayElapsed_death,New_recover
61606,55385,353,2020-08-06 22:00:00,2020-08-06,0,142,0,130,0
61606,55385,353,2020-08-05 22:00:00,2020-08-05,254,141,2,129,295
61352,55090,351,2020-08-04 22:00:00,2020-08-04,353,140,0,128,475
60999,54615,351,2020-08-03 22:00:00,2020-08-03,0,139,0,127,0
60999,54615,351,2020-08-02 22:00:00,2020-08-02,239,138,0,126,360
60760,54255,351,2020-08-01 22:00:00,2020-08-01,254,137,0,125,346
60506,53909,351,2020-07-31 22:00:00,2020-07-31,283,136,2,124,283
60223,53626,349,2020-07-30 22:00:00,2020-07-30,302,135,2,123,424
59921,53202,347,2020-07-29 22:00:00,2020-07-29,375,134,0,122,297
59546,52905,347,2020-07-28 22:00:00,2020-07-28,633,133,3,121,723
58913,52182,344,2020-07-27 22:00:00,2020-07-27,0,132,0,120,0
58913,52182,344,2020-07-26 22:00:00,2020-07-26,351,131,1,119,554
58562,51628,343,2020-07-25 22:00:00,2020-07-25,313,130,0,118,393
58249,51235,343,2020-07-24 22:00:00,2020-07-24,261,129,1,117,387
57988,50848,342,2020-07-23 22:00:00,2020-07-23,490,128,1,116,884
57498,49964,341,2020-07-22 22:00:00,2020-07-22,305,127,1,115,343
57193,49621,340,2020-07-21 22:00:00,2020-07-21,271,126,1,114,352
56922,49269,339,2020-07-20 22:00:00,2020-07-20,0,125,0,113,0
56922,49269,339,2020-07-19 22:00:00,2020-07-19,211,124,1,112,352
56711,48917,338,2020-07-18 22:00:00,2020-07-18,582,123,3,111,1505
56129,47412,335,2020-07-17 22:00:00,2020-07-17,281,122,0,110,994
55848,46418,335,2020-07-16 22:00:00,2020-07-16,275,121,0,109,393
55573,46025,335,2020-07-15 22:00:00,2020-07-15,375,120,1,108,512
55198,45513,334,2020-07-14 22:00:00,2020-07-14,344,119,1,107,373
54854,45140,333,2020-07-13 22:00:00,2020-07-13,401,118,2,106,492
54453,44648,331,2020-07-12 22:00:00,2020-07-12,403,117,1,105,679
54050,43969,330,2020-07-11 22:00:00,2020-07-11,473,116,2,104,399
53577,43570,328,2020-07-10 22:00:00,2020-07-10,0,115,0,103,0
53577,43570,328,2020-07-09 22:00:00,2020-07-09,977,114,2,102,1856
52600,41714,326,2020-07-08 22:00:00,2020-07-08,0,113,0,101,0
52600,41714,326,2020-07-07 22:00:00,2020-07-07,1060,112,3,100,1417
51540,40297,323,2020-07-06 22:00:00,2020-07-06,683,111,2,99,440
50857,39857,321,2020-07-05 22:00:00,2020-07-05,0,110,0,98,0
50857,39857,321,2020-07-04 22:00:00,2020-07-04,1388,109,4,97,1193
49469,38664,317,2020-07-03 22:00:00,2020-07-03,400,108,1,96,504
49069,38160,316,2020-07-02 22:00:00,2020-07-02,402,107,1,95,594
48667,37566,315,2020-07-01 22:00:00,2020-07-01,421,106,1,94,490
48246,37076,314,2020-06-30 22:00:00,2020-06-30,449,105,1,93,665
47797,36411,313,2020-06-29 22:00:00,2020-06-29,437,104,2,92,577
47360,35834,311,2020-06-28 22:00:00,2020-06-28,387,103,1,91,365
46973,35469,310,2020-06-27 22:00:00,2020-06-27,410,102,2,90,304
46563,35165,308,2020-06-26 22:00:00,2020-06-26,0,101,0,89,0
46563,35165,308,2020-06-25 22:00:00,2020-06-25,880,100,3,88,1462
45683,33703,305,2020-06-24 22:00:00,2020-06-24,380,99,2,87,657
45303,33046,303,2020-06-23 22:00:00,2020-06-23,378,98,1,86,631
44925,32415,302,2020-06-22 22:00:00,2020-06-22,0,97,0,85,0
44925,32415,302,2020-06-21 22:00:00,2020-06-21,780,96,2,84,1419
44145,30996,300,2020-06-20 22:00:00,2020-06-20,0,95,0,83,0
44145,30996,300,2020-06-19 22:00:00,2020-06-19,393,94,2,82,755
43752,30241,298,2020-06-18 22:00:00,2020-06-18,770,93,5,81,1380
42982,28861,293,2020-06-17 22:00:00,2020-06-17,346,92,2,80,732
42636,28129,291,2020-06-16 22:00:00,2020-06-16,342,91,2,79,667
42294,27462,289,2020-06-15 22:00:00,2020-06-15,304,90,1,78,701
41990,26761,288,2020-06-14 22:00:00,2020-06-14,491,89,1,77,815
41499,25946,287,2020-06-13 22:00:00,2020-06-13,513,88,1,76,712
40986,25234,286,2020-06-12 22:00:00,2020-06-12,0,87,0,75,0
40986,25234,286,2020-06-11 22:00:00,2020-06-11,1082,86,3,74,2494
39904,22740,283,2020-06-10 22:00:00,2020-06-10,0,85,0,73,0
39904,22740,283,2020-06-09 22:00:00,2020-06-09,1096,84,7,72,934
38808,21806,276,2020-06-08 22:00:00,2020-06-08,540,83,1,71,745
38268,21061,275,2020-06-07 22:00:00,2020-06-07,626,82,1,70,724
37642,20337,274,2020-06-06 22:00:00,2020-06-06,624,81,1,69,765
37018,19572,273,2020-06-05 22:00:00,2020-06-05,659,80,3,68,419
36359,19153,270,2020-06-04 22:00:00,2020-06-04,571,79,1,67,427
35788,18726,269,2020-06-03 22:00:00,2020-06-03,0,78,0,66,0
35788,18726,269,2020-06-02 22:00:00,2020-06-02,1231,77,5,65,794
34557,17932,264,2020-06-01 22:00:00,2020-06-01,0,76,0,64,0
34557,17932,264,2020-05-31 22:00:00,2020-05-31,1387,75,4,63,835
33170,17097,260,2020-05-30 22:00:00,2020-05-30,638,74,2,62,412
32532,16685,258,2020-05-29 22:00:00,2020-05-29,0,73,0,61,0
32532,16685,258,2020-05-28 22:00:00,2020-05-28,1446,72,5,60,703
31086,15982,253,2020-05-27 22:00:00,2020-05-27,0,71,0,59,0
31086,15982,253,2020-05-26 22:00:00,2020-05-26,1601,70,8,58,926
29485,15056,245,2020-05-25 22:00:00,2020-05-25,0,69,0,57,0
29485,15056,245,2020-05-24 22:00:00,2020-05-24,1593,68,4,56,1258
27892,13798,241,2020-05-23 22:00:00,2020-05-23,994,67,4,55,1043
26898,12755,237,2020-05-22 22:00:00,2020-05-22,894,66,4,54,946
26004,11809,233,2020-05-21 22:00:00,2020-05-21,941,65,6,53,1018
25063,10791,227,2020-05-20 22:00:00,2020-05-20,0,64,0,52,0
25063,10791,227,2020-05-19 22:00:00,2020-05-19,1705,63,7,51,2279
23358,8512,220,2020-05-18 22:00:00,2020-05-18,0,62,0,50,0
23358,8512,220,2020-05-17 22:00:00,2020-05-17,1527,61,10,49,1184
21831,7328,210,2020-05-16 22:00:00,2020-05-16,747,60,2,48,398
21084,6930,208,2020-05-15 22:00:00,2020-05-15,0,59,0,47,0
21084,6930,208,2020-05-14 22:00:00,2020-05-14,1423,58,5,46,918
19661,6012,203,2020-05-13 22:00:00,2020-05-13,0,57,0,45,0
19661,6012,203,2020-05-12 22:00:00,2020-05-12,1463,56,5,44,1208
18198,4804,198,2020-05-11 22:00:00,2020-05-11,0,55,0,43,0
18198,4804,198,2020-05-10 22:00:00,2020-05-10,1405,54,24,42,967
16793,3837,174,2020-05-09 22:00:00,2020-05-09,0,53,0,41,0
16793,3837,174,2020-05-08 22:00:00,2020-05-08,553,52,9,40,265
16240,3572,165,2020-05-07 22:00:00,2020-05-07,1048,51,19,39,419
15192,3153,146,2020-05-06 22:00:00,2020-05-06,0,50,0,38,0
15192,3153,146,2020-05-05 22:00:00,2020-05-05,1029,49,20,37,390
14163,2763,126,2020-05-04 22:00:00,2020-05-04,0,48,0,36,0
14163,2763,126,2020-05-03 22:00:00,2020-05-03,1125,47,15,35,220
13038,2543,111,2020-05-02 22:00:00,2020-05-02,0,46,0,34,0
13038,2543,111,2020-05-01 22:00:00,2020-05-01,557,45,6,33,114
12481,2429,105,2020-04-30 22:00:00,2020-04-30,1101,44,16,32,248
11380,2181,89,2020-04-29 22:00:00,2020-04-29,0,43,0,31,0
11380,2181,89,2020-04-28 22:00:00,2020-04-28,1031,42,13,30,203
10349,1978,76,2020-04-27 22:00:00,2020-04-27,0,41,0,29,0
10349,1978,76,2020-04-26 22:00:00,2020-04-26,1068,40,12,28,218
9281,1760,64,2020-04-25 22:00:00,2020-04-25,525,39,8,27,123
8756,1637,56,2020-04-24 22:00:00,2020-04-24,0,38,0,26,0
8756,1637,56,2020-04-23 22:00:00,2020-04-23,1001,37,10,25,194
7755,1443,46,2020-04-22 22:00:00,2020-04-22,0,36,0,24,0
7755,1443,46,2020-04-21 22:00:00,2020-04-21,974,35,5,23,157
6781,1286,41,2020-04-20 22:00:00,2020-04-20,0,34,0,22,0
6781,1286,41,2020-04-19 22:00:00,2020-04-19,479,33,4,21,98
6302,1188,37,2020-04-18 22:00:00,2020-04-18,477,32,2,20,93
5825,1095,35,2020-04-17 22:00:00,2020-04-17,460,31,2,19,61
5365,1034,33,2020-04-16 22:00:00,2020-04-16,432,30,5,18,101
4933,933,28,2020-04-15 22:00:00,2020-04-15,412,29,3,17,81
4521,852,25,2020-04-14 22:00:00,2020-04-14,398,28,3,16,172
4123,680,22,2020-04-13 22:00:00,2020-04-13,387,27,2,15,92
3736,588,20,2020-04-12 22:00:00,2020-04-12,376,26,4,14,170
3360,418,16,2020-04-11 22:00:00,2020-04-11,370,25,2,13,150
2990,268,14,2020-04-10 22:00:00,2020-04-10,331,24,2,12,29
2659,239,12,2020-04-09 22:00:00,2020-04-09,300,23,0,11,53
2359,186,12,2020-04-08 22:00:00,2020-04-08,283,22,1,10,19
2076,167,11,2020-04-07 22:00:00,2020-04-07,277,21,1,9,23
1799,144,10,2020-04-06 22:00:00,2020-04-06,294,20,0,8,19
1505,125,10,2020-04-05 22:00:00,2020-04-05,241,19,1,7,17
1264,108,9,2020-04-04 21:00:00,2020-04-04,240,18,1,6,12
1024,96,8,2020-04-03 21:00:00,2020-04-03,210,17,0,5,35
814,61,8,2020-04-02 21:00:00,2020-04-02,150,16,2,4,0
664,61,6,2020-04-01 21:00:00,2020-04-01,53,15,1,3,0
611,61,5,2020-03-31 21:00:00,2020-03-31,41,14,2,2,3
570,58,3,2020-03-30 21:00:00,2020-03-30,102,13,1,1,3
468,55,2,2020-03-29 21:00:00,2020-03-29,63,12,0,0,3
405,52,2,2020-03-28 21:00:00,2020-03-28,72,11,0,0,0
333,52,2,2020-03-27 21:10:00,2020-03-27,0,10,0,0,0
333,52,2,2020-03-26 22:20:00,2020-03-26,85,9,0,0,7
248,45,2,2020-03-25 23:20:00,2020-03-25,50,8,0,0,4
198,41,2,2020-03-24 21:20:00,2020-03-24,45,7,0,0,3
153,38,2,2020-03-23 21:40:00,2020-03-23,0,6,0,0,0
153,38,2,2020-03-22 21:00:00,2020-03-22,13,5,0,0,7
140,31,2,2020-03-21 21:00:00,2020-03-21,0,4,2,0,0
140,31,0,2020-03-20 21:20:00,2020-03-20,27,3,0,0,5
113,26,0,2020-03-19 21:30:00,2020-03-19,0,2,0,0,0
113,26,0,2020-03-18 22:00:00,2020-03-18,15,1,0,0,3
98,23,0,2020-03-17 21:00:00,2020-03-17,0,0,0,0,0
98,23,0,2020-03-16 21:00:00,2020-03-16,12,0,0,0,3
86,20,0,2020-03-15 21:00:00,2020-03-15,1,0,0,0,0
85,20,0,2020-03-14 21:00:00,2020-03-14,0,0,0,0,0
85,20,0,2020-03-13 21:00:00,2020-03-13,11,0,0,0,3
74,17,0,2020-03-12 21:00:00,2020-03-12,0,0,0,0,0
74,17,0,2020-03-11 21:00:00,2020-03-11,0,0,0,0,5
74,12,0,2020-03-10 21:00:00,2020-03-10,29,0,0,0,5
45,7,0,2020-03-09 21:00:00,2020-03-09,0,0,0,0,0
45,7,0,2020-03-08 21:00:00,2020-03-08,0,0,0,0,0
45,7,0,2020-03-07 21:00:00,2020-03-07,17,0,0,0,2
28,5,0,2020-03-06 21:00:00,2020-03-06,0,0,0,0,0
28,5,0,2020-03-05 21:00:00,2020-03-05,1,0,0,0,0
27,5,0,2020-03-04 21:00:00,2020-03-04,6,0,0,0,0
21,5,0,2020-03-03 21:00:00,2020-03-03,0,0,0,0,0
21,5,0,2020-03-02 21:00:00,2020-03-02,0,0,0,0,0
21,5,0,2020-03-01 21:00:00,2020-03-01,2,0,0,0,0
19,5,0,2020-02-29 21:00:00,2020-02-29,0,0,0,0,0
19,5,0,2020-02-28 21:00:00,2020-02-28,6,0,0,0,2
13,3,0,2020-02-27 21:00:00,2020-02-27,0,0,0,0,0
13,3,0,2020-02-26 21:00:00,2020-02-26,0,0,0,0,0
13,3,0,2020-02-25 21:00:00,2020-02-25,0,0,0,0,0
13,3,0,2020-02-24 21:00:00,2020-02-24,0,0,0,0,0
13,3,0,2020-02-23 21:00:00,2020-02-23,2,0,0,0,0
11,3,0,2020-02-22 21:00:00,2020-02-22,2,0,0,0,0
9,3,0,2020-02-21 21:00:00,2020-02-21,0,0,0,0,0
9,3,0,2020-02-20 21:00:00,2020-02-20,0,0,0,0,0
9,3,0,2020-02-19 21:00:00,2020-02-19,0,0,0,0,0
9,3,0,2020-02-18 21:00:00,2020-02-18,0,0,0,0,0
9,3,0,2020-02-17 21:00:00,2020-02-17,1,0,0,0,0
8,3,0,2020-02-16 21:00:00,2020-02-16,0,0,0,0,2
8,1,0,2020-02-15 21:00:00,2020-02-15,0,0,0,0,0
8,1,0,2020-02-14 21:00:00,2020-02-14,0,0,0,0,0
8,1,0,2020-02-13 21:00:00,2020-02-13,0,0,0,0,0
8,1,0,2020-02-12 21:00:00,2020-02-12,0,0,0,0,1
8,0,0,2020-02-11 20:30:00,2020-02-11,1,0,0,0,0
7,0,0,2020-02-10 21:00:00,2020-02-10,0,0,0,0,0
7,0,0,2020-02-09 21:00:00,2020-02-09,0,0,0,0,0
7,0,0,2020-02-08 21:00:00,2020-02-08,2,0,0,0,0
5,0,0,2020-02-07 21:00:00,2020-02-07,0,0,0,0,0
5,0,0,2020-02-06 21:00:00,2020-02-06,0,0,0,0,0
5,0,0,2020-02-05 21:00:00,2020-02-05,0,0,0,0,0
5,0,0,2020-02-04 20:00:00,2020-02-04,0,0,0,0,0
5,0,0,2020-02-03 20:00:00,2020-02-03,0,0,0,0,0
5,0,0,2020-02-02 20:00:00,2020-02-02,1,0,0,0,0
4,0,0,2020-02-01 10:00:00,2020-02-01,0,0,0,0,0
4,0,0,2020-01-31 12:30:00,2020-01-31,0,0,0,0,0
4,0,0,2020-01-30 12:00:00,2020-01-30,4,0,0,0,0
0,0,0,2020-01-29 14:00:00,2020-01-29,0,0,0,0,0
0,0,0,2020-01-28 11:30:00,2020-01-28,0,0,0,0,0
0,0,0,2020-01-27 14:00:00,2020-01-27,0,0,0,0,0
0,0,0,2020-01-26 13:00:00,2020-01-26,0,0,0,0,0
0,0,0,2020-01-25 15:00:00,2020-01-25,0,0,0,0,0
0,0,0,2020-01-24 15:00:00,2020-01-24,0,0,0,0,0
0,0,0,2020-01-23 15:00:00,2020-01-23,0,0,0,0,0
0,0,0,2020-01-22 15:00:00,2020-01-22,0,0,0,0,0
0,0,0,2020-01-21 15:00:00,2020-01-21,0,0,0,0,0
