Confirmed,Recovered,Deaths,Date_last_updated_AEDT,date_day,New,DayElapsed,New_death,DayElapsed_death,New_recover
1309,1065,37,2020-08-06 22:00:00,2020-08-06,9,139,0,126,17
1300,1048,37,2020-08-05 22:00:00,2020-08-05,9,138,1,125,25
1291,1023,36,2020-08-04 22:00:00,2020-08-04,5,137,0,124,12
1286,1011,36,2020-08-03 22:00:00,2020-08-03,8,136,1,123,7
1278,1004,35,2020-08-02 22:00:00,2020-08-02,14,135,0,122,10
1264,994,35,2020-08-01 22:00:00,2020-08-01,21,134,0,121,16
1243,978,35,2020-07-31 22:00:00,2020-07-31,6,133,0,120,11
1237,967,35,2020-07-30 22:00:00,2020-07-30,19,132,0,119,9
1218,958,35,2020-07-29 22:00:00,2020-07-29,16,131,0,118,7
1202,951,35,2020-07-28 22:00:00,2020-07-28,10,130,1,117,3
1192,948,34,2020-07-27 22:00:00,2020-07-27,18,129,0,116,1
1174,947,34,2020-07-26 22:00:00,2020-07-26,8,128,0,115,1
1166,946,34,2020-07-25 22:00:00,2020-07-25,25,127,0,114,6
1141,940,34,2020-07-24 22:00:00,2020-07-24,24,126,0,113,6
1117,934,34,2020-07-23 22:00:00,2020-07-23,21,125,1,112,5
1096,929,33,2020-07-22 22:00:00,2020-07-22,32,124,0,111,2
1064,927,33,2020-07-21 22:00:00,2020-07-21,10,123,0,110,5
1054,922,33,2020-07-20 22:00:00,2020-07-20,10,122,0,109,1
1044,921,33,2020-07-19 22:00:00,2020-07-19,7,121,1,108,4
1037,917,32,2020-07-18 22:00:00,2020-07-18,11,120,0,107,1
1026,916,32,2020-07-17 22:00:00,2020-07-17,17,119,1,106,7
1009,909,31,2020-07-16 22:00:00,2020-07-16,12,118,0,105,4
997,905,31,2020-07-15 22:00:00,2020-07-15,8,117,0,104,2
989,903,31,2020-07-14 22:00:00,2020-07-14,2,116,0,103,7
987,896,31,2020-07-13 22:00:00,2020-07-13,1,115,1,102,0
986,896,30,2020-07-12 22:00:00,2020-07-12,1,114,1,101,10
985,886,29,2020-07-11 22:00:00,2020-07-11,8,113,0,100,8
977,878,29,2020-07-10 22:00:00,2020-07-10,3,112,0,99,7
974,871,29,2020-07-09 22:00:00,2020-07-09,9,111,0,98,6
965,865,29,2020-07-08 22:00:00,2020-07-08,5,110,0,97,7
960,858,29,2020-07-07 22:00:00,2020-07-07,4,109,1,96,9
956,849,28,2020-07-06 22:00:00,2020-07-06,1,108,0,95,9
955,840,28,2020-07-05 22:00:00,2020-07-05,3,107,0,94,3
952,837,28,2020-07-04 22:00:00,2020-07-04,5,106,0,93,9
947,828,28,2020-07-03 22:00:00,2020-07-03,4,105,0,92,3
943,825,28,2020-07-02 22:00:00,2020-07-02,7,104,1,91,1
936,824,27,2020-07-01 22:00:00,2020-07-01,4,103,0,90,2
932,822,27,2020-06-30 22:00:00,2020-06-30,3,102,0,89,4
929,818,27,2020-06-29 22:00:00,2020-06-29,5,101,1,88,0
924,818,26,2020-06-28 22:00:00,2020-06-28,5,100,0,87,0
919,818,26,2020-06-27 22:00:00,2020-06-27,12,99,0,86,0
907,818,26,2020-06-26 22:00:00,2020-06-26,5,98,0,85,3
902,815,26,2020-06-25 22:00:00,2020-06-25,17,97,1,84,0
885,815,25,2020-06-24 22:00:00,2020-06-24,3,96,0,83,0
882,815,25,2020-06-23 22:00:00,2020-06-23,6,95,0,82,1
876,814,25,2020-06-22 22:00:00,2020-06-22,17,94,0,81,-1
859,815,25,2020-06-21 22:00:00,2020-06-21,6,93,1,80,1
853,814,24,2020-06-20 22:00:00,2020-06-20,3,92,0,79,0
850,814,24,2020-06-19 22:00:00,2020-06-19,1,91,0,78,4
849,810,24,2020-06-18 22:00:00,2020-06-18,0,90,0,77,9
849,801,24,2020-06-17 22:00:00,2020-06-17,1,89,1,76,9
848,792,23,2020-06-16 22:00:00,2020-06-16,0,88,0,75,4
848,788,23,2020-06-15 22:00:00,2020-06-15,1,87,0,74,4
847,784,23,2020-06-14 22:00:00,2020-06-14,0,86,0,73,4
847,780,23,2020-06-13 22:00:00,2020-06-13,0,85,0,72,8
847,772,23,2020-06-12 22:00:00,2020-06-12,0,84,0,71,14
847,758,23,2020-06-11 22:00:00,2020-06-11,1,83,0,70,4
846,754,23,2020-06-10 22:00:00,2020-06-10,1,82,0,69,16
845,738,23,2020-06-09 22:00:00,2020-06-09,0,81,0,68,8
845,730,23,2020-06-08 22:00:00,2020-06-08,0,80,0,67,4
845,726,23,2020-06-07 22:00:00,2020-06-07,11,79,0,66,5
834,721,23,2020-06-06 22:00:00,2020-06-06,2,78,0,65,12
832,709,23,2020-06-05 22:00:00,2020-06-05,4,77,0,64,11
828,698,23,2020-06-04 22:00:00,2020-06-04,2,76,0,63,7
826,691,23,2020-06-03 22:00:00,2020-06-03,1,75,0,62,2
825,689,23,2020-06-02 22:00:00,2020-06-02,2,74,1,61,4
823,685,22,2020-06-01 22:00:00,2020-06-01,2,73,0,60,3
821,682,22,2020-05-31 22:00:00,2020-05-31,5,72,0,59,2
816,680,22,2020-05-30 22:00:00,2020-05-30,5,71,0,58,26
811,654,22,2020-05-29 22:00:00,2020-05-29,8,70,0,57,4
803,650,22,2020-05-28 22:00:00,2020-05-28,14,69,0,56,12
789,638,22,2020-05-27 22:00:00,2020-05-27,2,68,0,55,9
787,629,22,2020-05-26 22:00:00,2020-05-26,18,67,0,54,11
769,618,22,2020-05-25 22:00:00,2020-05-25,5,66,0,53,2
764,616,22,2020-05-24 22:00:00,2020-05-24,11,65,2,52,13
753,603,20,2020-05-23 22:00:00,2020-05-23,4,64,0,51,9
749,594,20,2020-05-22 22:00:00,2020-05-22,3,63,0,50,6
746,588,20,2020-05-21 22:00:00,2020-05-21,8,62,0,49,9
738,579,20,2020-05-20 22:00:00,2020-05-20,1,61,0,48,10
737,569,20,2020-05-19 22:00:00,2020-05-19,3,60,0,47,5
734,564,20,2020-05-18 22:00:00,2020-05-18,1,59,1,46,6
733,558,19,2020-05-17 22:00:00,2020-05-17,1,58,0,45,5
732,553,19,2020-05-16 22:00:00,2020-05-16,8,57,0,44,6
724,547,19,2020-05-15 22:00:00,2020-05-15,5,56,0,43,2
719,545,19,2020-05-14 22:00:00,2020-05-14,2,55,0,42,13
717,532,19,2020-05-13 22:00:00,2020-05-13,6,54,0,41,9
711,523,19,2020-05-12 22:00:00,2020-05-12,4,53,0,40,6
707,517,19,2020-05-11 22:00:00,2020-05-11,5,52,1,39,4
702,513,18,2020-05-10 22:00:00,2020-05-10,8,51,0,38,7
694,506,18,2020-05-09 22:00:00,2020-05-09,10,50,1,37,14
684,492,17,2020-05-08 22:00:00,2020-05-08,11,49,0,36,6
673,486,17,2020-05-07 22:00:00,2020-05-07,3,48,0,35,18
670,468,17,2020-05-06 22:00:00,2020-05-06,13,47,0,34,21
657,447,17,2020-05-05 22:00:00,2020-05-05,2,46,0,33,5
655,442,17,2020-05-04 22:00:00,2020-05-04,3,45,0,32,2
652,440,17,2020-05-03 22:00:00,2020-05-03,4,44,0,31,5
648,435,17,2020-05-02 22:00:00,2020-05-02,5,43,0,30,18
643,417,17,2020-05-01 22:00:00,2020-05-01,13,42,2,29,5
630,412,15,2020-04-30 22:00:00,2020-04-30,5,41,0,28,18
625,394,15,2020-04-29 22:00:00,2020-04-29,5,40,0,27,8
620,386,15,2020-04-28 22:00:00,2020-04-28,14,39,0,26,11
606,375,15,2020-04-27 22:00:00,2020-04-27,10,38,1,25,5
596,370,14,2020-04-26 22:00:00,2020-04-26,33,37,2,24,1
563,369,12,2020-04-25 22:00:00,2020-04-25,6,36,0,23,15
557,354,12,2020-04-24 22:00:00,2020-04-24,8,35,0,22,17
549,337,12,2020-04-23 22:00:00,2020-04-23,6,34,0,21,13
543,324,12,2020-04-22 22:00:00,2020-04-22,8,33,1,20,11
535,313,11,2020-04-21 22:00:00,2020-04-21,7,32,1,19,15
528,298,10,2020-04-20 22:00:00,2020-04-20,11,31,1,18,0
517,298,9,2020-04-19 22:00:00,2020-04-19,9,30,0,17,4
508,294,9,2020-04-18 22:00:00,2020-04-18,6,29,0,16,8
502,286,9,2020-04-17 22:00:00,2020-04-17,9,28,0,15,14
493,272,9,2020-04-16 22:00:00,2020-04-16,1,27,1,14,12
492,260,8,2020-04-15 22:00:00,2020-04-15,9,26,0,13,12
483,248,8,2020-04-14 22:00:00,2020-04-14,3,25,0,12,17
480,231,8,2020-04-13 22:00:00,2020-04-13,-21,24,1,11,7
501,224,7,2020-04-12 22:00:00,2020-04-12,7,23,0,10,10
494,214,7,2020-04-11 22:00:00,2020-04-11,21,22,0,9,8
473,206,7,2020-04-10 22:00:00,2020-04-10,17,21,0,8,14
456,192,7,2020-04-09 22:00:00,2020-04-09,32,20,0,7,42
424,150,7,2020-04-08 22:00:00,2020-04-08,9,19,1,6,27
415,123,6,2020-04-07 22:00:00,2020-04-07,9,18,0,5,19
406,104,6,2020-04-06 22:00:00,2020-04-06,6,17,1,4,11
400,93,5,2020-04-05 22:00:00,2020-04-05,14,16,1,3,7
386,86,4,2020-04-04 21:00:00,2020-04-04,17,15,0,2,18
369,68,4,2020-04-03 21:00:00,2020-04-03,19,14,2,1,6
350,62,2,2020-04-02 21:00:00,2020-04-02,12,13,1,0,21
338,41,1,2020-04-01 21:00:00,2020-04-01,18,12,0,0,16
320,25,1,2020-03-31 21:00:00,2020-03-31,16,11,0,0,25
304,0,1,2020-03-30 21:00:00,2020-03-30,0,10,0,0,0
304,0,1,2020-03-29 21:00:00,2020-03-29,30,9,1,0,0
274,0,0,2020-03-28 21:00:00,2020-03-28,36,8,0,0,0
238,0,0,2020-03-27 21:10:00,2020-03-27,21,7,0,0,0
217,0,0,2020-03-26 22:20:00,2020-03-26,28,6,0,0,0
189,0,0,2020-03-25 23:20:00,2020-03-25,27,5,0,0,0
162,0,0,2020-03-24 21:20:00,2020-03-24,4,4,0,0,0
158,0,0,2020-03-23 21:40:00,2020-03-23,23,3,0,0,0
135,0,0,2020-03-22 21:00:00,2020-03-22,25,2,0,0,0
110,0,0,2020-03-21 21:00:00,2020-03-21,16,1,0,0,0
94,0,0,2020-03-20 21:20:00,2020-03-20,15,0,0,0,0
79,0,0,2020-03-19 21:30:00,2020-03-19,29,0,0,0,0
50,0,0,2020-03-18 22:00:00,2020-03-18,21,0,0,0,0
29,0,0,2020-03-17 21:00:00,2020-03-17,21,0,0,0,0
8,0,0,2020-03-16 21:00:00,2020-03-16,2,0,0,0,0
6,0,0,2020-03-15 21:00:00,2020-03-15,2,0,0,0,0
4,0,0,2020-03-14 21:00:00,2020-03-14,4,0,0,0,0
0,0,0,2020-03-13 21:00:00,2020-03-13,0,0,0,0,0
0,0,0,2020-03-12 21:00:00,2020-03-12,0,0,0,0,0
0,0,0,2020-03-11 21:00:00,2020-03-11,0,0,0,0,0
0,0,0,2020-03-10 21:00:00,2020-03-10,0,0,0,0,0
0,0,0,2020-03-09 21:00:00,2020-03-09,0,0,0,0,0
0,0,0,2020-03-08 21:00:00,2020-03-08,0,0,0,0,0
0,0,0,2020-03-07 21:00:00,2020-03-07,0,0,0,0,0
0,0,0,2020-03-06 21:00:00,2020-03-06,0,0,0,0,0
0,0,0,2020-03-05 21:00:00,2020-03-05,0,0,0,0,0
0,0,0,2020-03-04 21:00:00,2020-03-04,0,0,0,0,0
0,0,0,2020-03-03 21:00:00,2020-03-03,0,0,0,0,0
0,0,0,2020-03-02 21:00:00,2020-03-02,0,0,0,0,0
0,0,0,2020-03-01 21:00:00,2020-03-01,0,0,0,0,0
0,0,0,2020-02-29 21:00:00,2020-02-29,0,0,0,0,0
0,0,0,2020-02-28 21:00:00,2020-02-28,0,0,0,0,0
0,0,0,2020-02-27 21:00:00,2020-02-27,0,0,0,0,0
0,0,0,2020-02-26 21:00:00,2020-02-26,0,0,0,0,0
0,0,0,2020-02-25 21:00:00,2020-02-25,0,0,0,0,0
0,0,0,2020-02-24 21:00:00,2020-02-24,0,0,0,0,0
0,0,0,2020-02-23 21:00:00,2020-02-23,0,0,0,0,0
0,0,0,2020-02-22 21:00:00,2020-02-22,0,0,0,0,0
0,0,0,2020-02-21 21:00:00,2020-02-21,0,0,0,0,0
0,0,0,2020-02-20 21:00:00,2020-02-20,0,0,0,0,0
0,0,0,2020-02-19 21:00:00,2020-02-19,0,0,0,0,0
0,0,0,2020-02-18 21:00:00,2020-02-18,0,0,0,0,0
0,0,0,2020-02-17 21:00:00,2020-02-17,0,0,0,0,0
0,0,0,2020-02-16 21:00:00,2020-02-16,0,0,0,0,0
0,0,0,2020-02-15 21:00:00,2020-02-15,0,0,0,0,0
0,0,0,2020-02-14 21:00:00,2020-02-14,0,0,0,0,0
0,0,0,2020-02-13 21:00:00,2020-02-13,0,0,0,0,0
0,0,0,2020-02-12 21:00:00,2020-02-12,0,0,0,0,0
0,0,0,2020-02-11 20:30:00,2020-02-11,0,0,0,0,0
0,0,0,2020-02-10 21:00:00,2020-02-10,0,0,0,0,0
0,0,0,2020-02-09 21:00:00,2020-02-09,0,0,0,0,0
0,0,0,2020-02-08 21:00:00,2020-02-08,0,0,0,0,0
0,0,0,2020-02-07 21:00:00,2020-02-07,0,0,0,0,0
0,0,0,2020-02-06 21:00:00,2020-02-06,0,0,0,0,0
0,0,0,2020-02-05 21:00:00,2020-02-05,0,0,0,0,0
0,0,0,2020-02-04 20:00:00,2020-02-04,0,0,0,0,0
0,0,0,2020-02-03 20:00:00,2020-02-03,0,0,0,0,0
0,0,0,2020-02-02 20:00:00,2020-02-02,0,0,0,0,0
0,0,0,2020-02-01 10:00:00,2020-02-01,0,0,0,0,0
0,0,0,2020-01-31 12:30:00,2020-01-31,0,0,0,0,0
0,0,0,2020-01-30 12:00:00,2020-01-30,0,0,0,0,0
0,0,0,2020-01-29 14:00:00,2020-01-29,0,0,0,0,0
0,0,0,2020-01-28 11:30:00,2020-01-28,0,0,0,0,0
0,0,0,2020-01-27 14:00:00,2020-01-27,0,0,0,0,0
0,0,0,2020-01-26 13:00:00,2020-01-26,0,0,0,0,0
0,0,0,2020-01-25 15:00:00,2020-01-25,0,0,0,0,0
0,0,0,2020-01-24 15:00:00,2020-01-24,0,0,0,0,0
0,0,0,2020-01-23 15:00:00,2020-01-23,0,0,0,0,0
0,0,0,2020-01-22 15:00:00,2020-01-22,0,0,0,0,0
0,0,0,2020-01-21 15:00:00,2020-01-21,0,0,0,0,0
