Confirmed,Recovered,Deaths,Date_last_updated_AEDT,date_day,New,DayElapsed,New_death,DayElapsed_death,New_recover
40371,13019,2182,2020-08-06 22:00:00,2020-08-06,0,105,0,105,0
40371,13019,2182,2020-08-05 22:00:00,2020-08-05,228,104,36,104,0
40143,13019,2146,2020-08-04 22:00:00,2020-08-04,650,103,11,103,0
39493,13019,2135,2020-08-03 22:00:00,2020-08-03,180,102,9,102,0
39313,13019,2126,2020-08-02 22:00:00,2020-08-02,591,101,19,101,0
38722,13019,2107,2020-08-01 22:00:00,2020-08-01,525,100,23,100,0
38197,13019,2084,2020-07-31 22:00:00,2020-07-31,175,99,13,99,0
38022,13019,2071,2020-07-30 22:00:00,2020-07-30,727,98,14,98,0
37295,13019,2057,2020-07-29 22:00:00,2020-07-29,740,97,58,97,0
36555,13019,1999,2020-07-28 22:00:00,2020-07-28,648,96,11,96,0
35907,13019,1988,2020-07-27 22:00:00,2020-07-27,233,95,8,95,0
35674,13019,1980,2020-07-26 22:00:00,2020-07-26,311,94,13,94,0
35363,13019,1967,2020-07-25 22:00:00,2020-07-25,581,93,11,93,0
34782,13019,1956,2020-07-24 22:00:00,2020-07-24,739,92,12,92,0
34043,13019,1944,2020-07-23 22:00:00,2020-07-23,632,91,17,91,0
33411,13019,1927,2020-07-22 22:00:00,2020-07-22,480,90,37,90,0
32931,13019,1890,2020-07-21 22:00:00,2020-07-21,410,89,10,89,0
32521,13019,1880,2020-07-20 22:00:00,2020-07-20,217,88,7,88,0
32304,13019,1873,2020-07-19 22:00:00,2020-07-19,446,87,13,87,0
31858,13019,1860,2020-07-18 22:00:00,2020-07-18,696,86,17,86,0
31162,13019,1843,2020-07-17 22:00:00,2020-07-17,1049,85,16,85,0
30113,13019,1827,2020-07-16 22:00:00,2020-07-16,330,84,14,84,0
29783,13019,1813,2020-07-15 22:00:00,2020-07-15,689,83,21,83,0
29094,13019,1792,2020-07-14 22:00:00,2020-07-14,678,82,8,82,0
28416,13019,1784,2020-07-13 22:00:00,2020-07-13,204,81,8,81,0
28212,13019,1776,2020-07-12 22:00:00,2020-07-12,374,80,18,80,0
27838,13019,1758,2020-07-11 22:00:00,2020-07-11,870,79,11,79,0
26968,13019,1747,2020-07-10 22:00:00,2020-07-10,378,78,11,78,0
26590,13019,1736,2020-07-09 22:00:00,2020-07-09,788,77,15,77,0
25802,13019,1721,2020-07-08 22:00:00,2020-07-08,755,76,28,76,0
25047,13019,1693,2020-07-07 22:00:00,2020-07-07,366,75,5,75,0
24681,13019,1688,2020-07-06 22:00:00,2020-07-06,181,74,10,74,0
24500,13019,1678,2020-07-05 22:00:00,2020-07-05,362,73,10,73,0
24138,13019,1668,2020-07-04 22:00:00,2020-07-04,425,72,18,72,0
23713,13019,1650,2020-07-03 22:00:00,2020-07-03,636,71,16,71,0
23077,13019,1634,2020-07-02 22:00:00,2020-07-02,651,70,8,70,0
22426,13019,1626,2020-07-01 22:00:00,2020-07-01,565,69,37,69,0
21861,13019,1589,2020-06-30 22:00:00,2020-06-30,429,68,5,68,0
21432,13019,1584,2020-06-29 22:00:00,2020-06-29,233,67,4,67,0
21199,13019,1580,2020-06-28 22:00:00,2020-06-28,306,66,5,66,0
20893,13019,1575,2020-06-27 22:00:00,2020-06-27,664,65,11,65,0
20229,13019,1564,2020-06-26 22:00:00,2020-06-26,482,64,14,64,0
19747,13019,1550,2020-06-25 22:00:00,2020-06-25,318,63,7,63,0
19429,13019,1543,2020-06-24 22:00:00,2020-06-24,427,62,23,62,0
19002,13019,1520,2020-06-23 22:00:00,2020-06-23,238,61,1,61,0
18764,13019,1519,2020-06-22 22:00:00,2020-06-22,141,60,5,60,0
18623,13019,1514,2020-06-21 22:00:00,2020-06-21,170,59,7,59,0
18453,13019,1507,2020-06-20 22:00:00,2020-06-20,469,58,12,58,0
17984,13019,1495,2020-06-19 22:00:00,2020-06-19,314,57,8,57,0
17670,13019,1487,2020-06-18 22:00:00,2020-06-18,292,56,7,56,0
17378,13019,1480,2020-06-17 22:00:00,2020-06-17,223,55,42,55,0
17155,13019,1438,2020-06-16 22:00:00,2020-06-16,126,54,3,54,0
17029,13019,1435,2020-06-15 22:00:00,2020-06-15,61,53,4,53,0
16968,13019,1431,2020-06-14 22:00:00,2020-06-14,103,52,9,52,0
16865,13019,1422,2020-06-13 22:00:00,2020-06-13,409,51,12,51,0
16456,13019,1410,2020-06-12 22:00:00,2020-06-12,0,50,0,50,0
16456,13019,1410,2020-06-11 22:00:00,2020-06-11,160,49,7,49,0
16296,13019,1403,2020-06-10 22:00:00,2020-06-10,276,48,54,48,13019
16020,0,1349,2020-06-09 22:00:00,2020-06-09,302,47,7,47,0
15718,0,1342,2020-06-08 22:00:00,2020-06-08,66,46,2,46,0
15652,0,1340,2020-06-07 22:00:00,2020-06-07,97,45,13,45,0
15555,0,1327,2020-06-06 22:00:00,2020-06-06,375,44,30,44,0
15180,0,1297,2020-06-05 22:00:00,2020-06-05,306,43,11,43,0
14874,0,1286,2020-06-04 22:00:00,2020-06-04,337,42,30,42,0
14537,0,1256,2020-06-03 22:00:00,2020-06-03,880,41,56,41,0
13657,0,1200,2020-06-02 22:00:00,2020-06-02,0,40,0,40,0
13657,0,1200,2020-06-01 22:00:00,2020-06-01,0,39,0,39,0
13657,0,1200,2020-05-31 22:00:00,2020-05-31,0,38,0,38,0
13657,0,1200,2020-05-30 22:00:00,2020-05-30,-2,37,0,37,0
13659,0,1200,2020-05-29 22:00:00,2020-05-29,0,36,0,36,0
13659,0,1200,2020-05-28 22:00:00,2020-05-28,149,35,58,35,0
13510,0,1142,2020-05-27 22:00:00,2020-05-27,199,34,12,34,0
13311,0,1130,2020-05-26 22:00:00,2020-05-26,36,33,8,33,0
13275,0,1122,2020-05-25 22:00:00,2020-05-25,55,32,6,32,0
13220,0,1116,2020-05-24 22:00:00,2020-05-24,97,31,4,31,0
13123,0,1112,2020-05-23 22:00:00,2020-05-23,186,30,16,30,0
12937,0,1096,2020-05-22 22:00:00,2020-05-22,217,29,13,29,0
12720,0,1083,2020-05-21 22:00:00,2020-05-21,151,28,14,28,0
12569,0,1069,2020-05-20 22:00:00,2020-05-20,165,27,49,27,0
12404,0,1020,2020-05-19 22:00:00,2020-05-19,187,26,15,26,0
12217,0,1005,2020-05-18 22:00:00,2020-05-18,210,25,5,25,0
12007,0,1000,2020-05-17 22:00:00,2020-05-17,110,24,15,24,0
11897,0,985,2020-05-16 22:00:00,2020-05-16,118,23,13,23,0
11779,0,972,2020-05-15 22:00:00,2020-05-15,93,22,14,22,0
11686,0,958,2020-05-14 22:00:00,2020-05-14,130,21,20,21,0
11556,0,938,2020-05-13 22:00:00,2020-05-13,319,20,66,20,0
11237,0,872,2020-05-12 22:00:00,2020-05-12,222,19,14,19,0
11015,0,858,2020-05-11 22:00:00,2020-05-11,131,18,8,18,0
10884,0,850,2020-05-10 22:00:00,2020-05-10,59,17,16,17,0
10825,0,834,2020-05-09 22:00:00,2020-05-09,373,16,21,16,0
10452,0,813,2020-05-08 22:00:00,2020-05-08,227,15,16,15,0
10225,0,797,2020-05-07 22:00:00,2020-05-07,454,14,26,14,0
9771,0,771,2020-05-06 22:00:00,2020-05-06,144,13,49,13,0
9627,0,722,2020-05-05 22:00:00,2020-05-05,298,12,184,12,0
9329,0,538,2020-05-04 22:00:00,2020-05-04,90,11,10,11,0
9239,0,528,2020-05-03 22:00:00,2020-05-03,61,10,13,10,0
9178,0,515,2020-05-02 22:00:00,2020-05-02,445,9,21,9,0
8733,0,494,2020-05-01 22:00:00,2020-05-01,285,8,10,8,0
8448,0,484,2020-04-30 22:00:00,2020-04-30,709,7,14,7,0
7739,0,470,2020-04-29 22:00:00,2020-04-29,423,6,27,6,0
7316,0,443,2020-04-28 22:00:00,2020-04-28,456,5,19,5,0
6860,0,424,2020-04-27 22:00:00,2020-04-27,129,4,11,4,0
6731,0,413,2020-04-26 22:00:00,2020-04-26,203,3,13,3,0
6528,0,400,2020-04-25 22:00:00,2020-04-25,255,2,9,2,0
6273,0,391,2020-04-24 22:00:00,2020-04-24,6273,1,391,1,0
0,0,0,2020-04-23 22:00:00,2020-04-23,0,0,0,0,0
0,0,0,2020-04-22 22:00:00,2020-04-22,0,0,0,0,0
0,0,0,2020-04-21 22:00:00,2020-04-21,0,0,0,0,0
0,0,0,2020-04-20 22:00:00,2020-04-20,0,0,0,0,0
0,0,0,2020-04-19 22:00:00,2020-04-19,0,0,0,0,0
0,0,0,2020-04-18 22:00:00,2020-04-18,0,0,0,0,0
0,0,0,2020-04-17 22:00:00,2020-04-17,0,0,0,0,0
0,0,0,2020-04-16 22:00:00,2020-04-16,0,0,0,0,0
0,0,0,2020-04-15 22:00:00,2020-04-15,0,0,0,0,0
0,0,0,2020-04-14 22:00:00,2020-04-14,0,0,0,0,0
0,0,0,2020-04-13 22:00:00,2020-04-13,0,0,0,0,0
0,0,0,2020-04-12 22:00:00,2020-04-12,0,0,0,0,0
0,0,0,2020-04-11 22:00:00,2020-04-11,0,0,0,0,0
0,0,0,2020-04-10 22:00:00,2020-04-10,0,0,0,0,0
0,0,0,2020-04-09 22:00:00,2020-04-09,0,0,0,0,0
0,0,0,2020-04-08 22:00:00,2020-04-08,0,0,0,0,0
0,0,0,2020-04-07 22:00:00,2020-04-07,0,0,0,0,0
0,0,0,2020-04-06 22:00:00,2020-04-06,0,0,0,0,0
0,0,0,2020-04-05 22:00:00,2020-04-05,0,0,0,0,0
0,0,0,2020-04-04 21:00:00,2020-04-04,0,0,0,0,0
0,0,0,2020-04-03 21:00:00,2020-04-03,0,0,0,0,0
0,0,0,2020-04-02 21:00:00,2020-04-02,0,0,0,0,0
0,0,0,2020-04-01 21:00:00,2020-04-01,0,0,0,0,0
0,0,0,2020-03-31 21:00:00,2020-03-31,0,0,0,0,0
0,0,0,2020-03-30 21:00:00,2020-03-30,0,0,0,0,0
0,0,0,2020-03-29 21:00:00,2020-03-29,0,0,0,0,0
0,0,0,2020-03-28 21:00:00,2020-03-28,0,0,0,0,0
0,0,0,2020-03-27 21:10:00,2020-03-27,0,0,0,0,0
0,0,0,2020-03-26 22:20:00,2020-03-26,0,0,0,0,0
0,0,0,2020-03-25 23:20:00,2020-03-25,0,0,0,0,0
0,0,0,2020-03-24 21:20:00,2020-03-24,0,0,0,0,0
0,0,0,2020-03-23 21:40:00,2020-03-23,0,0,0,0,0
0,0,0,2020-03-22 21:00:00,2020-03-22,0,0,0,0,0
0,0,0,2020-03-21 21:00:00,2020-03-21,0,0,0,0,0
0,0,0,2020-03-20 21:20:00,2020-03-20,0,0,0,0,0
0,0,0,2020-03-19 21:30:00,2020-03-19,0,0,0,0,0
0,0,0,2020-03-18 22:00:00,2020-03-18,0,0,0,0,0
0,0,0,2020-03-17 21:00:00,2020-03-17,0,0,0,0,0
0,0,0,2020-03-16 21:00:00,2020-03-16,0,0,0,0,0
0,0,0,2020-03-15 21:00:00,2020-03-15,0,0,0,0,0
0,0,0,2020-03-14 21:00:00,2020-03-14,0,0,0,0,0
0,0,0,2020-03-13 21:00:00,2020-03-13,0,0,0,0,0
0,0,0,2020-03-12 21:00:00,2020-03-12,0,0,0,0,0
0,0,0,2020-03-11 21:00:00,2020-03-11,0,0,0,0,0
0,0,0,2020-03-10 21:00:00,2020-03-10,0,0,0,0,0
0,0,0,2020-03-09 21:00:00,2020-03-09,0,0,0,0,0
0,0,0,2020-03-08 21:00:00,2020-03-08,0,0,0,0,0
0,0,0,2020-03-07 21:00:00,2020-03-07,0,0,0,0,0
0,0,0,2020-03-06 21:00:00,2020-03-06,0,0,0,0,0
0,0,0,2020-03-05 21:00:00,2020-03-05,0,0,0,0,0
0,0,0,2020-03-04 21:00:00,2020-03-04,0,0,0,0,0
0,0,0,2020-03-03 21:00:00,2020-03-03,0,0,0,0,0
0,0,0,2020-03-02 21:00:00,2020-03-02,0,0,0,0,0
0,0,0,2020-03-01 21:00:00,2020-03-01,0,0,0,0,0
0,0,0,2020-02-29 21:00:00,2020-02-29,0,0,0,0,0
0,0,0,2020-02-28 21:00:00,2020-02-28,0,0,0,0,0
0,0,0,2020-02-27 21:00:00,2020-02-27,0,0,0,0,0
0,0,0,2020-02-26 21:00:00,2020-02-26,0,0,0,0,0
0,0,0,2020-02-25 21:00:00,2020-02-25,0,0,0,0,0
0,0,0,2020-02-24 21:00:00,2020-02-24,0,0,0,0,0
0,0,0,2020-02-23 21:00:00,2020-02-23,0,0,0,0,0
0,0,0,2020-02-22 21:00:00,2020-02-22,0,0,0,0,0
0,0,0,2020-02-21 21:00:00,2020-02-21,0,0,0,0,0
0,0,0,2020-02-20 21:00:00,2020-02-20,0,0,0,0,0
0,0,0,2020-02-19 21:00:00,2020-02-19,0,0,0,0,0
0,0,0,2020-02-18 21:00:00,2020-02-18,0,0,0,0,0
0,0,0,2020-02-17 21:00:00,2020-02-17,0,0,0,0,0
0,0,0,2020-02-16 21:00:00,2020-02-16,0,0,0,0,0
0,0,0,2020-02-15 21:00:00,2020-02-15,0,0,0,0,0
0,0,0,2020-02-14 21:00:00,2020-02-14,0,0,0,0,0
0,0,0,2020-02-13 21:00:00,2020-02-13,0,0,0,0,0
0,0,0,2020-02-12 21:00:00,2020-02-12,0,0,0,0,0
0,0,0,2020-02-11 20:30:00,2020-02-11,0,0,0,0,0
0,0,0,2020-02-10 21:00:00,2020-02-10,0,0,0,0,0
0,0,0,2020-02-09 21:00:00,2020-02-09,0,0,0,0,0
0,0,0,2020-02-08 21:00:00,2020-02-08,0,0,0,0,0
0,0,0,2020-02-07 21:00:00,2020-02-07,0,0,0,0,0
0,0,0,2020-02-06 21:00:00,2020-02-06,0,0,0,0,0
0,0,0,2020-02-05 21:00:00,2020-02-05,0,0,0,0,0
0,0,0,2020-02-04 20:00:00,2020-02-04,0,0,0,0,0
0,0,0,2020-02-03 20:00:00,2020-02-03,0,0,0,0,0
0,0,0,2020-02-02 20:00:00,2020-02-02,0,0,0,0,0
0,0,0,2020-02-01 10:00:00,2020-02-01,0,0,0,0,0
0,0,0,2020-01-31 12:30:00,2020-01-31,0,0,0,0,0
0,0,0,2020-01-30 12:00:00,2020-01-30,0,0,0,0,0
0,0,0,2020-01-29 14:00:00,2020-01-29,0,0,0,0,0
0,0,0,2020-01-28 11:30:00,2020-01-28,0,0,0,0,0
0,0,0,2020-01-27 14:00:00,2020-01-27,0,0,0,0,0
0,0,0,2020-01-26 13:00:00,2020-01-26,0,0,0,0,0
0,0,0,2020-01-25 15:00:00,2020-01-25,0,0,0,0,0
0,0,0,2020-01-24 15:00:00,2020-01-24,0,0,0,0,0
0,0,0,2020-01-23 15:00:00,2020-01-23,0,0,0,0,0
0,0,0,2020-01-22 15:00:00,2020-01-22,0,0,0,0,0
0,0,0,2020-01-21 15:00:00,2020-01-21,0,0,0,0,0
