Confirmed,Recovered,Deaths,Date_last_updated_AEDT,date_day,New,DayElapsed,New_death,DayElapsed_death,New_recover
13469,5628,170,2020-08-06 22:00:00,2020-08-06,434,142,8,134,204
13035,5424,162,2020-08-05 22:00:00,2020-08-05,700,141,15,133,141
12335,5283,147,2020-08-04 22:00:00,2020-08-04,398,140,11,132,172
11937,5111,136,2020-08-03 22:00:00,2020-08-03,380,139,13,131,196
11557,4915,123,2020-08-02 22:00:00,2020-08-02,626,138,7,130,219
10931,4696,116,2020-08-01 22:00:00,2020-08-01,354,137,4,129,217
10577,4479,112,2020-07-31 22:00:00,2020-07-31,579,136,7,128,220
9998,4259,105,2020-07-30 22:00:00,2020-07-30,694,135,13,127,136
9304,4123,92,2020-07-29 22:00:00,2020-07-29,255,134,9,126,186
9049,3937,83,2020-07-28 22:00:00,2020-07-28,353,133,6,125,120
8696,3817,77,2020-07-27 22:00:00,2020-07-27,515,132,6,124,137
8181,3680,71,2020-07-26 22:00:00,2020-07-26,437,131,10,123,151
7744,3529,61,2020-07-25 22:00:00,2020-07-25,339,130,6,122,79
7405,3450,55,2020-07-24 22:00:00,2020-07-24,280,129,6,121,152
7125,3298,49,2020-07-23 22:00:00,2020-07-23,386,128,5,120,220
6739,3078,44,2020-07-22 22:00:00,2020-07-22,450,127,2,119,0
6289,3078,42,2020-07-21 22:00:00,2020-07-21,347,126,3,118,145
5942,2933,39,2020-07-20 22:00:00,2020-07-20,246,125,1,117,114
5696,2819,38,2020-07-19 22:00:00,2020-07-19,343,124,4,116,110
5353,2709,34,2020-07-18 22:00:00,2020-07-18,188,123,2,115,40
5165,2669,32,2020-07-17 22:00:00,2020-07-17,415,122,3,114,78
4750,2591,29,2020-07-16 22:00:00,2020-07-16,302,121,2,113,103
4448,2488,27,2020-07-15 22:00:00,2020-07-15,224,120,3,112,93
4224,2395,24,2020-07-14 22:00:00,2020-07-14,257,119,0,111,66
3967,2329,24,2020-07-13 22:00:00,2020-07-13,168,118,0,110,40
3799,2289,24,2020-07-12 22:00:00,2020-07-12,239,117,1,109,3
3560,2286,23,2020-07-11 22:00:00,2020-07-11,181,116,1,108,103
3379,2183,22,2020-07-10 22:00:00,2020-07-10,281,115,0,107,41
3098,2142,22,2020-07-09 22:00:00,2020-07-09,156,114,0,106,84
2942,2058,22,2020-07-08 22:00:00,2020-07-08,118,113,0,105,30
2824,2028,22,2020-07-07 22:00:00,2020-07-07,164,112,0,104,36
2660,1992,22,2020-07-06 22:00:00,2020-07-06,124,111,2,103,21
2536,1971,20,2020-07-05 22:00:00,2020-07-05,67,110,0,102,33
2469,1938,20,2020-07-04 22:00:00,2020-07-04,101,109,0,101,34
2368,1904,20,2020-07-03 22:00:00,2020-07-03,65,108,0,100,38
2303,1866,20,2020-07-02 22:00:00,2020-07-02,72,107,0,99,27
2231,1839,20,2020-07-01 22:00:00,2020-07-01,72,106,0,98,23
2159,1816,20,2020-06-30 22:00:00,2020-06-30,60,105,0,97,27
2099,1789,20,2020-06-29 22:00:00,2020-06-29,71,104,0,96,14
2028,1775,20,2020-06-28 22:00:00,2020-06-28,41,103,0,95,14
1987,1761,20,2020-06-27 22:00:00,2020-06-27,40,102,0,94,19
1947,1742,20,2020-06-26 22:00:00,2020-06-26,30,101,0,93,10
1917,1732,20,2020-06-25 22:00:00,2020-06-25,33,100,0,92,11
1884,1721,20,2020-06-24 22:00:00,2020-06-24,20,99,1,91,9
1864,1712,19,2020-06-23 22:00:00,2020-06-23,17,98,0,90,11
1847,1701,19,2020-06-22 22:00:00,2020-06-22,11,97,0,89,7
1836,1694,19,2020-06-21 22:00:00,2020-06-21,19,96,0,88,8
1817,1686,19,2020-06-20 22:00:00,2020-06-20,25,95,0,87,6
1792,1680,19,2020-06-19 22:00:00,2020-06-19,12,94,0,86,9
1780,1671,19,2020-06-18 22:00:00,2020-06-18,18,93,0,85,0
1762,1671,19,2020-06-17 22:00:00,2020-06-17,21,92,0,84,7
1741,1664,19,2020-06-16 22:00:00,2020-06-16,9,91,0,83,3
1732,1661,19,2020-06-15 22:00:00,2020-06-15,12,90,0,82,4
1720,1657,19,2020-06-14 22:00:00,2020-06-14,9,89,0,81,16
1711,1641,19,2020-06-13 22:00:00,2020-06-13,8,88,0,80,9
1703,1632,19,2020-06-12 22:00:00,2020-06-12,4,87,0,79,11
1699,1621,19,2020-06-11 22:00:00,2020-06-11,8,86,0,78,5
1691,1616,19,2020-06-10 22:00:00,2020-06-10,4,85,0,77,14
1687,1602,19,2020-06-09 22:00:00,2020-06-09,0,84,0,76,7
1687,1595,19,2020-06-08 22:00:00,2020-06-08,2,83,0,75,2
1685,1593,19,2020-06-07 22:00:00,2020-06-07,4,82,0,74,4
1681,1589,19,2020-06-06 22:00:00,2020-06-06,0,81,0,73,3
1681,1586,19,2020-06-05 22:00:00,2020-06-05,3,80,0,72,2
1678,1584,19,2020-06-04 22:00:00,2020-06-04,8,79,0,71,15
1670,1569,19,2020-06-03 22:00:00,2020-06-03,7,78,0,70,6
1663,1563,19,2020-06-02 22:00:00,2020-06-02,10,77,0,69,3
1653,1560,19,2020-06-01 22:00:00,2020-06-01,4,76,0,68,3
1649,1557,19,2020-05-31 22:00:00,2020-05-31,4,75,0,67,4
1645,1553,19,2020-05-30 22:00:00,2020-05-30,11,74,0,66,4
1634,1549,19,2020-05-29 22:00:00,2020-05-29,6,73,0,65,5
1628,1544,19,2020-05-28 22:00:00,2020-05-28,10,72,0,64,5
1618,1539,19,2020-05-27 22:00:00,2020-05-27,8,71,0,63,6
1610,1533,19,2020-05-26 22:00:00,2020-05-26,5,70,0,62,13
1605,1520,19,2020-05-25 22:00:00,2020-05-25,2,69,0,61,22
1603,1498,19,2020-05-24 22:00:00,2020-05-24,1,68,0,60,14
1602,1484,19,2020-05-23 22:00:00,2020-05-23,9,67,1,59,5
1593,1479,18,2020-05-22 22:00:00,2020-05-22,12,66,0,58,6
1581,1473,18,2020-05-21 22:00:00,2020-05-21,1,65,0,57,8
1580,1465,18,2020-05-20 22:00:00,2020-05-20,7,64,0,56,11
1573,1454,18,2020-05-19 22:00:00,2020-05-19,6,63,0,55,15
1567,1439,18,2020-05-18 22:00:00,2020-05-18,6,62,0,54,22
1561,1417,18,2020-05-17 22:00:00,2020-05-17,7,61,0,53,0
1554,1417,18,2020-05-16 22:00:00,2020-05-16,11,60,0,52,11
1543,1406,18,2020-05-15 22:00:00,2020-05-15,20,59,0,51,9
1523,1397,18,2020-05-14 22:00:00,2020-05-14,9,58,0,50,12
1514,1385,18,2020-05-13 22:00:00,2020-05-13,5,57,0,49,8
1509,1377,18,2020-05-12 22:00:00,2020-05-12,13,56,0,48,14
1496,1363,18,2020-05-11 22:00:00,2020-05-11,9,55,0,47,17
1487,1346,18,2020-05-10 22:00:00,2020-05-10,10,54,0,46,10
1477,1336,18,2020-05-09 22:00:00,2020-05-09,10,53,0,45,9
1467,1327,18,2020-05-08 22:00:00,2020-05-08,13,52,0,44,5
1454,1322,18,2020-05-07 22:00:00,2020-05-07,14,51,0,43,1
1440,1321,18,2020-05-06 22:00:00,2020-05-06,17,50,0,42,10
1423,1311,18,2020-05-05 22:00:00,2020-05-05,17,49,0,41,1
1406,1310,18,2020-05-04 22:00:00,2020-05-04,22,48,0,40,10
1384,1300,18,2020-05-03 22:00:00,2020-05-03,13,47,0,39,0
1371,1300,18,2020-05-02 22:00:00,2020-05-02,7,46,0,38,7
1364,1293,18,2020-05-01 22:00:00,2020-05-01,3,45,0,37,2
1361,1291,18,2020-04-30 22:00:00,2020-04-30,7,44,0,36,4
1354,1287,18,2020-04-29 22:00:00,2020-04-29,3,43,1,35,7
1351,1280,17,2020-04-28 22:00:00,2020-04-28,2,42,0,34,0
1349,1280,17,2020-04-27 22:00:00,2020-04-27,0,41,0,33,15
1349,1265,17,2020-04-26 22:00:00,2020-04-26,3,40,1,32,3
1346,1262,16,2020-04-25 22:00:00,2020-04-25,3,39,0,31,8
1343,1254,16,2020-04-24 22:00:00,2020-04-24,6,38,0,30,3
1337,1251,16,2020-04-23 22:00:00,2020-04-23,1,37,1,29,8
1336,1243,15,2020-04-22 22:00:00,2020-04-22,0,36,0,28,41
1336,1202,15,2020-04-21 22:00:00,2020-04-21,7,35,0,27,6
1329,1196,15,2020-04-20 22:00:00,2020-04-20,1,34,0,26,8
1328,1188,15,2020-04-19 22:00:00,2020-04-19,9,33,1,25,16
1319,1172,14,2020-04-18 22:00:00,2020-04-18,17,32,0,24,13
1302,1159,14,2020-04-17 22:00:00,2020-04-17,1,31,0,23,22
1301,1137,14,2020-04-16 22:00:00,2020-04-16,2,30,0,22,0
1299,1137,14,2020-04-15 22:00:00,2020-04-15,8,29,0,21,19
1291,1118,14,2020-04-14 22:00:00,2020-04-14,10,28,0,20,43
1281,1075,14,2020-04-13 22:00:00,2020-04-13,13,27,0,19,60
1268,1015,14,2020-04-12 22:00:00,2020-04-12,3,26,0,18,29
1265,986,14,2020-04-11 22:00:00,2020-04-11,24,25,1,17,60
1241,926,13,2020-04-10 22:00:00,2020-04-10,13,24,1,16,120
1228,806,12,2020-04-09 22:00:00,2020-04-09,16,23,0,15,70
1212,736,12,2020-04-08 22:00:00,2020-04-08,21,22,1,14,50
1191,686,11,2020-04-07 22:00:00,2020-04-07,33,21,1,13,113
1158,573,10,2020-04-06 21:00:00,2020-04-06,23,20,2,12,47
1135,526,8,2020-04-05 22:00:00,2020-04-05,20,19,0,11,50
1115,476,8,2020-04-04 21:00:00,2020-04-04,30,18,1,10,54
1085,422,7,2020-04-03 21:00:00,2020-04-03,49,17,1,9,0
1036,422,6,2020-04-02 21:00:00,2020-04-02,68,16,2,8,79
968,343,4,2020-04-01 21:00:00,2020-04-01,51,15,0,7,52
917,291,4,2020-03-31 21:00:00,2020-03-31,96,14,0,6,43
821,248,4,2020-03-30 21:00:00,2020-03-30,52,13,0,5,60
769,188,4,2020-03-29 21:00:00,2020-03-29,84,12,1,4,0
685,188,3,2020-03-28 21:00:00,2020-03-28,111,11,0,3,39
574,149,3,2020-03-27 21:10:00,2020-03-27,54,10,0,2,0
520,149,3,2020-03-26 22:20:00,2020-03-26,54,9,3,1,36
466,113,0,2020-03-25 23:20:00,2020-03-25,55,8,0,0,0
411,113,0,2020-03-24 21:20:00,2020-03-24,56,7,0,0,43
355,70,0,2020-03-23 21:40:00,2020-03-23,59,6,0,0,0
296,70,0,2020-03-22 21:00:00,2020-03-22,67,5,0,0,42
229,28,0,2020-03-21 21:00:00,2020-03-21,51,4,0,0,0
178,28,0,2020-03-20 21:20:00,2020-03-20,29,3,0,0,0
149,28,0,2020-03-19 21:30:00,2020-03-19,28,2,0,0,0
121,28,0,2020-03-18 22:00:00,2020-03-18,27,1,0,0,20
94,8,0,2020-03-17 21:00:00,2020-03-17,23,0,0,0,0
71,8,0,2020-03-16 21:00:00,2020-03-16,14,0,0,0,0
57,8,0,2020-03-15 21:00:00,2020-03-15,8,0,0,0,0
49,8,0,2020-03-14 21:00:00,2020-03-14,13,0,0,0,1
36,7,0,2020-03-13 21:00:00,2020-03-13,9,0,0,0,0
27,7,0,2020-03-12 21:00:00,2020-03-12,4,0,0,0,0
23,7,0,2020-03-11 21:00:00,2020-03-11,4,0,0,0,0
19,7,0,2020-03-10 21:00:00,2020-03-10,4,0,0,0,0
15,7,0,2020-03-09 21:00:00,2020-03-09,3,0,0,0,0
12,7,0,2020-03-08 21:00:00,2020-03-08,1,0,0,0,0
11,7,0,2020-03-07 21:00:00,2020-03-07,1,0,0,0,0
10,7,0,2020-03-06 21:00:00,2020-03-06,0,0,0,0,0
10,7,0,2020-03-05 21:00:00,2020-03-05,0,0,0,0,0
10,7,0,2020-03-04 21:00:00,2020-03-04,1,0,0,0,0
9,7,0,2020-03-03 21:00:00,2020-03-03,0,0,0,0,3
9,4,0,2020-03-02 21:00:00,2020-03-02,1,0,0,0,0
8,4,0,2020-03-01 21:00:00,2020-03-01,1,0,0,0,0
7,4,0,2020-02-29 21:00:00,2020-02-29,0,0,0,0,0
7,4,0,2020-02-28 21:00:00,2020-02-28,0,0,0,0,0
7,4,0,2020-02-27 21:00:00,2020-02-27,0,0,0,0,0
7,4,0,2020-02-26 21:00:00,2020-02-26,1,0,0,0,0
6,4,0,2020-02-25 21:00:00,2020-02-25,0,0,0,0,0
6,4,0,2020-02-24 21:00:00,2020-02-24,0,0,0,0,0
6,4,0,2020-02-23 21:00:00,2020-02-23,0,0,0,0,0
6,4,0,2020-02-22 21:00:00,2020-02-22,2,0,0,0,0
4,4,0,2020-02-21 21:00:00,2020-02-21,0,0,0,0,0
4,4,0,2020-02-20 21:00:00,2020-02-20,0,0,0,0,0
4,4,0,2020-02-19 21:00:00,2020-02-19,0,0,0,0,0
4,4,0,2020-02-18 21:00:00,2020-02-18,0,0,0,0,0
4,4,0,2020-02-17 21:00:00,2020-02-17,0,0,0,0,0
4,4,0,2020-02-16 21:00:00,2020-02-16,0,0,0,0,0
4,4,0,2020-02-15 21:00:00,2020-02-15,0,0,0,0,0
4,4,0,2020-02-14 21:00:00,2020-02-14,0,0,0,0,2
4,2,0,2020-02-13 21:00:00,2020-02-13,0,0,0,0,0
4,2,0,2020-02-12 21:00:00,2020-02-12,0,0,0,0,0
4,2,0,2020-02-11 20:30:00,2020-02-11,0,0,0,0,0
4,2,0,2020-02-10 21:00:00,2020-02-10,0,0,0,0,0
4,2,0,2020-02-09 21:00:00,2020-02-09,0,0,0,0,2
4,0,0,2020-02-08 21:00:00,2020-02-08,0,0,0,0,0
4,0,0,2020-02-07 21:00:00,2020-02-07,0,0,0,0,0
4,0,0,2020-02-06 21:00:00,2020-02-06,0,0,0,0,0
4,0,0,2020-02-05 21:00:00,2020-02-05,0,0,0,0,0
4,0,0,2020-02-04 20:00:00,2020-02-04,0,0,0,0,0
4,0,0,2020-02-03 20:00:00,2020-02-03,0,0,0,0,0
4,0,0,2020-02-02 20:00:00,2020-02-02,2,0,0,0,0
2,0,0,2020-02-01 10:00:00,2020-02-01,0,0,0,0,0
2,0,0,2020-01-31 12:30:00,2020-01-31,0,0,0,0,0
2,0,0,2020-01-30 12:00:00,2020-01-30,1,0,0,0,0
1,0,0,2020-01-29 14:00:00,2020-01-29,0,0,0,0,0
1,0,0,2020-01-28 11:30:00,2020-01-28,0,0,0,0,0
1,0,0,2020-01-27 14:00:00,2020-01-27,0,0,0,0,0
1,0,0,2020-01-26 13:00:00,2020-01-26,0,0,0,0,0
1,0,0,2020-01-25 15:00:00,2020-01-25,1,0,0,0,0
0,0,0,2020-01-24 15:00:00,2020-01-24,0,0,0,0,0
0,0,0,2020-01-23 15:00:00,2020-01-23,0,0,0,0,0
0,0,0,2020-01-22 15:00:00,2020-01-22,0,0,0,0,0
0,0,0,2020-01-21 15:00:00,2020-01-21,0,0,0,0,0
