Confirmed,Recovered,Deaths,Date_last_updated_AEDT,date_day,New,DayElapsed,New_death,DayElapsed_death,New_recover
642,626,9,2020-08-06 22:00:00,2020-08-06,0,138,0,126,0
642,626,9,2020-08-05 22:00:00,2020-08-05,1,137,0,125,0
641,626,9,2020-08-04 22:00:00,2020-08-04,0,136,0,124,0
641,626,9,2020-08-03 22:00:00,2020-08-03,0,135,0,123,2
641,624,9,2020-08-02 22:00:00,2020-08-02,-27,134,0,122,-26
668,650,9,2020-08-01 22:00:00,2020-08-01,2,133,0,121,0
666,650,9,2020-07-31 22:00:00,2020-07-31,1,132,0,120,0
665,650,9,2020-07-30 22:00:00,2020-07-30,4,131,0,119,3
661,647,9,2020-07-29 22:00:00,2020-07-29,2,130,0,118,0
659,647,9,2020-07-28 22:00:00,2020-07-28,1,129,0,117,0
658,647,9,2020-07-27 22:00:00,2020-07-27,0,128,0,116,3
658,644,9,2020-07-26 22:00:00,2020-07-26,2,127,0,115,11
656,633,9,2020-07-25 22:00:00,2020-07-25,2,126,0,114,0
654,633,9,2020-07-24 22:00:00,2020-07-24,0,125,0,113,2
654,631,9,2020-07-23 22:00:00,2020-07-23,3,124,0,112,5
651,626,9,2020-07-22 22:00:00,2020-07-22,0,123,0,111,1
651,625,9,2020-07-21 22:00:00,2020-07-21,0,122,0,110,3
651,622,9,2020-07-20 22:00:00,2020-07-20,0,121,0,109,4
651,618,9,2020-07-19 22:00:00,2020-07-19,0,120,0,108,1
651,617,9,2020-07-18 22:00:00,2020-07-18,3,119,0,107,4
648,613,9,2020-07-17 22:00:00,2020-07-17,2,118,0,106,3
646,610,9,2020-07-16 22:00:00,2020-07-16,2,117,0,105,4
644,606,9,2020-07-15 22:00:00,2020-07-15,8,116,0,104,0
636,606,9,2020-07-14 22:00:00,2020-07-14,1,115,0,103,0
635,606,9,2020-07-13 22:00:00,2020-07-13,0,114,0,102,2
635,604,9,2020-07-12 22:00:00,2020-07-12,1,113,0,101,0
634,604,9,2020-07-11 22:00:00,2020-07-11,4,112,0,100,2
630,602,9,2020-07-10 22:00:00,2020-07-10,3,111,0,99,0
627,602,9,2020-07-09 22:00:00,2020-07-09,3,110,0,98,0
624,602,9,2020-07-08 22:00:00,2020-07-08,3,109,0,97,2
621,600,9,2020-07-07 22:00:00,2020-07-07,0,108,0,96,0
621,600,9,2020-07-06 22:00:00,2020-07-06,3,107,0,95,0
618,600,9,2020-07-05 22:00:00,2020-07-05,6,106,0,94,0
612,600,9,2020-07-04 22:00:00,2020-07-04,1,105,0,93,2
611,598,9,2020-07-03 22:00:00,2020-07-03,0,104,0,92,0
611,598,9,2020-07-02 22:00:00,2020-07-02,0,103,0,91,0
611,598,9,2020-07-01 22:00:00,2020-07-01,0,102,0,90,0
611,598,9,2020-06-30 22:00:00,2020-06-30,2,101,0,89,2
609,596,9,2020-06-29 22:00:00,2020-06-29,0,100,0,88,1
609,595,9,2020-06-28 22:00:00,2020-06-28,1,99,0,87,0
608,595,9,2020-06-27 22:00:00,2020-06-27,0,98,0,86,0
608,595,9,2020-06-26 22:00:00,2020-06-26,0,97,0,85,0
608,595,9,2020-06-25 22:00:00,2020-06-25,1,96,0,84,1
607,594,9,2020-06-24 22:00:00,2020-06-24,0,95,0,83,0
607,594,9,2020-06-23 22:00:00,2020-06-23,2,94,0,82,1
605,593,9,2020-06-22 22:00:00,2020-06-22,0,93,0,81,0
605,593,9,2020-06-21 22:00:00,2020-06-21,1,92,0,80,0
604,593,9,2020-06-20 22:00:00,2020-06-20,1,91,0,79,1
603,592,9,2020-06-19 22:00:00,2020-06-19,0,90,0,78,0
603,592,9,2020-06-18 22:00:00,2020-06-18,1,89,0,77,0
602,592,9,2020-06-17 22:00:00,2020-06-17,0,88,0,76,1
602,591,9,2020-06-16 22:00:00,2020-06-16,0,87,0,75,0
602,591,9,2020-06-15 22:00:00,2020-06-15,0,86,0,74,9
602,582,9,2020-06-14 22:00:00,2020-06-14,0,85,0,73,7
602,575,9,2020-06-13 22:00:00,2020-06-13,0,84,0,72,0
602,575,9,2020-06-12 22:00:00,2020-06-12,1,83,0,71,4
601,571,9,2020-06-11 22:00:00,2020-06-11,0,82,0,70,7
601,564,9,2020-06-10 22:00:00,2020-06-10,2,81,0,69,4
599,560,9,2020-06-09 22:00:00,2020-06-09,0,80,0,68,1
599,559,9,2020-06-08 22:00:00,2020-06-08,0,79,0,67,0
599,559,9,2020-06-07 22:00:00,2020-06-07,0,78,0,66,0
599,559,9,2020-06-06 22:00:00,2020-06-06,3,77,0,65,2
596,557,9,2020-06-05 22:00:00,2020-06-05,4,76,0,64,0
592,557,9,2020-06-04 22:00:00,2020-06-04,0,75,0,63,0
592,557,9,2020-06-03 22:00:00,2020-06-03,1,74,0,62,4
591,553,9,2020-06-02 22:00:00,2020-06-02,0,73,0,61,0
591,553,9,2020-06-01 22:00:00,2020-06-01,2,72,0,60,1
589,552,9,2020-05-31 22:00:00,2020-05-31,3,71,0,59,0
586,552,9,2020-05-30 22:00:00,2020-05-30,1,70,0,58,1
585,551,9,2020-05-29 22:00:00,2020-05-29,8,69,0,57,1
577,550,9,2020-05-28 22:00:00,2020-05-28,7,68,0,56,1
570,549,9,2020-05-27 22:00:00,2020-05-27,0,67,0,55,0
570,549,9,2020-05-26 22:00:00,2020-05-26,6,66,0,54,0
564,549,9,2020-05-25 22:00:00,2020-05-25,4,65,0,53,0
560,549,9,2020-05-24 22:00:00,2020-05-24,0,64,0,52,0
560,549,9,2020-05-23 22:00:00,2020-05-23,3,63,0,51,4
557,545,9,2020-05-22 22:00:00,2020-05-22,0,62,0,50,0
557,545,9,2020-05-21 22:00:00,2020-05-21,0,61,0,49,0
557,545,9,2020-05-20 22:00:00,2020-05-20,0,60,0,48,0
557,545,9,2020-05-19 22:00:00,2020-05-19,0,59,0,47,0
557,545,9,2020-05-18 22:00:00,2020-05-18,0,58,0,46,2
557,543,9,2020-05-17 22:00:00,2020-05-17,1,57,0,45,2
556,541,9,2020-05-16 22:00:00,2020-05-16,2,56,0,44,3
554,538,9,2020-05-15 22:00:00,2020-05-15,0,55,0,43,0
554,538,9,2020-05-14 22:00:00,2020-05-14,1,54,0,42,0
553,538,9,2020-05-13 22:00:00,2020-05-13,0,53,0,41,1
553,537,9,2020-05-12 22:00:00,2020-05-12,1,52,0,40,1
552,536,9,2020-05-11 22:00:00,2020-05-11,0,51,0,39,0
552,536,9,2020-05-10 22:00:00,2020-05-10,0,50,0,38,0
552,536,9,2020-05-09 22:00:00,2020-05-09,0,49,0,37,2
552,534,9,2020-05-08 22:00:00,2020-05-08,1,48,0,36,3
551,531,9,2020-05-07 22:00:00,2020-05-07,0,47,1,35,3
551,528,8,2020-05-06 22:00:00,2020-05-06,0,46,0,34,0
551,528,8,2020-05-05 22:00:00,2020-05-05,0,45,0,33,1
551,527,8,2020-05-04 22:00:00,2020-05-04,0,44,0,32,4
551,523,8,2020-05-03 22:00:00,2020-05-03,0,43,0,31,3
551,520,8,2020-05-02 22:00:00,2020-05-02,0,42,0,30,9
551,511,8,2020-05-01 22:00:00,2020-05-01,0,41,0,29,4
551,507,8,2020-04-30 22:00:00,2020-04-30,0,40,0,28,7
551,500,8,2020-04-29 22:00:00,2020-04-29,1,39,0,27,14
550,486,8,2020-04-28 22:00:00,2020-04-28,1,38,0,26,0
549,486,8,2020-04-27 22:00:00,2020-04-27,0,37,0,25,0
549,486,8,2020-04-26 22:00:00,2020-04-26,0,36,0,24,8
549,478,8,2020-04-25 22:00:00,2020-04-25,1,35,0,23,14
548,464,8,2020-04-24 22:00:00,2020-04-24,2,34,1,22,6
546,458,7,2020-04-23 22:00:00,2020-04-23,0,33,0,21,7
546,451,7,2020-04-22 22:00:00,2020-04-22,0,32,0,20,8
546,443,7,2020-04-21 22:00:00,2020-04-21,1,31,0,19,8
545,435,7,2020-04-20 22:00:00,2020-04-20,0,30,0,18,9
545,426,7,2020-04-19 22:00:00,2020-04-19,1,29,0,17,38
544,388,7,2020-04-18 22:00:00,2020-04-18,3,28,0,16,11
541,377,7,2020-04-17 22:00:00,2020-04-17,6,27,1,15,37
535,340,6,2020-04-16 22:00:00,2020-04-16,3,26,0,14,2
532,338,6,2020-04-15 22:00:00,2020-04-15,5,25,0,13,42
527,296,6,2020-04-14 22:00:00,2020-04-14,4,24,0,12,45
523,251,6,2020-04-13 22:00:00,2020-04-13,6,23,0,11,12
517,239,6,2020-04-12 22:00:00,2020-04-12,3,22,0,10,23
514,216,6,2020-04-11 22:00:00,2020-04-11,8,21,0,9,13
506,203,6,2020-04-10 22:00:00,2020-04-10,11,20,0,8,33
495,170,6,2020-04-09 22:00:00,2020-04-09,14,19,0,7,0
481,170,6,2020-04-08 22:00:00,2020-04-08,11,18,0,6,0
470,170,6,2020-04-07 22:00:00,2020-04-07,10,17,2,5,22
460,148,4,2020-04-06 21:00:00,2020-04-06,7,16,1,4,56
453,92,3,2020-04-05 22:00:00,2020-04-05,17,15,0,3,0
436,92,3,2020-04-04 21:00:00,2020-04-04,14,14,0,2,0
422,92,3,2020-04-03 21:00:00,2020-04-03,22,13,1,1,0
400,92,2,2020-04-02 21:00:00,2020-04-02,8,12,0,0,28
392,64,2,2020-04-01 21:00:00,2020-04-01,28,11,0,0,16
364,48,2,2020-03-31 21:00:00,2020-03-31,9,10,0,0,7
355,41,2,2020-03-30 21:00:00,2020-03-30,43,9,0,0,13
312,28,2,2020-03-29 21:00:00,2020-03-29,34,8,0,0,0
278,28,2,2020-03-28 21:00:00,2020-03-28,23,7,1,0,5
255,23,1,2020-03-27 21:10:00,2020-03-27,24,6,0,0,0
231,23,1,2020-03-26 22:20:00,2020-03-26,26,5,0,0,22
205,1,1,2020-03-25 23:20:00,2020-03-25,30,4,0,0,0
175,1,1,2020-03-24 21:20:00,2020-03-24,35,3,0,0,0
140,1,1,2020-03-23 21:40:00,2020-03-23,20,2,0,0,0
120,1,1,2020-03-22 21:00:00,2020-03-22,30,1,0,0,0
90,1,1,2020-03-21 21:00:00,2020-03-21,26,0,0,0,0
64,1,1,2020-03-20 21:20:00,2020-03-20,12,0,0,0,0
52,1,1,2020-03-19 21:30:00,2020-03-19,17,0,0,0,0
35,1,1,2020-03-18 22:00:00,2020-03-18,4,0,0,0,0
31,1,1,2020-03-17 21:00:00,2020-03-17,3,0,0,0,0
28,1,1,2020-03-16 21:00:00,2020-03-16,11,0,0,0,0
17,1,1,2020-03-15 21:00:00,2020-03-15,0,0,0,0,0
17,1,1,2020-03-14 21:00:00,2020-03-14,3,0,0,0,0
14,1,1,2020-03-13 21:00:00,2020-03-13,5,0,0,0,0
9,1,1,2020-03-12 21:00:00,2020-03-12,0,0,0,0,0
9,1,1,2020-03-11 21:00:00,2020-03-11,3,0,0,0,0
6,1,1,2020-03-10 21:00:00,2020-03-10,0,0,0,0,0
6,1,1,2020-03-09 21:00:00,2020-03-09,2,0,0,0,0
4,1,1,2020-03-08 21:00:00,2020-03-08,1,0,0,0,1
3,0,1,2020-03-07 21:00:00,2020-03-07,0,0,0,0,0
3,0,1,2020-03-06 21:00:00,2020-03-06,0,0,0,0,0
3,0,1,2020-03-05 21:00:00,2020-03-05,1,0,0,0,0
2,0,1,2020-03-04 21:00:00,2020-03-04,0,0,0,0,0
2,0,1,2020-03-03 21:00:00,2020-03-03,0,0,0,0,0
2,0,1,2020-03-02 21:00:00,2020-03-02,0,0,0,0,0
2,0,1,2020-03-01 21:00:00,2020-03-01,0,0,1,0,0
2,0,0,2020-02-29 21:00:00,2020-02-29,0,0,0,0,0
2,0,0,2020-02-28 21:00:00,2020-02-28,1,0,0,0,0
1,0,0,2020-02-27 21:00:00,2020-02-27,0,0,0,0,0
1,0,0,2020-02-26 21:00:00,2020-02-26,0,0,0,0,0
1,0,0,2020-02-25 21:00:00,2020-02-25,0,0,0,0,0
1,0,0,2020-02-24 21:00:00,2020-02-24,0,0,0,0,0
1,0,0,2020-02-23 21:00:00,2020-02-23,0,0,0,0,0
1,0,0,2020-02-22 21:00:00,2020-02-22,0,0,0,0,0
1,0,0,2020-02-21 21:00:00,2020-02-21,1,0,0,0,0
0,0,0,2020-02-20 21:00:00,2020-02-20,0,0,0,0,0
0,0,0,2020-02-19 21:00:00,2020-02-19,0,0,0,0,0
0,0,0,2020-02-18 21:00:00,2020-02-18,0,0,0,0,0
0,0,0,2020-02-17 21:00:00,2020-02-17,0,0,0,0,0
0,0,0,2020-02-16 21:00:00,2020-02-16,0,0,0,0,0
0,0,0,2020-02-15 21:00:00,2020-02-15,0,0,0,0,0
0,0,0,2020-02-14 21:00:00,2020-02-14,0,0,0,0,0
0,0,0,2020-02-13 21:00:00,2020-02-13,0,0,0,0,0
0,0,0,2020-02-12 21:00:00,2020-02-12,0,0,0,0,0
0,0,0,2020-02-11 20:30:00,2020-02-11,0,0,0,0,0
0,0,0,2020-02-10 21:00:00,2020-02-10,0,0,0,0,0
0,0,0,2020-02-09 21:00:00,2020-02-09,0,0,0,0,0
0,0,0,2020-02-08 21:00:00,2020-02-08,0,0,0,0,0
0,0,0,2020-02-07 21:00:00,2020-02-07,0,0,0,0,0
0,0,0,2020-02-06 21:00:00,2020-02-06,0,0,0,0,0
0,0,0,2020-02-05 21:00:00,2020-02-05,0,0,0,0,0
0,0,0,2020-02-04 20:00:00,2020-02-04,0,0,0,0,0
0,0,0,2020-02-03 20:00:00,2020-02-03,0,0,0,0,0
0,0,0,2020-02-02 20:00:00,2020-02-02,0,0,0,0,0
0,0,0,2020-02-01 10:00:00,2020-02-01,0,0,0,0,0
0,0,0,2020-01-31 12:30:00,2020-01-31,0,0,0,0,0
0,0,0,2020-01-30 12:00:00,2020-01-30,0,0,0,0,0
0,0,0,2020-01-29 14:00:00,2020-01-29,0,0,0,0,0
0,0,0,2020-01-28 11:30:00,2020-01-28,0,0,0,0,0
0,0,0,2020-01-27 14:00:00,2020-01-27,0,0,0,0,0
0,0,0,2020-01-26 13:00:00,2020-01-26,0,0,0,0,0
0,0,0,2020-01-25 15:00:00,2020-01-25,0,0,0,0,0
0,0,0,2020-01-24 15:00:00,2020-01-24,0,0,0,0,0
0,0,0,2020-01-23 15:00:00,2020-01-23,0,0,0,0,0
0,0,0,2020-01-22 15:00:00,2020-01-22,0,0,0,0,0
0,0,0,2020-01-21 15:00:00,2020-01-21,0,0,0,0,0
